Id_Group	Score	Indexes
G_1 -0.2782 35   36   37   38   39   40   41   42   43   44   45   46   47   48   49   50   51   52   53   54   55   56   57   58   59   60   61   62   63   64   65   66   67   68   69   70   71   72   73   74   75   76   77   78   79   80   81   82   83   84   85   86   87   88   89   90   91   92   93   94   95   96   97   98   99  100  101  102  103  104  105  106  107  108  109  110  111  112  113  114  115  116  117  118  119  120  121  122  123  124  125  126  127  128  129  130  131  132  133  134  135  136  137  138  139  140
G_2 -0.40904 48   49   50   51   52   53   54   55   56   57   58   59   60   61   62   63   64   65   66   67   68   69   70   71   72   73   74   75   76   77   78   79   80   81   82   83   84   85   86   87   88   89   90   91   92   93   94   95   96   97   98   99  100  101  102  103  104  105  106  107  108  109  110  111  112  113  114  115  116  117  118  119  120  121  122  123  124  125  126  127  128  129  130  131  132  133  134  135  136  137  138  139  140
G_3 -1.0098 90   91   92   93   94   95   96   97   98   99  100  101  102  103  104  105  106  107  108  109  110  111  112  113  114  115  116  117  118  119  120  121  122  123  124  125  126  127  128  129  130  131  132  133  134  135  136  137  138  139  140
G_4 -1.1575 97   98   99  100  101  102  103  104  105  106  107  108  109  110  111  112  113  114  115  116  117  118  119  120  121  122  123  124  125  126  127  128  129  130  131  132  133  134  135  136  137  138  139  140
G_5 -1.1804 98   99  100  101  102  103  104  105  106  107  108  109  110  111  112  113  114  115  116  117  118  119  120  121  122  123  124  125  126  127  128  129  130  131  132  133  134  135  136  137  138  139  140
G_6 -1.204 99  100  101  102  103  104  105  106  107  108  109  110  111  112  113  114  115  116  117  118  119  120  121  122  123  124  125  126  127  128  129  130  131  132  133  134  135  136  137  138  139  140
G_7 -1.204 48  49  50  51  52  53  54  55  56  57  58  59  60  61  62  63  64  65  66  67  68  69  70  71  72  73  74  75  76  77  78  79  80  81  82  83  84  85  86  87  88  89
G_8 -1.2281 100  101  102  103  104  105  106  107  108  109  110  111  112  113  114  115  116  117  118  119  120  121  122  123  124  125  126  127  128  129  130  131  132  133  134  135  136  137  138  139  140
G_9 -1.3041 52  53  54  55  56  57  58  59  60  61  62  63  64  65  66  67  68  69  70  71  72  73  74  75  76  77  78  79  80  81  82  83  84  85  86  87  88  89
G_10 -1.4153 1   2   3   4   5   6   7   8   9  10  11  12  13  14  15  16  17  18  19  20  21  22  23  24  25  26  27  28  29  30  31  32  33  34
G_11 -1.4759 58  59  60  61  62  63  64  65  66  67  68  69  70  71  72  73  74  75  76  77  78  79  80  81  82  83  84  85  86  87  88  89
G_12 -1.6094 100  101  102  103  104  105  106  107  108  109  110  111  112  113  114  115  116  117  118  119  120  121  122  123  124  125  126  127
G_13 -1.6458 1   2   3   4   5   6   7   8   9  10  11  12  13  14  15  16  17  18  19  20  21  22  23  24  25  26  27
G_14 -1.6835 2   3   4   5   6   7   8   9  10  11  12  13  14  15  16  17  18  19  20  21  22  23  24  25  26  27
G_15 -1.7636 66  67  68  69  70  71  72  73  74  75  76  77  78  79  80  81  82  83  84  85  86  87  88  89
G_16 -2.0513 110  111  112  113  114  115  116  117  118  119  120  121  122  123  124  125  126  127
G_17 -2.0513 66  67  68  69  70  71  72  73  74  75  76  77  78  79  80  81  82  83
G_18 -2.3026 114  115  116  117  118  119  120  121  122  123  124  125  126  127
G_19 -2.3026 2   3   4   5   6   7   8   9  10  11  12  13  14  15
G_20 -2.3767 128  129  130  131  132  133  134  135  136  137  138  139  140
G_21 -2.3767 35  36  37  38  39  40  41  42  43  44  45  46  47
G_22 -2.4567 129  130  131  132  133  134  135  136  137  138  139  140
G_23 -2.4567 116  117  118  119  120  121  122  123  124  125  126  127
G_24 -2.4567 16  17  18  19  20  21  22  23  24  25  26  27
G_25 -2.4567 4   5   6   7   8   9  10  11  12  13  14  15
G_26 -2.5437 117  118  119  120  121  122  123  124  125  126  127
G_27 -2.5437 5   6   7   8   9  10  11  12  13  14  15
G_28 -2.6391 100  101  102  103  104  105  106  107  108  109
G_29 -2.6391 74  75  76  77  78  79  80  81  82  83
G_30 -2.6391 35  36  37  38  39  40  41  42  43  44
G_31 -2.7444 132  133  134  135  136  137  138  139  140
G_32 -2.7444 36  37  38  39  40  41  42  43  44
G_33 -2.8622 120  121  122  123  124  125  126  127
G_34 -2.8622 74  75  76  77  78  79  80  81
G_35 -2.8622 66  67  68  69  70  71  72  73
G_36 -2.8622 58  59  60  61  62  63  64  65
G_37 -2.8622 16  17  18  19  20  21  22  23
G_38 -2.8622 8   9  10  11  12  13  14  15
G_39 -2.9957 90  91  92  93  94  95  96
G_40 -2.9957 75  76  77  78  79  80  81
G_41 -2.9957 67  68  69  70  71  72  73
G_42 -2.9957 59  60  61  62  63  64  65
G_43 -2.9957 38  39  40  41  42  43  44
G_44 -2.9957 28  29  30  31  32  33  34
G_45 -2.9957 17  18  19  20  21  22  23
G_46 -2.9957 9  10  11  12  13  14  15
G_47 -3.1499 135  136  137  138  139  140
G_48 -3.1499 122  123  124  125  126  127
G_49 -3.1499 104  105  106  107  108  109
G_50 -3.1499 91  92  93  94  95  96
G_51 -3.1499 84  85  86  87  88  89
G_52 -3.1499 68  69  70  71  72  73
G_53 -3.1499 52  53  54  55  56  57
G_54 -3.1499 39  40  41  42  43  44
G_55 -3.1499 10  11  12  13  14  15
G_56 -3.3322 136  137  138  139  140
G_57 -3.3322 92  93  94  95  96
G_58 -3.3322 77  78  79  80  81
G_59 -3.3322 61  62  63  64  65
G_60 -3.3322 40  41  42  43  44
G_61 -3.3322 30  31  32  33  34
G_62 -3.3322 19  20  21  22  23
G_63 -3.5553 110  111  112  113
G_64 -3.5553 100  101  102  103
G_65 -3.5553 93  94  95  96
G_66 -3.5553 86  87  88  89
G_67 -3.5553 78  79  80  81
G_68 -3.5553 70  71  72  73
G_69 -3.5553 48  49  50  51
G_70 -3.5553 31  32  33  34
G_71 -3.5553 24  25  26  27
G_72 -3.843 136  137  138
G_73 -3.843 132  133  134
G_74 -3.843 129  130  131
G_75 -3.843 125  126  127
G_76 -3.843 122  123  124
G_77 -3.843 117  118  119
G_78 -3.843 111  112  113
G_79 -3.843 107  108  109
G_80 -3.843 104  105  106
G_81 -3.843 101  102  103
G_82 -3.843 94  95  96
G_83 -3.843 87  88  89
G_84 -3.843 71  72  73
G_85 -3.843 63  64  65
G_86 -3.843 55  56  57
G_87 -3.843 52  53  54
G_88 -3.843 49  50  51
G_89 -3.843 45  46  47
G_90 -3.843 40  41  42
G_91 -3.843 25  26  27
G_92 -3.843 19  20  21
G_93 -3.843 13  14  15
G_94 -3.843 10  11  12
G_95 -3.843 5  6  7
