0000000949
0000000950
0000000951
0000000952
0000000953
0000000954
0000000955
0000000956
0000000957
0000000958
0000000959
0000000960
0000000961
0000000962
0000000963
0000000964
0000000965
0000000966
0000000967
0000000968
0000000969
0000000970
0000000971
0000000972
0000000973
0000000974
0000000975
0000000976
0000000977
0000000978
0000000979
0000000980
0000000981
0000000982
0000000983
0000000984
0000000985
0000000986
0000000987
0000000988
0000000989
0000000990
0000000991
0000000992
0000000993
0000000994
0000000995
0000000996
0000000997
0000000998
0000000999
0000001000
0000001001
0000001002
0000001003
0000001004
0000001005
0000001006
0000001007
0000001008
0000001009
0000001010
0000001011
0000001012
0000001013
0000001014
0000001015
0000001016
0000001017
0000001018
0000001019
0000001020
0000001021
0000001022
0000001023
0000001024
0000001025
0000001026
0000001027
PLCD1_ARATH
PLCD2_ARATH
PLCD3_ARATH
PLCD4_ARATH
PLCD5_ARATH
PLCD6_ARATH
PLCD7_ARATH
PLCD8_ARATH
PLCD9_ARATH

