0000000442
0000000443
0000000444
0000000445
0000000446
0000000447
0000000448
0000000449
0000000450
0000000451
0000000452
0000000453
0000000454
0000000455
0000000456
0000000457
0000000458
0000000459
0000000460
0000000461
0000000462
0000000463
0000000464
0000000465
0000000466
0000000467
0000000468
0000000469
0000000470
0000000471
0000000472
0000000473
0000000474
0000000475
0000000476
0000000477
0000000478
0000000479
0000000480
0000000481
0000000482
0000000483
0000000484
0000000485
0000000486
0000000487
0000000488
0000000489
0000000490
0000000491
0000000492
0000000493
0000000494
0000000495
0000000496
0000000497
0000000498
0000000499
0000000500
0000000501
0000000502
0000000503
0000000504
0000000505
0000000506
0000000507
0000000508
0000000509
0000000510
0000000511
0000000512
0000000513
0000000514
0000000515
0000000516
0000000517
0000000518
0000000519
0000000520
0000000521
0000000522
0000000523
0000000524
0000000525
0000000526
0000000527
0000000528
0000000529
0000000530
0000000531
0000000532
0000000533
0000000534
0000000535
0000000536
0000000537
0000000538
0000000539
0000000540
0000000541
0000000542
0000000543
0000000544
0000000545
0000000546
0000000547
0000000548
0000000549
0000000550
0000000551
0000000552
0000000553
0000000554
0000000555
0000000556
0000000557
0000000558
0000000559
0000000560
0000000561
0000000562
0000000563
0000000564
0000000565
0000000566
0000000567
0000000568
0000000569
0000000570
0000000571
0000000572
0000000573
0000000574
0000000575
0000000576
0000000577
0000000578
0000000579
0000000580
0000000581
0000000582
0000000583
0000000584
0000000585
0000000586
0000000587
0000000588
0000000589
0000000590
0000000591
0000000592
0000000593
0000000594
0000000595
0000000596
0000000597
0000000598
0000000599
0000000600
0000000601
0000000602
0000000603
0000000604
0000000605
0000000606
0000000607
0000000608
0000000609
0000000610
0000000611
0000000612
0000000613
0000000614
0000000615
0000000616
0000000617
0000000618
0000000619
0000000620
0000000621
0000000622
0000000623
0000000624
0000000625
0000000626
0000000627
0000000628
0000000629
0000000630
0000000631
0000000632
0000000633
0000000634
0000000635
0000000636
0000000637
0000000638
0000000639
0000000640
0000000641
0000000642
0000000643
0000000644
0000000645
0000000646
0000000647
0000000648
0000000649
0000000650
0000000651
0000000652
0000000653
0000000654
0000000655
0000000656
0000000657
0000000658
0000000659
0000000660
0000000661
0000000662
0000000663
0000000664
0000000665
0000000666
0000000667
0000000668
0000000669
0000000670
0000000671
0000000672
0000000673
0000000674
0000000675
0000000676
0000000677
0000000678
0000000679
0000000680
0000000681
0000000682
0000000683
0000000684
0000000685
0000000686
0000000688
0000000689
PIP1_DROME
PIPA_DROME
PLCB1_BOVIN
PLCB1_HUMAN
PLCB1_MOUSE
PLCB1_RAT
PLCB2_HUMAN
PLCB2_MOUSE
PLCB2_RAT
PLCB3_HUMAN
PLCB3_MOUSE
PLCB3_RAT
PLCB4_BOVIN
PLCB4_HUMAN
PLCB4_RAT
PLCB_CAEEL

