0000000690
0000000691
0000000692
0000000693
0000000694
0000000695
0000000696
0000000697
0000000698
0000000699
0000000700
0000000701
0000000702
0000000703
0000000704
0000000705
0000000706
0000000707
0000000708
0000000709
0000000710
0000000711
0000000712
0000000713
0000000714
0000000715
0000000716
0000000717
0000000718
0000000719
0000000720
0000000721
0000000722
0000000723
0000000724
0000000725
0000000726
0000000727
0000000728
0000000729
0000000730
0000000731
0000000732
0000000733
0000000734
0000000735
0000000736
0000000737
0000000738
0000000739
0000000740
0000000741
0000000742
0000000743
PLCE1_HUMAN
PLCE1_MOUSE
PLCE1_RAT

