Id_Group	Score	Indexes
G_1 -0.038715 4   5   6   7   8   9  10  11  12  13  14  15  16  17  18  19  20  21  22  23  24  25  26  27  28  29  30  31  32  33  34  35  36  37  38  39  40  41  42  43  44  45  46  47  48  49  50  51  52  53  54  55  56  57  58  59  60  61  62  63  64  65  66  67  68  69  70  71  72  73  74  75  76  77  78  79
G_2 -0.16476 13  14  15  16  17  18  19  20  21  22  23  24  25  26  27  28  29  30  31  32  33  34  35  36  37  38  39  40  41  42  43  44  45  46  47  48  49  50  51  52  53  54  55  56  57  58  59  60  61  62  63  64  65  66  67  68  69  70  71  72  73  74  75  76  77  78  79
G_3 -0.22631 13  14  15  16  17  18  19  20  21  22  23  24  25  26  27  28  29  30  31  32  33  34  35  36  37  38  39  40  41  42  43  44  45  46  47  48  49  50  51  52  53  54  55  56  57  58  59  60  61  62  63  64  65  66  67  68  69  70  71  72  73  74  75
G_4 -0.3264 13  14  15  16  17  18  19  20  21  22  23  24  25  26  27  28  29  30  31  32  33  34  35  36  37  38  39  40  41  42  43  44  45  46  47  48  49  50  51  52  53  54  55  56  57  58  59  60  61  62  63  64  65  66  67  68  69
G_5 -0.45742 13  14  15  16  17  18  19  20  21  22  23  24  25  26  27  28  29  30  31  32  33  34  35  36  37  38  39  40  41  42  43  44  45  46  47  48  49  50  51  52  53  54  55  56  57  58  59  60  61  62
G_6 -0.93546 32  33  34  35  36  37  38  39  40  41  42  43  44  45  46  47  48  49  50  51  52  53  54  55  56  57  58  59  60  61  62
G_7 -1.2784 41  42  43  44  45  46  47  48  49  50  51  52  53  54  55  56  57  58  59  60  61  62
G_8 -1.425 13  14  15  16  17  18  19  20  21  22  23  24  25  26  27  28  29  30  31
G_9 -1.5969 16  17  18  19  20  21  22  23  24  25  26  27  28  29  30  31
G_10 -1.6614 41  42  43  44  45  46  47  48  49  50  51  52  53  54  55
G_11 -1.9716 41  42  43  44  45  46  47  48  49  50  51
G_12 -1.9716 21  22  23  24  25  26  27  28  29  30  31
G_13 -2.0669 22  23  24  25  26  27  28  29  30  31
G_14 -2.1722 32  33  34  35  36  37  38  39  40
G_15 -2.1722 4   5   6   7   8   9  10  11  12
G_16 -2.29 44  45  46  47  48  49  50  51
G_17 -2.29 5   6   7   8   9  10  11  12
G_18 -2.4235 63  64  65  66  67  68  69
G_19 -2.4235 56  57  58  59  60  61  62
G_20 -2.4235 45  46  47  48  49  50  51
G_21 -2.4235 22  23  24  25  26  27  28
G_22 -2.4235 5   6   7   8   9  10  11
G_23 -2.5777 70  71  72  73  74  75
G_24 -2.5777 57  58  59  60  61  62
G_25 -2.76 70  71  72  73  74
G_26 -2.76 45  46  47  48  49
G_27 -2.76 32  33  34  35  36
G_28 -2.76 16  17  18  19  20
G_29 -2.9832 76  77  78  79
G_30 -2.9832 66  67  68  69
G_31 -2.9832 59  60  61  62
G_32 -2.9832 52  53  54  55
G_33 -2.9832 37  38  39  40
G_34 -2.9832 25  26  27  28
G_35 -2.9832 16  17  18  19
G_36 -2.9832 8   9  10  11
G_37 -3.2708 72  73  74
G_38 -3.2708 66  67  68
G_39 -3.2708 63  64  65
G_40 -3.2708 53  54  55
G_41 -3.2708 45  46  47
G_42 -3.2708 41  42  43
G_43 -3.2708 32  33  34
G_44 -3.2708 29  30  31
G_45 -3.2708 26  27  28
G_46 -3.2708 22  23  24
G_47 -3.2708 16  17  18
G_48 -3.2708 13  14  15
G_49 -3.2708 5  6  7
G_50 -3.2708 1  2  3
G_51 -3.6763 78  79
G_52 -3.6763 76  77
G_53 -3.6763 72  73
G_54 -3.6763 70  71
G_55 -3.6763 67  68
G_56 -3.6763 63  64
G_57 -3.6763 61  62
G_58 -3.6763 59  60
G_59 -3.6763 57  58
G_60 -3.6763 54  55
G_61 -3.6763 50  51
G_62 -3.6763 48  49
G_63 -3.6763 46  47
G_64 -3.6763 42  43
G_65 -3.6763 39  40
G_66 -3.6763 37  38
G_67 -3.6763 35  36
G_68 -3.6763 32  33
G_69 -3.6763 29  30
G_70 -3.6763 26  27
G_71 -3.6763 22  23
G_72 -3.6763 16  17
G_73 -3.6763 14  15
G_74 -3.6763 10  11
G_75 -3.6763 8  9
G_76 -3.6763 5  6
G_77 -3.6763 2  3
