HMMER3/f [3.1b2 | February 2015]
NAME  Mafft_Group_20
LENG  154
ALPH  amino
RF    no
MM    no
CONS  yes
CS    no
MAP   yes
DATE  Fri Oct 14 16:39:34 2016
NSEQ  24
EFFN  0.665039
CKSUM 153962396
STATS LOCAL MSV      -10.4305  0.70899
STATS LOCAL VITERBI  -11.1246  0.70899
STATS LOCAL FORWARD   -4.7860  0.70899
HMM          A        C        D        E        F        G        H        I        K        L        M        N        P        Q        R        S        T        V        W        Y   
            m->m     m->i     m->d     i->m     i->i     d->m     d->d
  COMPO   2.58034  4.35476  2.88182  2.58365  3.49037  2.95679  3.82041  2.79395  2.53034  2.48671  3.69652  3.09843  3.15100  3.14267  2.80641  2.65485  2.87987  2.54168  5.21699  3.70697
          2.68618  4.42225  2.77519  2.73123  3.46354  2.40513  3.72494  3.29354  2.67741  2.69355  4.24690  2.90347  2.73739  3.18146  2.89801  2.37887  2.77519  2.98518  4.58477  3.61503
          0.05179  3.98834  3.44376  0.61958  0.77255  0.00000        *
      1   3.04366  4.57823  4.14954  3.75062  3.25064  3.90350  4.46435  2.43558  3.51343  1.83196  1.21104  4.01649  4.36519  3.88956  3.70774  3.40214  3.35108  2.45229  5.10344  3.87303      1 m - - -
          2.68618  4.42225  2.77519  2.73123  3.46354  2.40513  3.72494  3.29354  2.67741  2.69355  4.24690  2.90347  2.73739  3.18146  2.89801  2.37887  2.77519  2.98518  4.58477  3.61503
          0.02858  3.96513  4.68748  0.61958  0.77255  0.50902  0.91901
      2   2.29700  4.44354  3.09660  2.67202  4.07501  3.17632  3.82399  3.47748  2.65766  3.12288  3.95571  2.85462  3.75250  3.02428  2.85973  1.75111  2.28932  3.08854  5.37670  4.09811      2 s - - -
          2.68618  4.42225  2.77519  2.73123  3.46354  2.40513  3.72494  3.29354  2.67741  2.69355  4.24690  2.90347  2.73739  3.18146  2.89801  2.37887  2.77519  2.98518  4.58477  3.61503
          0.02858  3.96513  4.68748  0.61958  0.77255  0.50902  0.91901
      3   2.42674  4.83426  2.91542  2.09770  4.10843  3.27067  3.59038  3.35003  2.30524  3.11084  3.91652  2.90693  3.52528  2.73099  2.42372  2.54701  2.73620  3.18951  5.32906  3.98977      3 e - - -
          2.68618  4.42225  2.77519  2.73123  3.46354  2.40513  3.72494  3.29354  2.67741  2.69355  4.24690  2.90347  2.73739  3.18146  2.89801  2.37887  2.77519  2.98518  4.58477  3.61503
          0.02858  3.96513  4.68748  0.61958  0.77255  0.50902  0.91901
      4   3.03214  4.43802  4.49711  4.00092  3.34884  4.21146  4.69951  1.93008  3.84171  1.51544  3.21724  4.25148  4.56409  4.12838  4.04898  3.59058  3.30330  1.27276  5.27120  4.05378      4 v - - -
          2.68618  4.42225  2.77519  2.73123  3.46354  2.40513  3.72494  3.29354  2.67741  2.69355  4.24690  2.90347  2.73739  3.18146  2.89801  2.37887  2.77519  2.98518  4.58477  3.61503
          0.17362  3.96513  1.96311  0.61958  0.77255  0.50902  0.91901
      5   2.20853  4.15792  3.69836  3.18964  2.45474  3.30361  3.97136  2.46559  3.11807  2.31668  3.33654  3.47146  3.95338  3.40191  3.40038  2.80816  2.81065  2.04026  4.84000  3.56179      5 v - - -
          2.68618  4.42225  2.77519  2.73123  3.46354  2.40513  3.72494  3.29354  2.67741  2.69355  4.24690  2.90347  2.73739  3.18146  2.89801  2.37887  2.77519  2.98518  4.58477  3.61503
          0.06953  3.82447  3.09355  0.61958  0.77255  0.54828  0.86261
      6   2.81695  5.24725  1.42719  1.99332  4.60436  2.67211  3.71590  4.09469  2.72101  3.64021  4.49500  2.66394  3.77324  2.89013  3.28860  2.73889  3.11740  3.68538  5.81076  4.35239      6 d - - -
          2.68618  4.42225  2.77519  2.73123  3.46354  2.40513  3.72494  3.29354  2.67741  2.69355  4.24690  2.90347  2.73739  3.18146  2.89801  2.37887  2.77519  2.98518  4.58477  3.61503
          0.08466  3.84949  2.81540  0.61958  0.77255  0.57304  0.82967
      7   2.30345  4.27424  3.28881  2.78093  3.67815  3.04798  3.80065  2.97902  2.72054  2.58367  3.34374  3.15616  3.77347  3.06512  3.08403  2.32368  2.18244  2.69228  5.07869  3.83018      7 t - - -
          2.68596  4.42245  2.77462  2.73144  3.46311  2.40526  3.72515  3.29374  2.67761  2.69330  4.24686  2.90328  2.73760  3.18167  2.89821  2.37897  2.77530  2.98478  4.58497  3.61523
          0.30306  1.38285  4.54838  1.65745  0.21149  0.44589  1.02235
      8   1.26437  4.15404  3.66270  3.28764  3.95403  3.10247  4.23847  2.88238  3.22793  2.88233  3.87196  3.43356  3.79960  3.54771  3.51138  2.53586  2.54649  2.32076  5.44483  4.23318     17 a - - -
          2.68618  4.42225  2.77519  2.73123  3.46354  2.40513  3.72494  3.29354  2.67741  2.69355  4.24690  2.90347  2.73739  3.18146  2.89801  2.37887  2.77519  2.98518  4.58477  3.61503
          0.02878  3.95841  4.68076  0.61958  0.77255  0.51555  0.90924
      9   3.05748  4.40521  4.63751  4.11753  3.45719  4.35480  4.83733  1.65101  3.99169  1.83983  3.28393  4.37262  4.66117  4.26198  4.20653  3.71861  3.31577  1.12526  5.39567  4.19118     18 v - - -
          2.68618  4.42225  2.77519  2.73123  3.46354  2.40513  3.72494  3.29354  2.67741  2.69355  4.24690  2.90347  2.73739  3.18146  2.89801  2.37887  2.77519  2.98518  4.58477  3.61503
          0.02878  3.95841  4.68076  0.61958  0.77255  0.46758  0.98489
     10   2.29529  4.49791  2.96156  2.60712  4.21954  2.93303  3.84537  3.64223  2.71147  3.26704  4.08432  2.04371  3.74156  3.03232  3.13541  2.12551  2.28366  3.20910  5.49901  4.19779     19 n - - -
          2.68618  4.42225  2.77519  2.73123  3.46354  2.40513  3.72494  3.29354  2.67741  2.69355  4.24690  2.90347  2.73739  3.18146  2.89801  2.37887  2.77519  2.98518  4.58477  3.61503
          0.02791  3.98834  4.71069  0.61958  0.77255  0.48576  0.95510
     11   2.65423  4.97485  2.72890  2.25544  4.25967  3.35584  2.59548  3.70404  2.37600  3.25747  4.05907  2.55048  3.48334  2.56125  2.82839  2.31555  2.89266  3.34231  5.44897  4.08365     20 e - - -
          2.68618  4.42225  2.77519  2.73123  3.46354  2.40513  3.72494  3.29354  2.67741  2.69355  4.24690  2.90347  2.73739  3.18146  2.89801  2.37887  2.77519  2.98518  4.58477  3.61503
          0.02791  3.98834  4.71069  0.61958  0.77255  0.48576  0.95510
     12   3.30167  4.66998  4.65170  4.15683  2.45589  4.41364  4.51096  2.27951  4.00773  0.89071  2.94935  4.38066  4.66099  4.15505  4.14933  3.79096  3.53688  2.39630  4.80747  3.43774     21 l - - -
          2.68618  4.42225  2.77519  2.73123  3.46354  2.40513  3.72494  3.29354  2.67741  2.69355  4.24690  2.90347  2.73739  3.18146  2.89801  2.37887  2.77519  2.98518  4.58477  3.61503
          0.02791  3.98834  4.71069  0.61958  0.77255  0.48576  0.95510
     13   3.28379  4.63945  4.65108  4.16155  1.78026  4.37396  4.29906  2.35914  4.01632  1.13800  3.01084  4.31497  4.62994  4.13149  4.13720  3.73830  3.51521  2.45865  4.55851  3.07922     22 l - - -
          2.68618  4.42225  2.77519  2.73123  3.46354  2.40513  3.72494  3.29354  2.67741  2.69355  4.24690  2.90347  2.73739  3.18146  2.89801  2.37887  2.77519  2.98518  4.58477  3.61503
          0.04772  3.98834  3.57326  0.61958  0.77255  0.48576  0.95510
     14   2.64679  4.88419  2.66601  2.35333  4.21808  2.87792  2.66145  3.71176  2.48785  3.28342  4.10513  2.08080  3.79900  2.83970  2.93276  2.45961  2.92195  3.34209  5.45839  4.08624     23 n - - -
          2.68618  4.42225  2.77520  2.73123  3.46354  2.40513  3.72480  3.29354  2.67741  2.69355  4.24690  2.90347  2.73740  3.18147  2.89801  2.37887  2.77520  2.98519  4.58477  3.61503
          0.05283  3.16339  4.69144  0.53197  0.88539  0.47384  0.97446
     15   2.94449  4.33757  4.48520  3.91298  2.28749  4.09068  4.24896  2.16409  3.77737  1.27485  2.95923  4.08314  4.37903  3.91472  3.90108  3.40078  3.16847  2.26530  4.01437  3.36316     25 l - - -
          2.68618  4.42225  2.77519  2.73123  3.46354  2.40513  3.72494  3.29354  2.67741  2.69355  4.24690  2.90347  2.73739  3.18146  2.89801  2.37887  2.77519  2.98518  4.58477  3.61503
          0.02791  3.98834  4.71069  0.61958  0.77255  0.48576  0.95510
     16   2.70934  4.65602  3.01724  2.78527  3.95257  3.29118  3.37432  3.69278  2.79984  3.28194  4.21441  3.19848  1.22448  3.22975  3.12236  2.81150  3.07173  3.33952  5.29739  3.94861     26 p - - -
          2.68618  4.42225  2.77519  2.73123  3.46354  2.40513  3.72494  3.29354  2.67741  2.69355  4.24690  2.90347  2.73739  3.18146  2.89801  2.37887  2.77519  2.98518  4.58477  3.61503
          0.02791  3.98834  4.71069  0.61958  0.77255  0.48576  0.95510
     17   2.93672  5.36082  2.11345  1.11555  4.66861  3.25313  3.78917  4.15394  2.75514  3.70824  4.58217  2.75668  3.86326  2.96493  3.28803  2.85136  3.22645  3.76481  5.85246  4.41462     27 e - - -
          2.68618  4.42225  2.77519  2.73123  3.46354  2.40513  3.72494  3.29354  2.67741  2.69355  4.24690  2.90347  2.73739  3.18146  2.89801  2.37887  2.77519  2.98518  4.58477  3.61503
          0.02791  3.98834  4.71069  0.61958  0.77255  0.48576  0.95510
     18   2.15520  4.26504  3.38662  2.90466  3.79176  3.21888  3.92072  3.09590  2.87610  2.85077  3.72352  2.98861  3.79245  3.19416  3.23607  2.20248  2.15543  2.19654  5.19202  3.95221     28 a - - -
          2.68618  4.42225  2.77519  2.73123  3.46354  2.40513  3.72494  3.29354  2.67741  2.69355  4.24690  2.90347  2.73739  3.18146  2.89801  2.37887  2.77519  2.98518  4.58477  3.61503
          0.05179  3.98834  3.44376  0.61958  0.77255  0.48576  0.95510
     19   3.16323  4.49865  4.75775  4.18985  2.84675  4.42305  4.72434  1.56470  4.07369  1.25434  2.56779  4.43117  4.63559  4.19183  4.20506  3.75647  3.38677  2.10181  5.09276  3.98400     29 l - - -
          2.68618  4.42225  2.77519  2.73123  3.46354  2.40513  3.72494  3.29354  2.67741  2.69355  4.24690  2.90347  2.73739  3.18146  2.89801  2.37887  2.77519  2.98518  4.58477  3.61503
          0.02858  3.96513  4.68748  0.61958  0.77255  0.50902  0.91901
     20   2.78379  5.26137  1.89931  1.60642  4.54000  3.26706  3.66674  4.02094  2.55061  3.26727  4.35330  2.73429  3.80263  2.65860  3.07608  2.71386  3.04278  3.62198  5.71201  4.27009     30 e - - -
          2.68618  4.42225  2.77519  2.73123  3.46354  2.40513  3.72494  3.29354  2.67741  2.69355  4.24690  2.90347  2.73739  3.18146  2.89801  2.37887  2.77519  2.98518  4.58477  3.61503
          0.02858  3.96513  4.68748  0.61958  0.77255  0.50902  0.91901
     21   2.93496  5.08238  3.30828  2.69416  4.51381  3.58662  3.59659  3.87671  1.41141  3.35061  4.20368  3.12205  3.97102  2.73237  1.75275  2.76931  3.12267  3.54718  5.42635  4.22232     31 k - - -
          2.68618  4.42225  2.77519  2.73123  3.46354  2.40513  3.72494  3.29354  2.67741  2.69355  4.24690  2.90347  2.73739  3.18146  2.89801  2.37887  2.77519  2.98518  4.58477  3.61503
          0.05424  3.96513  3.38646  0.61958  0.77255  0.50902  0.91901
     22   3.24203  4.61060  4.58359  4.09191  1.89607  4.32884  4.28558  2.32764  3.94896  1.13424  2.99207  4.26549  4.59163  4.08170  4.08405  3.69155  3.47513  2.41999  4.56610  3.09720     32 l - - -
          2.68618  4.42225  2.77519  2.73123  3.46354  2.40513  3.72494  3.29354  2.67741  2.69355  4.24690  2.90347  2.73739  3.18146  2.89801  2.37887  2.77519  2.98518  4.58477  3.61503
          0.06169  3.94020  3.20928  0.61958  0.77255  0.53283  0.88417
     23   2.35415  4.17384  3.58776  3.03056  3.35844  3.18618  3.87226  2.21999  2.95817  2.40028  2.80566  3.37528  3.92850  3.25365  3.26874  2.63700  2.67842  2.30673  4.83990  3.62081     33 i - - -
          2.68618  4.42225  2.77519  2.73123  3.46354  2.40513  3.72494  3.29354  2.67741  2.69355  4.24690  2.90347  2.73739  3.18146  2.89801  2.37887  2.77519  2.98518  4.58477  3.61503
          0.03026  3.90877  4.63112  0.61958  0.77255  0.51329  0.91261
     24   2.18962  4.16631  3.87089  3.30638  2.54779  3.69179  4.01175  2.21433  3.21693  2.04141  3.21604  3.59968  4.07124  3.47842  3.47421  2.87021  2.86899  2.13466  4.79522  3.56608     34 l - - -
          2.68585  4.42229  2.77502  2.73127  3.46358  2.40516  3.72498  3.29358  2.67744  2.69359  4.24693  2.90350  2.73743  3.18150  2.89804  2.37890  2.77523  2.98522  4.58481  3.61507
          0.40567  1.87095  1.71763  0.66098  0.72639  0.53283  0.88417
     25   2.46887  4.51081  2.78213  2.48852  3.98743  2.38811  3.25650  3.48522  2.57513  3.10823  3.96245  2.93768  2.57160  2.94142  2.96422  2.55542  2.80674  3.11485  5.29427  3.97551     37 g - - -
          2.68618  4.42225  2.77519  2.73123  3.46354  2.40513  3.72494  3.29354  2.67741  2.69355  4.24690  2.90347  2.73739  3.18146  2.89801  2.37887  2.77519  2.98518  4.58477  3.61503
          0.03543  3.75382  4.47616  0.61958  0.77255  0.38105  1.14931
     26   2.59248  4.88338  2.48479  2.33984  4.15344  3.35968  3.09821  3.19933  2.38961  3.16442  3.96269  2.66536  3.12937  2.73366  2.86520  2.38114  2.82987  3.23906  5.37618  4.01451     38 e - - -
          2.68618  4.42225  2.77519  2.73123  3.46354  2.40513  3.72494  3.29354  2.67741  2.69355  4.24690  2.90347  2.73739  3.18146  2.89801  2.37887  2.77519  2.98518  4.58477  3.61503
          0.02791  3.98834  4.71069  0.61958  0.77255  0.48576  0.95510
     27   2.49757  4.59075  3.03376  2.58452  4.15925  3.00167  3.75333  3.58109  2.51474  3.18709  4.00861  3.02714  3.17000  2.92637  2.40125  1.76693  2.82042  3.19218  5.40728  4.11025     39 s - - -
          2.68618  4.42225  2.77519  2.73123  3.46354  2.40513  3.72494  3.29354  2.67741  2.69355  4.24690  2.90347  2.73739  3.18146  2.89801  2.37887  2.77519  2.98518  4.58477  3.61503
          0.02791  3.98834  4.71069  0.61958  0.77255  0.48576  0.95510
     28   2.98640  5.02808  3.37474  2.79591  4.17490  3.61374  2.99851  3.81389  2.02117  3.29758  4.19230  3.20219  4.01796  2.82488  1.24904  3.01045  3.18412  3.51210  5.27723  3.99130     40 r - - -
          2.68618  4.42225  2.77519  2.73123  3.46354  2.40513  3.72494  3.29354  2.67741  2.69355  4.24690  2.90347  2.73739  3.18146  2.89801  2.37887  2.77519  2.98518  4.58477  3.61503
          0.02791  3.98834  4.71069  0.61958  0.77255  0.48576  0.95510
     29   2.00653  4.37734  2.92205  2.73887  4.10394  3.12325  3.90871  3.46887  2.81175  3.15909  3.99659  3.11134  3.74171  3.12269  3.21499  1.59644  2.61075  2.93220  5.43266  4.15788     41 s - - -
          2.68618  4.42225  2.77519  2.73123  3.46354  2.40513  3.72494  3.29354  2.67741  2.69355  4.24690  2.90347  2.73739  3.18146  2.89801  2.37887  2.77519  2.98518  4.58477  3.61503
          0.04772  3.98834  3.57326  0.61958  0.77255  0.48576  0.95510
     30   2.35124  4.85664  2.76664  2.28657  4.16416  2.86038  2.80514  3.59608  2.43159  3.17689  3.98598  2.57391  3.50356  2.77487  2.89658  2.51298  2.85457  3.24404  5.39667  4.04331     42 e - - -
          2.68618  4.42225  2.77519  2.73123  3.46354  2.40513  3.72494  3.29354  2.67741  2.69355  4.24690  2.90347  2.73739  3.18146  2.89801  2.37887  2.77519  2.98518  4.58477  3.61503
          0.02847  3.96909  4.69144  0.61958  0.77255  0.50512  0.92490
     31   2.80212  5.30236  1.83255  1.81134  4.59192  2.41635  3.31862  4.08683  2.59869  3.59581  4.40810  2.71691  3.80328  2.82931  3.14601  2.72391  3.06755  3.67595  5.76388  4.30769     43 e - - -
          2.68621  4.42228  2.77513  2.73126  3.46356  2.40511  3.72439  3.29357  2.67743  2.69357  4.24692  2.90349  2.73742  3.18149  2.89803  2.37889  2.77515  2.98521  4.58480  3.61506
          0.26489  2.17566  2.12716  0.65506  0.73274  0.50512  0.92490
     32   2.27223  4.42881  3.02386  2.60311  3.91216  3.03109  3.12519  3.31520  2.60862  2.97116  3.81823  3.02853  3.74230  2.96554  3.00198  2.29627  2.14131  2.97193  5.24315  3.96108     47 t - - -
          2.68618  4.42225  2.77519  2.73123  3.46354  2.40513  3.72494  3.29354  2.67741  2.69355  4.24690  2.90347  2.73739  3.18146  2.89801  2.37887  2.77519  2.98518  4.58477  3.61503
          0.19390  3.85256  1.86410  0.61958  0.77255  0.44277  1.02793
     33   2.72869  4.94161  2.63332  2.34441  4.00237  3.32552  2.48554  3.68520  2.35000  3.23649  4.09151  2.21164  3.81587  2.64067  2.72710  2.72431  2.97803  3.34922  5.28252  3.86855     48 n - - -
          2.68618  4.42225  2.77519  2.73123  3.46354  2.40513  3.72494  3.29354  2.67741  2.69355  4.24690  2.90347  2.73739  3.18146  2.89801  2.37887  2.77519  2.98518  4.58477  3.61503
          0.03274  3.83120  4.55355  0.61958  0.77255  0.40774  1.09408
     34   2.74091  4.88626  2.84338  2.48166  3.76400  3.41193  2.21661  3.60879  2.43317  2.98781  4.04617  2.12787  3.87908  2.87698  2.80953  2.76248  2.99176  3.28996  5.13203  3.67152     49 n - - -
          2.68618  4.42225  2.77519  2.73123  3.46354  2.40513  3.72494  3.29354  2.67741  2.69355  4.24690  2.90347  2.73739  3.18146  2.89801  2.37887  2.77519  2.98518  4.58477  3.61503
          0.02791  3.98834  4.71069  0.61958  0.77255  0.48576  0.95510
     35   2.30965  5.13341  2.33348  1.55175  4.42232  3.29118  3.38157  3.88444  2.53607  3.43218  4.24834  2.78221  3.80931  2.82116  3.03925  2.70361  3.00501  3.50618  5.62189  4.21193     50 e - - -
          2.68618  4.42225  2.77519  2.73123  3.46354  2.40513  3.72494  3.29354  2.67741  2.69355  4.24690  2.90347  2.73739  3.18146  2.89801  2.37887  2.77519  2.98518  4.58477  3.61503
          0.02791  3.98834  4.71069  0.61958  0.77255  0.48576  0.95510
     36   2.20431  4.62362  3.03857  2.50936  3.89262  3.38435  3.41720  3.11375  2.48272  2.92926  3.76624  2.71766  3.80584  2.84255  2.80639  2.27921  2.60940  2.98846  5.20349  3.90034     51 a - - -
          2.68618  4.42225  2.77519  2.73123  3.46354  2.40513  3.72494  3.29354  2.67741  2.69355  4.24690  2.90347  2.73739  3.18146  2.89801  2.37887  2.77519  2.98518  4.58477  3.61503
          0.02791  3.98834  4.71069  0.61958  0.77255  0.48576  0.95510
     37   2.83363  5.05168  3.16273  2.57503  4.40365  3.28787  2.63999  3.80553  1.77596  3.30211  4.13087  3.04408  3.91625  2.72054  1.83960  2.83029  3.03069  3.46677  5.41061  4.15227     52 k - - -
          2.68622  4.42247  2.77542  2.73139  3.46376  2.40441  3.72307  3.29360  2.67763  2.69358  4.24712  2.90369  2.73762  3.18144  2.89779  2.37903  2.77542  2.98515  4.58499  3.61525
          0.23670  1.60061  4.71069  1.77878  0.18494  0.48576  0.95510
     38   2.48551  4.46508  3.15571  2.69489  3.92929  1.93404  3.79696  2.98416  2.61751  2.98605  3.84160  3.10787  3.80234  3.01302  2.70896  2.34898  2.80682  2.98616  5.26135  3.98528     67 g - - -
          2.68618  4.42225  2.77519  2.73123  3.46354  2.40513  3.72494  3.29354  2.67741  2.69355  4.24690  2.90347  2.73739  3.18146  2.89801  2.37887  2.77519  2.98518  4.58477  3.61503
          0.12260  3.98834  2.33460  0.61958  0.77255  0.48576  0.95510
     39   2.37051  4.29500  3.34478  2.79645  3.51656  2.85896  3.77136  2.50556  2.73479  2.47496  3.46512  3.20242  3.85422  3.06548  2.96364  2.48953  2.76172  2.44753  4.94334  3.69988     68 a - - -
          2.68618  4.42225  2.77519  2.73123  3.46354  2.40513  3.72494  3.29354  2.67741  2.69355  4.24690  2.90347  2.73739  3.18146  2.89801  2.37887  2.77519  2.98518  4.58477  3.61503
          0.03065  3.89639  4.61874  0.61958  0.77255  0.46348  0.99179
     40   2.04399  4.34827  3.02968  2.74552  4.28898  1.91250  3.97871  3.72509  2.90079  3.36224  4.17843  2.66123  3.70255  3.19278  3.29861  1.94580  2.75620  3.22519  5.58746  4.31317     69 g - - -
          2.68618  4.42225  2.77519  2.73123  3.46354  2.40513  3.72494  3.29354  2.67741  2.69355  4.24690  2.90347  2.73739  3.18146  2.89801  2.37887  2.77519  2.98518  4.58477  3.61503
          0.16396  3.96909  2.02243  0.61958  0.77255  0.50512  0.92490
     41   2.18521  4.32529  2.93073  2.64675  4.19069  2.15590  3.88580  3.61510  2.79477  3.25708  4.08108  2.56027  3.65863  3.09864  3.19273  2.06779  2.55707  3.14567  5.49153  4.21320     70 s - - -
          2.68618  4.42225  2.77519  2.73123  3.46354  2.40513  3.72494  3.29354  2.67741  2.69355  4.24690  2.90347  2.73739  3.18146  2.89801  2.37887  2.77519  2.98518  4.58477  3.61503
          0.03253  3.83766  4.56001  0.61958  0.77255  0.41024  1.08912
     42   2.37577  4.48619  3.09419  2.61670  3.94620  2.52631  3.76487  2.95506  2.63043  2.99435  3.83285  2.58507  3.77736  2.96508  3.05100  2.19958  2.55669  2.99803  5.27336  3.98552     71 s - - -
          2.68618  4.42225  2.77519  2.73123  3.46354  2.40513  3.72494  3.29354  2.67741  2.69355  4.24690  2.90347  2.73739  3.18146  2.89801  2.37887  2.77519  2.98518  4.58477  3.61503
          0.02791  3.98834  4.71069  0.61958  0.77255  0.48576  0.95510
     43   2.21608  4.31519  4.19044  3.66679  3.45074  3.94516  4.43272  1.40377  3.54665  2.12755  3.09235  3.94129  4.34362  3.84348  3.79538  3.28542  3.10117  1.88230  5.19478  3.99412     72 i - - -
          2.68618  4.42225  2.77519  2.73123  3.46354  2.40513  3.72494  3.29354  2.67741  2.69355  4.24690  2.90347  2.73739  3.18146  2.89801  2.37887  2.77519  2.98518  4.58477  3.61503
          0.02791  3.98834  4.71069  0.61958  0.77255  0.48576  0.95510
     44   2.91126  4.64815  3.53115  3.38772  4.37113  3.32916  4.45479  3.94740  3.45513  3.56126  4.61679  3.68224  0.63784  3.84039  3.68664  3.08262  3.36217  3.57939  5.52489  4.49373     73 P - - -
          2.68618  4.42225  2.77519  2.73123  3.46354  2.40513  3.72494  3.29354  2.67741  2.69355  4.24690  2.90347  2.73739  3.18146  2.89801  2.37887  2.77519  2.98518  4.58477  3.61503
          0.02791  3.98834  4.71069  0.61958  0.77255  0.48576  0.95510
     45   2.36542  4.26777  4.17804  3.66380  3.58050  3.86299  4.45708  1.82894  3.57039  2.32557  3.45152  3.91639  4.30721  3.86373  3.83123  3.21529  2.84531  1.28789  5.27406  4.06245     74 v - - -
          2.68618  4.42225  2.77519  2.73123  3.46354  2.40513  3.72494  3.29354  2.67741  2.69355  4.24690  2.90347  2.73739  3.18146  2.89801  2.37887  2.77519  2.98518  4.58477  3.61503
          0.02791  3.98834  4.71069  0.61958  0.77255  0.48576  0.95510
     46   3.11718  5.25939  0.76508  2.41349  4.65271  3.30123  4.03754  4.26791  3.14428  3.85610  4.83787  2.97524  3.96233  3.27769  3.67534  3.06726  3.45863  3.89515  5.79852  4.50795     75 d - - -
          2.68618  4.42225  2.77519  2.73123  3.46354  2.40513  3.72494  3.29354  2.67741  2.69355  4.24690  2.90347  2.73739  3.18146  2.89801  2.37887  2.77519  2.98518  4.58477  3.61503
          0.02791  3.98834  4.71069  0.61958  0.77255  0.48576  0.95510
     47   3.12183  4.51001  4.49764  4.11879  3.45420  4.18946  4.82644  0.94502  3.94914  2.01791  3.37292  4.34802  4.61065  4.28625  4.13260  3.69698  3.41940  1.85539  5.36812  4.11559     76 i - - -
          2.68618  4.42225  2.77519  2.73123  3.46354  2.40513  3.72494  3.29354  2.67741  2.69355  4.24690  2.90347  2.73739  3.18146  2.89801  2.37887  2.77519  2.98518  4.58477  3.61503
          0.02791  3.98834  4.71069  0.61958  0.77255  0.48576  0.95510
     48   3.15696  4.51387  4.68066  4.11564  3.15172  4.40224  4.73218  1.98420  3.99327  1.13021  2.50764  4.38632  4.63025  4.15380  4.15702  3.73423  3.38491  1.81680  5.15996  4.06923     77 l - - -
          2.68618  4.42225  2.77519  2.73123  3.46354  2.40513  3.72494  3.29354  2.67741  2.69355  4.24690  2.90347  2.73739  3.18146  2.89801  2.37887  2.77519  2.98518  4.58477  3.61503
          0.02791  3.98834  4.71069  0.61958  0.77255  0.48576  0.95510
     49   2.95551  5.52328  1.44693  1.49448  4.80856  3.22030  3.77043  4.32672  2.79338  3.83139  4.68941  2.68514  3.84528  2.93864  3.39061  2.83684  3.24547  3.90170  5.98232  4.47861     78 d - - -
          2.68618  4.42225  2.77519  2.73123  3.46354  2.40513  3.72494  3.29354  2.67741  2.69355  4.24690  2.90347  2.73739  3.18146  2.89801  2.37887  2.77519  2.98518  4.58477  3.61503
          0.02791  3.98834  4.71069  0.61958  0.77255  0.48576  0.95510
     50   2.01116  4.17569  3.44202  3.09410  4.15089  2.99550  4.13851  3.46507  3.09600  3.22005  4.07353  3.28693  3.70915  3.40887  3.41502  1.92538  1.52401  3.01137  5.51748  4.29859     79 t - - -
          2.68618  4.42225  2.77519  2.73123  3.46354  2.40513  3.72494  3.29354  2.67741  2.69355  4.24690  2.90347  2.73739  3.18146  2.89801  2.37887  2.77519  2.98518  4.58477  3.61503
          0.02791  3.98834  4.71069  0.61958  0.77255  0.48576  0.95510
     51   2.18757  4.27962  3.18209  2.92936  4.24766  3.01049  4.09165  3.64782  3.01274  3.34155  4.19577  3.20120  1.50782  3.34230  3.34789  2.13114  2.77041  3.16434  5.58540  4.33061     80 p - - -
          2.68618  4.42225  2.77519  2.73123  3.46354  2.40513  3.72494  3.29354  2.67741  2.69355  4.24690  2.90347  2.73739  3.18146  2.89801  2.37887  2.77519  2.98518  4.58477  3.61503
          0.02791  3.98834  4.71069  0.61958  0.77255  0.48576  0.95510
     52   2.80669  4.98562  3.05294  2.57173  4.40994  2.71136  3.64172  3.80777  1.42987  3.32750  4.16586  3.03885  3.90511  2.78548  2.27230  2.81780  3.03737  3.45828  5.45118  4.19224     81 k - - -
          2.68618  4.42225  2.77519  2.73123  3.46354  2.40513  3.72494  3.29354  2.67741  2.69355  4.24690  2.90347  2.73739  3.18146  2.89801  2.37887  2.77519  2.98518  4.58477  3.61503
          0.02791  3.98834  4.71069  0.61958  0.77255  0.48576  0.95510
     53   2.93697  5.35853  2.11810  1.11362  4.66681  3.25371  3.78996  4.15172  2.75513  3.70687  4.58133  2.75816  3.86381  2.96596  3.28693  2.85215  3.22681  3.76316  5.85074  4.41404     82 e - - -
          2.68618  4.42225  2.77519  2.73123  3.46354  2.40513  3.72494  3.29354  2.67741  2.69355  4.24690  2.90347  2.73739  3.18146  2.89801  2.37887  2.77519  2.98518  4.58477  3.61503
          0.02791  3.98834  4.71069  0.61958  0.77255  0.48576  0.95510
     54   3.41777  4.85972  4.01075  3.76289  2.30508  3.96624  3.67777  3.41116  3.61712  2.83492  4.07439  3.86841  4.43788  3.89519  3.77663  3.54253  3.70529  3.28733  3.95292  0.79291     83 y - - -
          2.68618  4.42225  2.77519  2.73123  3.46354  2.40513  3.72494  3.29354  2.67741  2.69355  4.24690  2.90347  2.73739  3.18146  2.89801  2.37887  2.77519  2.98518  4.58477  3.61503
          0.02791  3.98834  4.71069  0.61958  0.77255  0.48576  0.95510
     55   2.27287  4.25184  4.02025  3.47763  3.47318  3.81544  4.26802  1.62418  3.38558  2.19112  3.37281  3.77211  4.22226  3.67592  3.65891  3.13287  2.58580  1.85867  5.10891  3.90018     84 i - - -
          2.68618  4.42225  2.77519  2.73123  3.46354  2.40513  3.72494  3.29354  2.67741  2.69355  4.24690  2.90347  2.73739  3.18146  2.89801  2.37887  2.77519  2.98518  4.58477  3.61503
          0.02791  3.98834  4.71069  0.61958  0.77255  0.48576  0.95510
     56   3.40857  4.77675  4.39755  4.13510  0.83962  4.06909  3.93288  2.91916  4.03948  2.26303  3.63288  4.15112  4.52588  4.17580  4.13054  3.67184  3.71017  2.91817  4.14959  2.50289     85 f - - -
          2.68618  4.42225  2.77519  2.73123  3.46354  2.40513  3.72494  3.29354  2.67741  2.69355  4.24690  2.90347  2.73739  3.18146  2.89801  2.37887  2.77519  2.98518  4.58477  3.61503
          0.02791  3.98834  4.71069  0.61958  0.77255  0.48576  0.95510
     57   2.88050  4.35654  4.05966  3.54241  2.09143  3.87127  3.45965  2.78256  3.42879  2.39948  3.43719  3.70211  4.22697  3.62554  3.62899  3.16802  3.11124  2.07091  4.08182  1.77292     86 y - - -
          2.68618  4.42225  2.77519  2.73123  3.46354  2.40513  3.72494  3.29354  2.67741  2.69355  4.24690  2.90347  2.73739  3.18146  2.89801  2.37887  2.77519  2.98518  4.58477  3.61503
          0.02791  3.98834  4.71069  0.61958  0.77255  0.48576  0.95510
     58   3.20051  4.58640  4.63162  4.07242  3.08429  4.38790  4.69422  2.17353  3.91058  1.08710  2.02150  4.35877  4.61906  4.09564  4.07740  3.72594  3.42957  2.16428  5.11779  4.02087     87 l - - -
          2.68618  4.42225  2.77519  2.73123  3.46354  2.40513  3.72494  3.29354  2.67741  2.69355  4.24690  2.90347  2.73739  3.18146  2.89801  2.37887  2.77519  2.98518  4.58477  3.61503
          0.02791  3.98834  4.71069  0.61958  0.77255  0.48576  0.95510
     59   3.11718  5.25939  0.76508  2.41349  4.65271  3.30123  4.03754  4.26791  3.14428  3.85610  4.83787  2.97524  3.96233  3.27769  3.67534  3.06726  3.45863  3.89515  5.79852  4.50795     88 d - - -
          2.68618  4.42225  2.77519  2.73123  3.46354  2.40513  3.72494  3.29354  2.67741  2.69355  4.24690  2.90347  2.73739  3.18146  2.89801  2.37887  2.77519  2.98518  4.58477  3.61503
          0.02791  3.98834  4.71069  0.61958  0.77255  0.48576  0.95510
     60   3.05661  4.41036  4.65180  4.14876  3.51906  4.34222  4.88157  1.64311  4.01742  1.99484  3.35048  4.39095  4.67513  4.30507  4.23426  3.71997  3.32552  1.03817  5.45501  4.23323     89 v - - -
          2.68618  4.42225  2.77519  2.73123  3.46354  2.40513  3.72494  3.29354  2.67741  2.69355  4.24690  2.90347  2.73739  3.18146  2.89801  2.37887  2.77519  2.98518  4.58477  3.61503
          0.02791  3.98834  4.71069  0.61958  0.77255  0.48576  0.95510
     61   2.91126  4.64815  3.53115  3.38772  4.37113  3.32916  4.45479  3.94740  3.45513  3.56126  4.61679  3.68224  0.63784  3.84039  3.68664  3.08262  3.36217  3.57939  5.52489  4.49373     90 P - - -
          2.68618  4.42225  2.77519  2.73123  3.46354  2.40513  3.72494  3.29354  2.67741  2.69355  4.24690  2.90347  2.73739  3.18146  2.89801  2.37887  2.77519  2.98518  4.58477  3.61503
          0.02791  3.98834  4.71069  0.61958  0.77255  0.48576  0.95510
     62   2.81452  4.57735  3.51193  3.42662  4.56468  0.57077  4.53882  4.19344  3.62358  3.83276  4.81022  3.67637  3.97216  3.93866  3.84594  2.98993  3.30479  3.69941  5.62821  4.67086     91 G - - -
          2.68618  4.42225  2.77519  2.73123  3.46354  2.40513  3.72494  3.29354  2.67741  2.69355  4.24690  2.90347  2.73739  3.18146  2.89801  2.37887  2.77519  2.98518  4.58477  3.61503
          0.02791  3.98834  4.71069  0.61958  0.77255  0.48576  0.95510
     63   3.26452  4.63311  4.67707  4.16512  3.11331  4.44551  4.77237  1.91024  3.96135  0.91637  2.96582  4.44109  4.69429  4.19273  4.12480  3.82658  3.50722  2.15547  5.16442  3.99104     92 l - - -
          2.68618  4.42225  2.77519  2.73123  3.46354  2.40513  3.72494  3.29354  2.67741  2.69355  4.24690  2.90347  2.73739  3.18146  2.89801  2.37887  2.77519  2.98518  4.58477  3.61503
          0.02791  3.98834  4.71069  0.61958  0.77255  0.48576  0.95510
     64   2.21339  3.39877  3.70463  3.35237  4.10208  2.95891  4.26578  3.46954  3.27196  3.24459  4.12463  3.40842  3.70830  3.58857  3.53480  1.07330  2.70356  3.00105  5.50511  4.27481     93 s - - -
          2.68618  4.42225  2.77519  2.73123  3.46354  2.40513  3.72494  3.29354  2.67741  2.69355  4.24690  2.90347  2.73739  3.18146  2.89801  2.37887  2.77519  2.98518  4.58477  3.61503
          0.02791  3.98834  4.71069  0.61958  0.77255  0.48576  0.95510
     65   3.08046  5.04627  3.26399  2.86530  4.45921  3.55613  3.82741  3.89603  0.89012  3.43646  4.39282  3.28423  4.04924  3.01315  2.45916  3.11553  3.32569  3.59770  5.46716  4.29710     94 k - - -
          2.68618  4.42225  2.77519  2.73123  3.46354  2.40513  3.72494  3.29354  2.67741  2.69355  4.24690  2.90347  2.73739  3.18146  2.89801  2.37887  2.77519  2.98518  4.58477  3.61503
          0.02791  3.98834  4.71069  0.61958  0.77255  0.48576  0.95510
     66   2.37500  4.29632  3.31029  3.13258  4.19318  3.02420  4.23867  3.73201  3.21417  3.44370  4.36085  3.33800  3.77281  3.55464  3.49585  0.92887  2.86402  3.24165  5.55662  4.27762     95 s - - -
          2.68618  4.42225  2.77519  2.73123  3.46354  2.40513  3.72494  3.29354  2.67741  2.69355  4.24690  2.90347  2.73739  3.18146  2.89801  2.37887  2.77519  2.98518  4.58477  3.61503
          0.02791  3.98834  4.71069  0.61958  0.77255  0.48576  0.95510
     67   2.98392  5.52220  1.16189  1.82813  4.81111  3.21698  3.79768  4.32829  2.84679  3.85029  4.72762  2.69252  3.85683  2.97490  3.44897  2.86483  3.28236  3.91159  5.99839  4.49889     96 d - - -
          2.68618  4.42225  2.77519  2.73123  3.46354  2.40513  3.72494  3.29354  2.67741  2.69355  4.24690  2.90347  2.73739  3.18146  2.89801  2.37887  2.77519  2.98518  4.58477  3.61503
          0.02791  3.98834  4.71069  0.61958  0.77255  0.48576  0.95510
     68   3.13989  4.49822  4.62653  4.16830  3.37226  4.35400  4.84217  1.04498  3.97601  1.82623  3.25758  4.41017  4.68842  4.28851  4.16492  3.77057  3.41055  1.78900  5.34251  4.09142     97 i - - -
          2.68618  4.42225  2.77519  2.73123  3.46354  2.40513  3.72494  3.29354  2.67741  2.69355  4.24690  2.90347  2.73739  3.18146  2.89801  2.37887  2.77519  2.98518  4.58477  3.61503
          0.02791  3.98834  4.71069  0.61958  0.77255  0.48576  0.95510
     69   2.97663  4.96344  2.98340  2.74108  4.14709  3.44492  3.90002  3.79668  2.55412  3.28742  4.31313  3.20141  4.00075  1.04135  2.83555  3.02000  3.27403  3.51949  5.39910  4.10094     98 q - - -
          2.68618  4.42225  2.77519  2.73123  3.46354  2.40513  3.72494  3.29354  2.67741  2.69355  4.24690  2.90347  2.73739  3.18146  2.89801  2.37887  2.77519  2.98518  4.58477  3.61503
          0.02791  3.98834  4.71069  0.61958  0.77255  0.48576  0.95510
     70   2.97065  4.39925  4.49643  4.05101  3.55474  4.12200  4.80827  1.78614  3.90214  2.13607  3.42792  4.26042  4.55853  4.22740  4.12081  3.53672  3.27790  0.98091  5.45264  4.19536     99 v - - -
          2.68618  4.42225  2.77519  2.73123  3.46354  2.40513  3.72494  3.29354  2.67741  2.69355  4.24690  2.90347  2.73739  3.18146  2.89801  2.37887  2.77519  2.98518  4.58477  3.61503
          0.02791  3.98834  4.71069  0.61958  0.77255  0.48576  0.95510
     71   2.51700  4.41588  3.24359  2.79309  3.79951  3.32693  3.84673  2.89919  2.69274  2.82956  3.73936  3.18627  3.85048  2.86489  3.03728  2.57587  1.64664  2.81096  5.19174  3.92661    100 t - - -
          2.68618  4.42225  2.77519  2.73123  3.46354  2.40513  3.72494  3.29354  2.67741  2.69355  4.24690  2.90347  2.73739  3.18146  2.89801  2.37887  2.77519  2.98518  4.58477  3.61503
          0.02791  3.98834  4.71069  0.61958  0.77255  0.48576  0.95510
     72   2.80343  4.28034  4.17129  3.63042  3.39138  3.93091  4.35024  1.98572  3.50402  1.80723  3.30603  3.90178  4.31156  3.79453  3.74518  2.98762  3.06363  1.40458  5.09117  3.87209    101 v - - -
          2.68618  4.42225  2.77519  2.73123  3.46354  2.40513  3.72494  3.29354  2.67741  2.69355  4.24690  2.90347  2.73739  3.18146  2.89801  2.37887  2.77519  2.98518  4.58477  3.61503
          0.02791  3.98834  4.71069  0.61958  0.77255  0.48576  0.95510
     73   2.90841  5.25956  2.37967  1.20077  4.53727  3.30205  3.75033  4.02155  2.57331  3.55378  4.44067  2.81325  3.87651  2.67174  3.00770  2.84736  3.18193  3.66172  5.71872  4.31858    102 e - - -
          2.68618  4.42225  2.77519  2.73123  3.46354  2.40513  3.72494  3.29354  2.67741  2.69355  4.24690  2.90347  2.73739  3.18146  2.89801  2.37887  2.77519  2.98518  4.58477  3.61503
          0.02791  3.98834  4.71069  0.61958  0.77255  0.48576  0.95510
     74   2.72497  5.13882  1.92144  1.71922  3.77416  3.10967  3.65482  3.88217  2.52345  3.42709  4.23407  2.77603  3.79818  2.79795  3.04274  2.67988  2.97938  3.49869  5.60949  4.18950    103 e - - -
          2.68618  4.42225  2.77519  2.73123  3.46354  2.40513  3.72494  3.29354  2.67741  2.69355  4.24690  2.90347  2.73739  3.18146  2.89801  2.37887  2.77519  2.98518  4.58477  3.61503
          0.02791  3.98834  4.71069  0.61958  0.77255  0.48576  0.95510
     75   2.86612  5.39981  1.74018  1.46929  4.70069  3.23779  3.72231  4.20194  2.68028  3.70593  4.53292  2.70413  3.33180  2.87691  3.24753  2.77110  3.14259  3.78045  5.86858  4.39068    104 e - - -
          2.68618  4.42225  2.77519  2.73123  3.46354  2.40513  3.72494  3.29354  2.67741  2.69355  4.24690  2.90347  2.73739  3.18146  2.89801  2.37887  2.77519  2.98518  4.58477  3.61503
          0.02791  3.98834  4.71069  0.61958  0.77255  0.48576  0.95510
     76   2.78517  5.00066  2.96881  2.51170  4.37813  3.44947  3.62885  3.79663  2.10387  3.31906  4.14996  2.12733  3.88628  2.77140  1.82222  2.70223  3.01429  3.44535  5.44917  4.16260    105 r - - -
          2.68618  4.42225  2.77519  2.73123  3.46354  2.40513  3.72494  3.29354  2.67741  2.69355  4.24690  2.90347  2.73739  3.18146  2.89801  2.37887  2.77519  2.98518  4.58477  3.61503
          0.02791  3.98834  4.71069  0.61958  0.77255  0.48576  0.95510
     77   2.62524  4.28381  3.85508  3.35843  3.61157  3.58399  4.24148  2.20089  3.25440  2.41274  3.51301  3.63861  4.09926  3.58453  3.54913  2.94412  1.76965  1.74866  5.23182  4.00542    106 v - - -
          2.68618  4.42225  2.77519  2.73123  3.46354  2.40513  3.72494  3.29354  2.67741  2.69355  4.24690  2.90347  2.73739  3.18146  2.89801  2.37887  2.77519  2.98518  4.58477  3.61503
          0.02791  3.98834  4.71069  0.61958  0.77255  0.48576  0.95510
     78   2.89159  4.49813  3.88240  3.47868  3.31295  3.75676  4.27681  2.53945  3.29522  1.03847  3.29980  3.77878  3.45637  3.67651  3.52765  3.19715  3.19438  2.49961  5.06358  3.81523    107 l - - -
          2.68618  4.42225  2.77519  2.73123  3.46354  2.40513  3.72494  3.29354  2.67741  2.69355  4.24690  2.90347  2.73739  3.18146  2.89801  2.37887  2.77519  2.98518  4.58477  3.61503
          0.02791  3.98834  4.71069  0.61958  0.77255  0.48576  0.95510
     79   2.97286  4.41596  4.42930  3.98936  3.49749  4.08939  4.73089  1.90756  3.82137  1.98829  3.40387  4.20915  4.52747  4.15958  4.03751  3.50809  3.27849  1.01526  5.37686  4.10571    108 v - - -
          2.68618  4.42225  2.77519  2.73123  3.46354  2.40513  3.72494  3.29354  2.67741  2.69355  4.24690  2.90347  2.73739  3.18146  2.89801  2.37887  2.77519  2.98518  4.58477  3.61503
          0.02791  3.98834  4.71069  0.61958  0.77255  0.48576  0.95510
     80   3.14314  4.48729  4.70650  4.15266  3.21118  4.40943  4.76261  1.35158  4.00633  1.57909  2.26675  4.40804  4.65136  4.20031  4.17009  3.75280  3.37725  1.96068  5.20184  4.07713    109 i - - -
          2.68618  4.42225  2.77519  2.73123  3.46354  2.40513  3.72494  3.29354  2.67741  2.69355  4.24690  2.90347  2.73739  3.18146  2.89801  2.37887  2.77519  2.98518  4.58477  3.61503
          0.02791  3.98834  4.71069  0.61958  0.77255  0.48576  0.95510
     81   2.97164  5.16119  3.25575  2.49876  4.58865  3.60348  3.59522  3.94426  1.34065  3.39789  4.24656  3.10763  3.98181  2.72567  1.83611  2.95577  3.14874  3.61106  5.46314  4.25787    110 k - - -
          2.68612  4.42234  2.77529  2.73133  3.46363  2.40500  3.72484  3.29350  2.67743  2.69336  4.24665  2.90337  2.73749  3.18156  2.89810  2.37878  2.77529  2.98528  4.58486  3.61512
          0.20797  1.72165  4.71069  1.14418  0.38343  0.48576  0.95510
     82   2.26772  4.23616  3.21433  3.00046  4.36355  2.03407  4.17668  3.83531  3.14969  3.50169  4.32745  3.22796  3.69689  3.43714  3.48229  1.26981  2.75359  3.26406  5.68027  4.44055    120 s - - -
          2.68618  4.42225  2.77519  2.73123  3.46354  2.40513  3.72494  3.29354  2.67741  2.69355  4.24690  2.90347  2.73739  3.18146  2.89801  2.37887  2.77519  2.98518  4.58477  3.61503
          0.02791  3.98834  4.71069  0.61958  0.77255  0.48576  0.95510
     83   2.45698  4.78470  2.70766  2.39639  4.25142  2.60328  3.37482  3.70140  2.56193  3.28728  4.10541  1.98773  3.78408  2.88715  3.01708  2.36703  2.89074  3.31370  5.49657  4.14528    121 n - - -
          2.68618  4.42225  2.77519  2.73123  3.46354  2.40513  3.72494  3.29354  2.67741  2.69355  4.24690  2.90347  2.73739  3.18146  2.89801  2.37887  2.77519  2.98518  4.58477  3.61503
          0.02791  3.98834  4.71069  0.61958  0.77255  0.48576  0.95510
     84   2.81452  4.57735  3.51193  3.42662  4.56468  0.57077  4.53882  4.19344  3.62358  3.83276  4.81022  3.67637  3.97216  3.93866  3.84594  2.98993  3.30479  3.69941  5.62821  4.67086    122 G - - -
          2.68618  4.42225  2.77519  2.73123  3.46354  2.40513  3.72494  3.29354  2.67741  2.69355  4.24690  2.90347  2.73739  3.18146  2.89801  2.37887  2.77519  2.98518  4.58477  3.61503
          0.02791  3.98834  4.71069  0.61958  0.77255  0.48576  0.95510
     85   3.08046  5.04627  3.26399  2.86530  4.45921  3.55613  3.82741  3.89603  0.89012  3.43646  4.39282  3.28423  4.04924  3.01315  2.45916  3.11553  3.32569  3.59770  5.46716  4.29710    123 k - - -
          2.68618  4.42225  2.77519  2.73123  3.46354  2.40513  3.72494  3.29354  2.67741  2.69355  4.24690  2.90347  2.73739  3.18146  2.89801  2.37887  2.77519  2.98518  4.58477  3.61503
          0.02791  3.98834  4.71069  0.61958  0.77255  0.48576  0.95510
     86   3.13931  4.96820  3.64209  3.13042  4.35226  3.60365  3.91313  3.90292  2.29092  3.39785  4.39598  3.48081  4.10147  3.12854  0.81514  3.21848  3.39793  3.62210  5.38889  4.25548    124 r - - -
          2.68618  4.42225  2.77519  2.73123  3.46354  2.40513  3.72494  3.29354  2.67741  2.69355  4.24690  2.90347  2.73739  3.18146  2.89801  2.37887  2.77519  2.98518  4.58477  3.61503
          0.02791  3.98834  4.71069  0.61958  0.77255  0.48576  0.95510
     87   3.08046  5.04627  3.26399  2.86530  4.45921  3.55613  3.82741  3.89603  0.89012  3.43646  4.39282  3.28423  4.04924  3.01315  2.45916  3.11553  3.32569  3.59770  5.46716  4.29710    125 k - - -
          2.68618  4.42225  2.77519  2.73123  3.46354  2.40513  3.72494  3.29354  2.67741  2.69355  4.24690  2.90347  2.73739  3.18146  2.89801  2.37887  2.77519  2.98518  4.58477  3.61503
          0.02791  3.98834  4.71069  0.61958  0.77255  0.48576  0.95510
     88   3.13931  4.96820  3.64209  3.13042  4.35226  3.60365  3.91313  3.90292  2.29092  3.39785  4.39598  3.48081  4.10147  3.12854  0.81514  3.21848  3.39793  3.62210  5.38889  4.25548    126 r - - -
          2.68618  4.42225  2.77519  2.73123  3.46354  2.40513  3.72494  3.29354  2.67741  2.69355  4.24690  2.90347  2.73739  3.18146  2.89801  2.37887  2.77519  2.98518  4.58477  3.61503
          0.02791  3.98834  4.71069  0.61958  0.77255  0.48576  0.95510
     89   2.85752  5.39663  1.94680  1.45169  4.68273  3.25204  3.70314  4.18484  2.62446  3.67954  4.50048  2.71057  3.82227  2.42604  3.16944  2.76361  3.12548  3.76609  5.83736  4.36715    127 e - - -
          2.68618  4.42225  2.77519  2.73123  3.46354  2.40513  3.72494  3.29354  2.67741  2.69355  4.24690  2.90347  2.73739  3.18146  2.89801  2.37887  2.77519  2.98518  4.58477  3.61503
          0.02791  3.98834  4.71069  0.61958  0.77255  0.48576  0.95510
     90   2.96221  5.53005  1.36582  1.57205  4.81477  3.21865  3.77496  4.33379  2.80444  3.83968  4.70091  2.68405  3.84706  2.94464  3.40455  2.84214  3.25370  3.90911  5.99059  4.48517    128 d - - -
          2.68618  4.42225  2.77519  2.73123  3.46354  2.40513  3.72494  3.29354  2.67741  2.69355  4.24690  2.90347  2.73739  3.18146  2.89801  2.37887  2.77519  2.98518  4.58477  3.61503
          0.02791  3.98834  4.71069  0.61958  0.77255  0.48576  0.95510
     91   2.74149  5.16404  2.13275  1.92789  4.48149  2.16170  3.66958  3.95185  2.54066  3.48175  4.28804  2.76730  3.80081  2.81363  2.88949  2.59598  3.00353  3.55507  5.66294  4.24196    129 e - - -
          2.68619  4.42226  2.77520  2.73112  3.46355  2.40514  3.72495  3.29355  2.67742  2.69356  4.24691  2.90342  2.73741  3.18147  2.89802  2.37888  2.77520  2.98519  4.58478  3.61504
          0.08617  2.60961  4.71069  0.52296  0.89836  0.48576  0.95510
     92   2.83176  5.26303  2.17436  1.31545  4.59249  3.24446  3.73162  4.06915  2.66371  3.61144  4.44805  2.74113  3.82650  2.89334  3.19483  2.44536  3.11455  3.66892  5.78904  4.34253    132 e - - -
          2.68618  4.42225  2.77519  2.73123  3.46354  2.40513  3.72494  3.29354  2.67741  2.69355  4.24690  2.90347  2.73739  3.18146  2.89801  2.37887  2.77519  2.98518  4.58477  3.61503
          0.02791  3.98834  4.71069  0.61958  0.77255  0.48576  0.95510
     93   2.88811  5.42325  1.82782  1.37505  4.73116  2.85296  3.73882  4.23719  2.71866  3.74148  4.57589  2.69823  3.82855  2.89825  3.29497  2.78838  3.17056  3.81299  5.90299  4.41883    133 e - - -
          2.68618  4.42225  2.77519  2.73123  3.46354  2.40513  3.72494  3.29354  2.67741  2.69355  4.24690  2.90347  2.73739  3.18146  2.89801  2.37887  2.77519  2.98518  4.58477  3.61503
          0.02791  3.98834  4.71069  0.61958  0.77255  0.48576  0.95510
     94   2.72078  4.94415  2.76024  1.53828  4.20139  3.39187  3.65927  3.56925  2.28644  3.17683  3.52339  2.91845  3.84833  2.81488  2.78695  2.72831  2.96116  3.25625  5.42769  4.08848    134 e - - -
          2.68621  4.42228  2.77522  2.73107  3.46357  2.40502  3.72497  3.29357  2.67744  2.69358  4.24693  2.90340  2.73742  3.18149  2.89804  2.37890  2.77522  2.98521  4.58480  3.61506
          0.13496  2.56129  3.01501  0.87950  0.53613  0.48576  0.95510
     95   2.72465  4.92378  2.25482  2.17838  4.43630  1.50288  3.81964  3.89103  2.78013  3.49625  4.35643  2.83748  3.81094  3.01393  3.26837  2.72976  3.05913  3.49340  5.68263  4.31579    139 g - - -
          2.68618  4.42225  2.77519  2.73123  3.46354  2.40513  3.72494  3.29354  2.67741  2.69355  4.24690  2.90347  2.73739  3.18146  2.89801  2.37887  2.77519  2.98518  4.58477  3.61503
          0.02910  3.94747  4.66982  0.61958  0.77255  0.46140  0.99534
     96   2.24554  1.34184  3.96571  3.64122  3.89934  3.01288  4.36841  3.15437  3.48629  3.03067  3.96934  3.56229  3.76515  3.79388  3.66738  2.13749  2.73416  2.77880  5.37029  4.14716    140 c - - -
          2.68618  4.42225  2.77519  2.73123  3.46354  2.40513  3.72494  3.29354  2.67741  2.69355  4.24690  2.90347  2.73739  3.18146  2.89801  2.37887  2.77519  2.98518  4.58477  3.61503
          0.02791  3.98834  4.71069  0.61958  0.77255  0.48576  0.95510
     97   3.03974  5.14699  3.42184  2.78473  4.59251  3.64845  3.61742  3.94821  1.20468  3.39881  4.27334  3.18990  4.02719  2.75520  1.79011  3.03767  3.21245  3.63093  5.44509  4.27222    141 k - - -
          2.68618  4.42225  2.77519  2.73123  3.46354  2.40513  3.72494  3.29354  2.67741  2.69355  4.24690  2.90347  2.73739  3.18146  2.89801  2.37887  2.77519  2.98518  4.58477  3.61503
          0.02791  3.98834  4.71069  0.61958  0.77255  0.48576  0.95510
     98   3.41777  4.85972  4.01075  3.76289  2.30508  3.96624  3.67777  3.41116  3.61712  2.83492  4.07439  3.86841  4.43788  3.89519  3.77663  3.54253  3.70529  3.28733  3.95292  0.79291    142 y - - -
          2.68618  4.42225  2.77519  2.73123  3.46354  2.40513  3.72494  3.29354  2.67741  2.69355  4.24690  2.90347  2.73739  3.18146  2.89801  2.37887  2.77519  2.98518  4.58477  3.61503
          0.02791  3.98834  4.71069  0.61958  0.77255  0.48576  0.95510
     99   3.14485  4.46159  4.78363  4.25963  3.38918  4.47737  4.93134  1.18221  4.12734  1.67285  3.19863  4.50591  4.74117  4.36075  4.31241  3.84596  3.39469  1.61342  5.39159  4.22002    143 i - - -
          2.68618  4.42225  2.77519  2.73123  3.46354  2.40513  3.72494  3.29354  2.67741  2.69355  4.24690  2.90347  2.73739  3.18146  2.89801  2.37887  2.77519  2.98518  4.58477  3.61503
          0.02791  3.98834  4.71069  0.61958  0.77255  0.48576  0.95510
    100   3.13931  4.96820  3.64209  3.13042  4.35226  3.60365  3.91313  3.90292  2.29092  3.39785  4.39598  3.48081  4.10147  3.12854  0.81514  3.21848  3.39793  3.62210  5.38889  4.25548    144 r - - -
          2.68618  4.42225  2.77519  2.73123  3.46354  2.40513  3.72494  3.29354  2.67741  2.69355  4.24690  2.90347  2.73739  3.18146  2.89801  2.37887  2.77519  2.98518  4.58477  3.61503
          0.02791  3.98834  4.71069  0.61958  0.77255  0.48576  0.95510
    101   3.28689  4.71547  4.37514  4.01667  3.18286  4.12850  4.63612  2.39448  3.78327  0.74469  3.17170  4.28086  4.54468  4.12383  3.93992  3.71458  3.57630  2.46167  5.10300  3.85269    145 l - - -
          2.68618  4.42225  2.77519  2.73123  3.46354  2.40513  3.72494  3.29354  2.67741  2.69355  4.24690  2.90347  2.73739  3.18146  2.89801  2.37887  2.77519  2.98518  4.58477  3.61503
          0.02791  3.98834  4.71069  0.61958  0.77255  0.48576  0.95510
    102   3.05543  5.18666  2.54144  0.87124  4.54794  3.35125  3.94962  4.02501  2.84498  3.62405  4.59418  3.00357  3.96170  3.16363  3.26493  3.02678  3.36094  3.69735  5.69772  4.42144    146 e - - -
          2.68618  4.42225  2.77519  2.73123  3.46354  2.40513  3.72494  3.29354  2.67741  2.69355  4.24690  2.90347  2.73739  3.18146  2.89801  2.37887  2.77519  2.98518  4.58477  3.61503
          0.02791  3.98834  4.71069  0.61958  0.77255  0.48576  0.95510
    103   3.13931  4.96820  3.64209  3.13042  4.35226  3.60365  3.91313  3.90292  2.29092  3.39785  4.39598  3.48081  4.10147  3.12854  0.81514  3.21848  3.39793  3.62210  5.38889  4.25548    147 r - - -
          2.68618  4.42225  2.77519  2.73123  3.46354  2.40513  3.72494  3.29354  2.67741  2.69355  4.24690  2.90347  2.73739  3.18146  2.89801  2.37887  2.77519  2.98518  4.58477  3.61503
          0.02791  3.98834  4.71069  0.61958  0.77255  0.48576  0.95510
    104   2.82743  4.99961  3.12369  2.59611  4.40501  2.96221  3.62175  3.79324  1.92333  3.30615  4.14454  2.91701  3.91872  2.76300  1.56489  2.83777  3.04360  3.45312  5.42796  4.18008    148 r - - -
          2.68592  4.42227  2.77522  2.73125  3.46356  2.40515  3.72497  3.29356  2.67743  2.69357  4.24692  2.90349  2.73736  3.18148  2.89803  2.37889  2.77522  2.98520  4.58479  3.61505
          0.19820  1.76729  4.71069  0.29791  1.35623  0.48576  0.95510
    105   1.98450  4.34422  3.26892  2.77399  3.86142  2.74777  3.84710  3.23849  2.75824  2.61008  3.77383  3.15207  3.25981  3.08362  3.14858  2.38341  2.28085  2.90124  5.22643  3.96786    150 a - - -
          2.68618  4.42225  2.77519  2.73123  3.46354  2.40513  3.72494  3.29354  2.67741  2.69355  4.24690  2.90347  2.73739  3.18146  2.89801  2.37887  2.77519  2.98518  4.58477  3.61503
          0.02791  3.98834  4.71069  0.61958  0.77255  0.48576  0.95510
    106   2.06615  4.31748  3.25801  3.03045  4.21638  3.06415  4.16782  3.53864  3.09286  3.27233  4.20418  3.28911  1.30955  3.44133  3.40091  2.55667  2.84977  3.11823  5.57299  4.34419    151 p - - -
          2.68618  4.42225  2.77519  2.73123  3.46354  2.40513  3.72494  3.29354  2.67741  2.69355  4.24690  2.90347  2.73739  3.18146  2.89801  2.37887  2.77519  2.98518  4.58477  3.61503
          0.02791  3.98834  4.71069  0.61958  0.77255  0.48576  0.95510
    107   2.85571  4.99875  3.19567  2.63465  4.28295  3.54546  3.62046  3.71694  2.06794  3.05903  4.09668  3.08812  3.94192  1.75981  1.93492  2.87089  3.06079  3.40901  5.36497  4.10131    152 q - - -
          2.68618  4.42225  2.77519  2.73123  3.46354  2.40513  3.72494  3.29354  2.67741  2.69355  4.24690  2.90347  2.73739  3.18146  2.89801  2.37887  2.77519  2.98518  4.58477  3.61503
          0.02791  3.98834  4.71069  0.61958  0.77255  0.48576  0.95510
    108   2.40238  4.92011  2.89099  2.41480  4.26957  3.38532  3.61419  3.69249  1.87387  3.24272  4.04987  2.46854  3.81639  2.75116  2.54844  2.44357  2.89765  3.33185  5.42278  4.09460    153 k - - -
          2.68618  4.42225  2.77519  2.73123  3.46354  2.40513  3.72494  3.29354  2.67741  2.69355  4.24690  2.90347  2.73739  3.18146  2.89801  2.37887  2.77519  2.98518  4.58477  3.61503
          0.02791  3.98834  4.71069  0.61958  0.77255  0.48576  0.95510
    109   3.25523  4.61002  4.71551  4.16723  2.16492  4.43041  4.53695  2.26269  4.03109  1.00611  2.71722  4.39149  4.64107  4.13967  4.15905  3.76686  3.47561  2.39030  4.83951  3.54150    154 l - - -
          2.68618  4.42225  2.77519  2.73123  3.46354  2.40513  3.72494  3.29354  2.67741  2.69355  4.24690  2.90347  2.73739  3.18146  2.89801  2.37887  2.77519  2.98518  4.58477  3.61503
          0.02791  3.98834  4.71069  0.61958  0.77255  0.48576  0.95510
    110   2.50268  4.18081  3.91807  3.34472  3.25662  3.75053  4.05411  2.15488  3.24808  1.99499  2.71923  3.64343  4.10994  3.29091  3.50050  3.03142  2.77292  1.85219  4.83924  3.64543    155 v - - -
          2.68618  4.42225  2.77519  2.73123  3.46354  2.40513  3.72494  3.29354  2.67741  2.69355  4.24690  2.90347  2.73739  3.18146  2.89801  2.37887  2.77519  2.98518  4.58477  3.61503
          0.02791  3.98834  4.71069  0.61958  0.77255  0.48576  0.95510
    111   3.05812  5.10052  3.48124  2.84841  4.53301  3.65518  3.64366  3.89920  1.75545  3.36908  4.26256  3.23421  4.04638  2.79178  1.19023  3.07355  3.23775  3.59560  5.42182  4.25772    156 r - - -
          2.68618  4.42225  2.77519  2.73123  3.46354  2.40513  3.72494  3.29354  2.67741  2.69355  4.24690  2.90347  2.73739  3.18146  2.89801  2.37887  2.77519  2.98518  4.58477  3.61503
          0.02791  3.98834  4.71069  0.61958  0.77255  0.48576  0.95510
    112   3.08046  5.04627  3.26399  2.86530  4.45921  3.55613  3.82741  3.89603  0.89012  3.43646  4.39282  3.28423  4.04924  3.01315  2.45916  3.11553  3.32569  3.59770  5.46716  4.29710    157 k - - -
          2.68618  4.42225  2.77519  2.73123  3.46354  2.40513  3.72494  3.29354  2.67741  2.69355  4.24690  2.90347  2.73739  3.18146  2.89801  2.37887  2.77519  2.98518  4.58477  3.61503
          0.02791  3.98834  4.71069  0.61958  0.77255  0.48576  0.95510
    113   3.40857  4.77675  4.39755  4.13510  0.83962  4.06909  3.93288  2.91916  4.03948  2.26303  3.63288  4.15112  4.52588  4.17580  4.13054  3.67184  3.71017  2.91817  4.14959  2.50289    158 f - - -
          2.68618  4.42225  2.77519  2.73123  3.46354  2.40513  3.72494  3.29354  2.67741  2.69355  4.24690  2.90347  2.73739  3.18146  2.89801  2.37887  2.77519  2.98518  4.58477  3.61503
          0.02791  3.98834  4.71069  0.61958  0.77255  0.48576  0.95510
    114   3.05375  5.08260  3.47726  2.85802  4.50848  3.64711  3.65553  3.88425  1.80696  3.36158  4.26077  3.24172  4.04683  2.80738  1.16133  3.07450  3.23970  3.58254  5.41689  4.25009    159 r - - -
          2.68618  4.42225  2.77519  2.73123  3.46354  2.40513  3.72494  3.29354  2.67741  2.69355  4.24690  2.90347  2.73739  3.18146  2.89801  2.37887  2.77519  2.98518  4.58477  3.61503
          0.02791  3.98834  4.71069  0.61958  0.77255  0.48576  0.95510
    115   3.28689  4.71547  4.37514  4.01667  3.18286  4.12850  4.63612  2.39448  3.78327  0.74469  3.17170  4.28086  4.54468  4.12383  3.93992  3.71458  3.57630  2.46167  5.10300  3.85269    160 l - - -
          2.68618  4.42225  2.77519  2.73123  3.46354  2.40513  3.72494  3.29354  2.67741  2.69355  4.24690  2.90347  2.73739  3.18146  2.89801  2.37887  2.77519  2.98518  4.58477  3.61503
          0.02791  3.98834  4.71069  0.61958  0.77255  0.48576  0.95510
    116   2.91126  4.64815  3.53115  3.38772  4.37113  3.32916  4.45479  3.94740  3.45513  3.56126  4.61679  3.68224  0.63784  3.84039  3.68664  3.08262  3.36217  3.57939  5.52489  4.49373    161 P - - -
          2.68618  4.42225  2.77519  2.73123  3.46354  2.40513  3.72494  3.29354  2.67741  2.69355  4.24690  2.90347  2.73739  3.18146  2.89801  2.37887  2.77519  2.98518  4.58477  3.61503
          0.02791  3.98834  4.71069  0.61958  0.77255  0.48576  0.95510
    117   2.90043  5.40129  2.06276  1.23013  4.68053  3.24511  3.73798  4.17911  2.68576  3.69552  4.54288  2.71482  3.83995  2.77286  3.22737  2.80544  3.17846  3.77558  5.86080  4.39199    162 e - - -
          2.68618  4.42225  2.77519  2.73123  3.46354  2.40513  3.72494  3.29354  2.67741  2.69355  4.24690  2.90347  2.73739  3.18146  2.89801  2.37887  2.77519  2.98518  4.58477  3.61503
          0.02791  3.98834  4.71069  0.61958  0.77255  0.48576  0.95510
    118   2.79434  5.21431  1.78871  2.19196  4.42010  3.26800  3.69788  3.98971  2.61661  3.52799  4.35682  1.84067  3.81942  2.86024  3.14528  2.73509  3.06461  3.59985  5.65713  3.79152    163 d - - -
          2.68618  4.42225  2.77519  2.73123  3.46354  2.40513  3.72494  3.29354  2.67741  2.69355  4.24690  2.90347  2.73739  3.18146  2.89801  2.37887  2.77519  2.98518  4.58477  3.61503
          0.02791  3.98834  4.71069  0.61958  0.77255  0.48576  0.95510
    119   1.05538  3.14736  3.92133  3.55460  4.00975  3.01498  4.37168  3.07881  3.44982  3.02200  3.97485  3.53047  3.76124  3.73708  3.67461  2.47304  2.72458  2.71768  5.47816  4.29278    164 a - - -
          2.68618  4.42225  2.77519  2.73123  3.46354  2.40513  3.72494  3.29354  2.67741  2.69355  4.24690  2.90347  2.73739  3.18146  2.89801  2.37887  2.77519  2.98518  4.58477  3.61503
          0.02791  3.98834  4.71069  0.61958  0.77255  0.48576  0.95510
    120   2.88401  5.34238  1.61774  2.14887  4.66507  3.21713  3.77468  4.21860  2.77463  3.74610  4.59873  1.65044  3.83663  2.94814  3.34187  2.80004  3.18601  3.79430  5.87566  4.39367    165 d - - -
          2.68618  4.42225  2.77519  2.73123  3.46354  2.40513  3.72494  3.29354  2.67741  2.69355  4.24690  2.90347  2.73739  3.18146  2.89801  2.37887  2.77519  2.98518  4.58477  3.61503
          0.02791  3.98834  4.71069  0.61958  0.77255  0.48576  0.95510
    121   2.36594  4.20899  3.71247  3.17858  3.50217  3.51089  4.03181  2.47141  3.09750  2.47416  3.12931  3.48497  3.98707  3.40130  3.40073  2.71212  2.28811  1.73119  5.01593  3.79804    166 v - - -
          2.68618  4.42225  2.77519  2.73123  3.46354  2.40513  3.72494  3.29354  2.67741  2.69355  4.24690  2.90347  2.73739  3.18146  2.89801  2.37887  2.77519  2.98518  4.58477  3.61503
          0.02791  3.98834  4.71069  0.61958  0.77255  0.48576  0.95510
    122   1.96560  4.18858  3.30479  3.03513  4.34144  2.12347  4.16955  3.76709  3.14324  3.44138  4.25682  3.23700  3.67581  3.42324  3.48065  1.39156  2.70548  3.20253  5.66612  4.44038    167 s - - -
          2.68618  4.42225  2.77519  2.73123  3.46354  2.40513  3.72494  3.29354  2.67741  2.69355  4.24690  2.90347  2.73739  3.18146  2.89801  2.37887  2.77519  2.98518  4.58477  3.61503
          0.02791  3.98834  4.71069  0.61958  0.77255  0.48576  0.95510
    123   1.29279  4.15020  3.38921  3.12239  4.29733  2.04865  4.21339  3.69282  3.21188  3.39792  4.22443  3.28069  3.67660  3.48752  3.52678  2.18381  2.69602  3.14715  5.64297  4.43207    168 a - - -
          2.68618  4.42225  2.77519  2.73123  3.46354  2.40513  3.72494  3.29354  2.67741  2.69355  4.24690  2.90347  2.73739  3.18146  2.89801  2.37887  2.77519  2.98518  4.58477  3.61503
          0.02791  3.98834  4.71069  0.61958  0.77255  0.48576  0.95510
    124   3.08772  4.41385  4.76118  4.26871  3.53399  4.41140  4.98620  1.19444  4.15025  2.03084  3.34408  4.49200  4.73141  4.41746  4.35007  3.80117  3.35632  1.32196  5.50506  4.30117    169 i - - -
          2.68618  4.42225  2.77519  2.73123  3.46354  2.40513  3.72494  3.29354  2.67741  2.69355  4.24690  2.90347  2.73739  3.18146  2.89801  2.37887  2.77519  2.98518  4.58477  3.61503
          0.02791  3.98834  4.71069  0.61958  0.77255  0.48576  0.95510
    125   1.87701  4.16816  3.46261  3.10634  4.13950  2.99529  4.14139  3.45009  3.10501  3.20825  4.06153  3.29338  3.70843  3.41419  3.42348  2.01436  1.55499  2.99925  5.50891  4.29239    170 t - - -
          2.68618  4.42225  2.77519  2.73123  3.46354  2.40513  3.72494  3.29354  2.67741  2.69355  4.24690  2.90347  2.73739  3.18146  2.89801  2.37887  2.77519  2.98518  4.58477  3.61503
          0.02791  3.98834  4.71069  0.61958  0.77255  0.48576  0.95510
    126   0.85887  4.25296  3.58291  3.38090  4.17031  3.07413  4.38889  3.31337  3.40020  3.18950  4.20961  3.50037  3.82443  3.73098  3.64195  2.60277  2.88822  2.94768  5.58588  4.39937    171 a - - -
          2.68618  4.42225  2.77519  2.73123  3.46354  2.40513  3.72494  3.29354  2.67741  2.69355  4.24690  2.90347  2.73739  3.18146  2.89801  2.37887  2.77519  2.98518  4.58477  3.61503
          0.02791  3.98834  4.71069  0.61958  0.77255  0.48576  0.95510
    127   3.04457  5.15346  3.43960  2.78951  4.60315  3.65506  3.61349  3.95517  1.23905  3.40166  4.27497  3.19277  4.02945  2.75008  1.72071  3.04132  3.21436  3.63766  5.44532  4.27543    172 k - - -
          2.68618  4.42225  2.77519  2.73123  3.46354  2.40513  3.72494  3.29354  2.67741  2.69355  4.24690  2.90347  2.73739  3.18146  2.89801  2.37887  2.77519  2.98518  4.58477  3.61503
          0.02791  3.98834  4.71069  0.61958  0.77255  0.48576  0.95510
    128   2.64361  1.54933  3.95066  3.48970  3.10539  3.51843  4.02768  2.71769  3.30668  2.49071  3.53765  3.65874  4.05375  3.63065  3.51818  2.92999  2.97618  2.52034  4.68761  2.70924    173 c - - -
          2.68618  4.42225  2.77519  2.73123  3.46354  2.40513  3.72494  3.29354  2.67741  2.69355  4.24690  2.90347  2.73739  3.18146  2.89801  2.37887  2.77519  2.98518  4.58477  3.61503
          0.02791  3.98834  4.71069  0.61958  0.77255  0.48576  0.95510
    129   2.86770  5.33874  2.20245  1.30765  4.62218  3.26764  3.71325  4.10969  2.60382  3.62514  4.46237  2.73913  3.83712  2.52405  3.11072  2.78561  3.13566  3.71356  5.78906  4.34486    174 e - - -
          2.68618  4.42225  2.77519  2.73123  3.46354  2.40513  3.72494  3.29354  2.67741  2.69355  4.24690  2.90347  2.73739  3.18146  2.89801  2.37887  2.77519  2.98518  4.58477  3.61503
          0.02791  3.98834  4.71069  0.61958  0.77255  0.48576  0.95510
    130   2.85594  5.14880  2.38723  2.04472  4.49201  3.26659  3.77949  3.99799  2.64421  3.57180  4.44382  1.38794  3.86298  2.96224  3.08946  2.81753  3.15462  3.61849  5.70529  4.29991    175 n - - -
          2.68618  4.42225  2.77519  2.73123  3.46354  2.40513  3.72494  3.29354  2.67741  2.69355  4.24690  2.90347  2.73739  3.18146  2.89801  2.37887  2.77519  2.98518  4.58477  3.61503
          0.02791  3.98834  4.71069  0.61958  0.77255  0.48576  0.95510
    131   2.81452  4.57735  3.51193  3.42662  4.56468  0.57077  4.53882  4.19344  3.62358  3.83276  4.81022  3.67637  3.97216  3.93866  3.84594  2.98993  3.30479  3.69941  5.62821  4.67086    176 G - - -
          2.68618  4.42225  2.77519  2.73123  3.46354  2.40513  3.72494  3.29354  2.67741  2.69355  4.24690  2.90347  2.73739  3.18146  2.89801  2.37887  2.77519  2.98518  4.58477  3.61503
          0.02791  3.98834  4.71069  0.61958  0.77255  0.48576  0.95510
    132   2.90009  4.41191  4.28460  3.95244  3.63677  3.84247  4.73476  2.05062  3.82197  2.30443  3.58543  4.12334  4.39734  4.17394  4.02313  3.35417  3.25934  0.89057  5.44040  4.17872    177 v - - -
          2.68618  4.42225  2.77519  2.73123  3.46354  2.40513  3.72494  3.29354  2.67741  2.69355  4.24690  2.90347  2.73739  3.18146  2.89801  2.37887  2.77519  2.98518  4.58477  3.61503
          0.02791  3.98834  4.71069  0.61958  0.77255  0.48576  0.95510
    133   3.28689  4.71547  4.37514  4.01667  3.18286  4.12850  4.63612  2.39448  3.78327  0.74469  3.17170  4.28086  4.54468  4.12383  3.93992  3.71458  3.57630  2.46167  5.10300  3.85269    178 l - - -
          2.68618  4.42225  2.77519  2.73123  3.46354  2.40513  3.72494  3.29354  2.67741  2.69355  4.24690  2.90347  2.73739  3.18146  2.89801  2.37887  2.77519  2.98518  4.58477  3.61503
          0.02791  3.98834  4.71069  0.61958  0.77255  0.48576  0.95510
    134   2.03269  4.17206  3.45743  3.13800  4.14067  3.00300  4.17226  3.38876  3.12976  3.19697  4.07293  3.31417  3.72409  3.45442  3.43044  2.23869  1.33963  2.95857  5.52458  4.30811    179 t - - -
          2.68618  4.42225  2.77519  2.73123  3.46354  2.40513  3.72494  3.29354  2.67741  2.69355  4.24690  2.90347  2.73739  3.18146  2.89801  2.37887  2.77519  2.98518  4.58477  3.61503
          0.02791  3.98834  4.71069  0.61958  0.77255  0.48576  0.95510
    135   2.90009  4.41191  4.28460  3.95244  3.63677  3.84247  4.73476  2.05062  3.82197  2.30443  3.58543  4.12334  4.39734  4.17394  4.02313  3.35417  3.25934  0.89057  5.44040  4.17872    180 v - - -
          2.68618  4.42225  2.77519  2.73123  3.46354  2.40513  3.72494  3.29354  2.67741  2.69355  4.24690  2.90347  2.73739  3.18146  2.89801  2.37887  2.77519  2.98518  4.58477  3.61503
          0.02791  3.98834  4.71069  0.61958  0.77255  0.48576  0.95510
    136   2.58715  4.24547  3.72890  3.22073  3.55261  3.55319  4.09276  2.29752  3.12546  2.49106  3.49162  3.28132  4.03593  3.45280  3.42494  2.88845  2.28445  1.55759  5.09020  3.85995    181 v - - -
          2.68618  4.42225  2.77519  2.73123  3.46354  2.40513  3.72494  3.29354  2.67741  2.69355  4.24690  2.90347  2.73739  3.18146  2.89801  2.37887  2.77519  2.98518  4.58477  3.61503
          0.02791  3.98834  4.71069  0.61958  0.77255  0.48576  0.95510
    137   2.72725  4.34637  4.48241  3.99066  3.59625  4.13784  4.76106  1.66007  3.87877  2.19170  3.42814  4.22190  4.53897  4.17523  4.11173  3.51562  3.22099  1.08081  5.44520  4.23011    182 v - - -
          2.68618  4.42225  2.77519  2.73123  3.46354  2.40513  3.72494  3.29354  2.67741  2.69355  4.24690  2.90347  2.73739  3.18146  2.89801  2.37887  2.77519  2.98518  4.58477  3.61503
          0.02791  3.98834  4.71069  0.61958  0.77255  0.48576  0.95510
    138   2.79092  5.16897  2.62447  1.75649  4.50232  3.11076  3.63283  3.94285  1.80717  3.44632  4.25885  2.85204  3.84409  2.65074  2.69959  2.74744  3.02596  3.56296  5.58791  4.23021    183 e - - -
          2.68618  4.42225  2.77519  2.73123  3.46354  2.40513  3.72494  3.29354  2.67741  2.69355  4.24690  2.90347  2.73739  3.18146  2.89801  2.37887  2.77519  2.98518  4.58477  3.61503
          0.02791  3.98834  4.71069  0.61958  0.77255  0.48576  0.95510
    139   3.08046  5.04627  3.26399  2.86530  4.45921  3.55613  3.82741  3.89603  0.89012  3.43646  4.39282  3.28423  4.04924  3.01315  2.45916  3.11553  3.32569  3.59770  5.46716  4.29710    184 k - - -
          2.68618  4.42225  2.77519  2.73123  3.46354  2.40513  3.72494  3.29354  2.67741  2.69355  4.24690  2.90347  2.73739  3.18146  2.89801  2.37887  2.77519  2.98518  4.58477  3.61503
          0.02791  3.98834  4.71069  0.61958  0.77255  0.48576  0.95510
    140   2.65280  4.58151  3.24711  2.67295  3.67686  3.51541  2.51598  3.13653  2.42321  2.24803  3.47239  3.12681  3.89653  2.76526  2.59782  2.76674  2.87526  2.88658  5.03872  3.74017    185 l - - -
          2.68618  4.42225  2.77519  2.73123  3.46354  2.40513  3.72494  3.29354  2.67741  2.69355  4.24690  2.90347  2.73739  3.18146  2.89801  2.37887  2.77519  2.98518  4.58477  3.61503
          0.02791  3.98834  4.71069  0.61958  0.77255  0.48576  0.95510
    141   2.45578  4.37369  3.24366  3.03091  4.19302  3.10707  4.16687  3.54416  3.06568  3.25656  4.22139  3.30721  1.19045  3.44632  3.36156  2.61884  2.66046  3.14773  5.54910  4.31482    186 p - - -
          2.68618  4.42225  2.77519  2.73123  3.46354  2.40513  3.72494  3.29354  2.67741  2.69355  4.24690  2.90347  2.73739  3.18146  2.89801  2.37887  2.77519  2.98518  4.58477  3.61503
          0.02791  3.98834  4.71069  0.61958  0.77255  0.48576  0.95510
    142   2.91126  4.64815  3.53115  3.38772  4.37113  3.32916  4.45479  3.94740  3.45513  3.56126  4.61679  3.68224  0.63784  3.84039  3.68664  3.08262  3.36217  3.57939  5.52489  4.49373    187 P - - -
          2.68621  4.42228  2.77522  2.73126  3.46356  2.40515  3.72497  3.29357  2.67743  2.69357  4.24692  2.90349  2.73712  3.18129  2.89803  2.37889  2.77522  2.98521  4.58479  3.61506
          0.23670  1.60061  4.71069  0.26967  1.44237  0.48576  0.95510
    143   2.77129  4.93875  2.60040  1.86567  4.36553  3.29069  3.80834  3.79670  2.65013  3.39911  4.27584  2.93165  1.70841  2.99424  3.07400  2.78445  3.07469  3.43953  5.58561  4.25898    189 p - - -
          2.68618  4.42225  2.77519  2.73123  3.46354  2.40513  3.72494  3.29354  2.67741  2.69355  4.24690  2.90347  2.73739  3.18146  2.89801  2.37887  2.77519  2.98518  4.58477  3.61503
          0.02791  3.98834  4.71069  0.61958  0.77255  0.48576  0.95510
    144   2.70828  4.89068  2.86144  2.46910  4.26515  3.38066  3.66597  3.68162  1.93930  3.24783  4.08333  2.96360  2.14901  2.68619  2.66614  2.63187  2.96273  3.33515  5.43329  4.12633    190 k - - -
          2.68618  4.42225  2.77519  2.73123  3.46354  2.40513  3.72494  3.29354  2.67741  2.69355  4.24690  2.90347  2.73739  3.18146  2.89801  2.37887  2.77519  2.98518  4.58477  3.61503
          0.02791  3.98834  4.71069  0.61958  0.77255  0.48576  0.95510
    145   3.08046  5.04627  3.26399  2.86530  4.45921  3.55613  3.82741  3.89603  0.89012  3.43646  4.39282  3.28423  4.04924  3.01315  2.45916  3.11553  3.32569  3.59770  5.46716  4.29710    191 k - - -
          2.68618  4.42225  2.77519  2.73123  3.46354  2.40513  3.72494  3.29354  2.67741  2.69355  4.24690  2.90347  2.73739  3.18146  2.89801  2.37887  2.77519  2.98518  4.58477  3.61503
          0.02791  3.98834  4.71069  0.61958  0.77255  0.48576  0.95510
    146   1.95160  4.26475  3.30777  2.89810  4.13134  3.05055  3.99761  3.52114  2.91339  3.19851  4.02860  3.19019  2.29617  3.22881  3.28435  2.00676  2.21292  3.07252  5.46482  4.21848    192 a - - -
          2.68618  4.42225  2.77519  2.73123  3.46354  2.40513  3.72494  3.29354  2.67741  2.69355  4.24690  2.90347  2.73739  3.18146  2.89801  2.37887  2.77519  2.98518  4.58477  3.61503
          0.02791  3.98834  4.71069  0.61958  0.77255  0.48576  0.95510
    147   3.08046  5.04627  3.26399  2.86530  4.45921  3.55613  3.82741  3.89603  0.89012  3.43646  4.39282  3.28423  4.04924  3.01315  2.45916  3.11553  3.32569  3.59770  5.46716  4.29710    193 k - - -
          2.68618  4.42225  2.77519  2.73123  3.46354  2.40513  3.72494  3.29354  2.67741  2.69355  4.24690  2.90347  2.73739  3.18146  2.89801  2.37887  2.77519  2.98518  4.58477  3.61503
          0.02791  3.98834  4.71069  0.61958  0.77255  0.48576  0.95510
    148   2.48351  4.47812  3.09153  2.70098  4.05633  3.22539  3.83936  3.41781  2.40031  3.09678  3.95241  3.10362  3.79693  3.05031  2.99446  2.19585  1.70403  3.05977  5.36541  4.09435    194 t - - -
          2.68618  4.42225  2.77519  2.73123  3.46354  2.40513  3.72494  3.29354  2.67741  2.69355  4.24690  2.90347  2.73739  3.18146  2.89801  2.37887  2.77519  2.98518  4.58477  3.61503
          0.02791  3.98834  4.71069  0.61958  0.77255  0.48576  0.95510
    149   2.94918  4.39682  4.45602  4.02571  3.55830  4.06829  4.78575  1.82878  3.87276  2.15489  3.44504  4.22683  4.52750  4.20598  4.09027  3.49169  3.26579  0.97450  5.44504  4.17935    195 v - - -
          2.68618  4.42225  2.77519  2.73123  3.46354  2.40513  3.72494  3.29354  2.67741  2.69355  4.24690  2.90347  2.73739  3.18146  2.89801  2.37887  2.77519  2.98518  4.58477  3.61503
          0.02791  3.98834  4.71069  0.61958  0.77255  0.48576  0.95510
    150   2.82978  5.21276  2.53636  1.69212  4.52600  3.35175  3.65815  3.97526  2.29005  3.48256  4.31073  2.83319  3.85371  1.96781  2.76383  2.77760  3.07127  3.60014  5.62963  4.25930    196 e - - -
          2.68618  4.42225  2.77519  2.73123  3.46354  2.40513  3.72494  3.29354  2.67741  2.69355  4.24690  2.90347  2.73739  3.18146  2.89801  2.37887  2.77519  2.98518  4.58477  3.61503
          0.06141  3.98834  3.19348  0.61958  0.77255  0.48576  0.95510
    151   3.02043  4.38949  4.60829  4.12326  3.53036  4.27564  4.86920  1.58304  3.99698  2.06663  3.36304  4.35513  4.63772  4.28958  4.21481  3.66558  3.29973  1.06538  5.46018  4.23531    197 v - - -
          2.68618  4.42225  2.77519  2.73123  3.46354  2.40513  3.72494  3.29354  2.67741  2.69355  4.24690  2.90347  2.73739  3.18146  2.89801  2.37887  2.77519  2.98518  4.58477  3.61503
          0.02885  3.95579  4.67814  0.61958  0.77255  0.51808  0.90551
    152   1.71920  4.23672  3.35458  2.92694  3.96267  3.09909  3.97742  3.27264  2.90934  3.02251  3.88206  2.94241  3.73662  3.23440  3.26189  2.40082  1.95418  2.72899  5.33644  4.09754    198 a - - -
          2.68618  4.42225  2.77519  2.73123  3.46354  2.40513  3.72494  3.29354  2.67741  2.69355  4.24690  2.90347  2.73739  3.18146  2.89801  2.37887  2.77519  2.98518  4.58477  3.61503
          0.02885  3.95579  4.67814  0.61958  0.77255  0.51808  0.90551
    153   3.06690  4.40758  4.69979  4.20945  3.49721  4.36320  4.93200  1.18004  4.08457  1.99540  3.31444  4.43901  4.69246  4.35728  4.28800  3.75275  3.33761  1.40328  5.46444  4.25884    199 i - - -
          2.68618  4.42225  2.77519  2.73123  3.46354  2.40513  3.72494  3.29354  2.67741  2.69355  4.24690  2.90347  2.73739  3.18146  2.89801  2.37887  2.77519  2.98518  4.58477  3.61503
          0.02885  3.95579  4.67814  0.61958  0.77255  0.51808  0.90551
    154   1.39775  4.13988  3.40830  3.12989  4.22008  2.93000  4.19405  3.56305  3.17560  3.31585  4.17085  3.28428  3.67660  3.47484  3.47896  1.61166  2.69250  3.06311  5.58686  4.36450    200 a - - -
          2.68618  4.42225  2.77519  2.73123  3.46354  2.40513  3.72494  3.29354  2.67741  2.69355  4.24690  2.90347  2.73739  3.18146  2.89801  2.37887  2.77519  2.98518  4.58477  3.61503
          0.01951  3.94645        *  0.61958  0.77255  0.00000        *
//
