HMMER3/f [3.1b2 | February 2015]
NAME  Mafft_Group_9
LENG  196
ALPH  amino
RF    no
MM    no
CONS  yes
CS    no
MAP   yes
DATE  Fri Oct 14 16:36:05 2016
NSEQ  41
EFFN  1.629089
CKSUM 3664392958
STATS LOCAL MSV      -10.6464  0.70560
STATS LOCAL VITERBI  -11.3919  0.70560
STATS LOCAL FORWARD   -4.7683  0.70560
HMM          A        C        D        E        F        G        H        I        K        L        M        N        P        Q        R        S        T        V        W        Y   
            m->m     m->i     m->d     i->m     i->i     d->m     d->d
  COMPO   2.57682  4.51097  2.88581  2.62527  3.60579  2.95110  3.81928  2.90476  2.58164  2.49026  3.72803  3.12622  2.97595  3.06738  2.83247  2.56139  2.82789  2.55323  4.52570  3.87520
          2.68618  4.42225  2.77519  2.73123  3.46354  2.40513  3.72494  3.29354  2.67741  2.69355  4.24690  2.90347  2.73739  3.18146  2.89801  2.37887  2.77519  2.98518  4.58477  3.61503
          0.41859  4.48462  1.10641  0.61958  0.77255  0.00000        *
      1   3.15538  4.67247  4.29184  3.90730  3.32297  4.00154  4.59196  2.52133  3.66186  1.88926  1.01300  4.15612  4.46804  4.03196  3.84037  3.52480  3.46747  2.55178  5.18975  3.96835      1 m - - -
          2.68618  4.42225  2.77519  2.73123  3.46354  2.40513  3.72494  3.29354  2.67741  2.69355  4.24690  2.90347  2.73739  3.18146  2.89801  2.37887  2.77519  2.98518  4.58477  3.61503
          0.02515  4.09119  4.81353  0.61958  0.77255  0.92260  0.50664
      2   2.43656  4.35689  3.41204  3.24379  4.30243  3.08348  4.34460  3.85758  3.33263  3.56274  4.47391  3.42903  3.84153  3.66554  3.60779  0.80325  2.93412  3.34384  5.65826  4.38878      2 s - - -
          2.68624  4.42231  2.77526  2.73129  3.46360  2.40519  3.72501  3.29360  2.67747  2.69361  4.24497  2.90353  2.73746  3.18152  2.89807  2.37893  2.77471  2.98524  4.58483  3.61509
          0.62955  0.93097  2.61732  0.15705  1.92870  0.63907  0.75032
      3   2.95742  4.32458  4.61169  4.05015  3.41973  4.20581  4.60435  1.64030  3.92991  2.11116  2.26292  4.24298  4.52668  4.14166  4.09285  3.53195  2.78578  1.43393  5.17081  3.99792      4 v - - -
          2.68618  4.42225  2.77519  2.73123  3.46354  2.40513  3.72494  3.29354  2.67741  2.69355  4.24690  2.90347  2.73739  3.18146  2.89801  2.37887  2.77519  2.98518  4.58477  3.61503
          0.24010  4.19788  1.61736  0.61958  0.77255  0.48370  0.95841
      4   2.28856  4.32042  3.54802  2.99553  3.51120  3.56204  3.90652  2.66264  2.93164  2.55824  2.34026  3.08185  3.98095  3.24380  3.27026  2.83622  2.09144  2.56519  4.96925  3.73932      5 t - - -
          2.68618  4.42225  2.77519  2.73123  3.46354  2.40513  3.72494  3.29354  2.67741  2.69355  4.24690  2.90347  2.73739  3.18146  2.89801  2.37887  2.77519  2.98518  4.58477  3.61503
          0.02225  4.21238  4.93473  0.61958  0.77255  0.34869  1.22286
      5   2.22472  4.37471  3.62176  3.05603  3.51446  3.67236  3.94496  2.86284  2.99998  2.58728  2.68797  3.44300  4.05750  2.94418  3.33711  2.14847  2.91980  1.98770  4.97006  3.54657      6 v - - -
          2.68618  4.42225  2.77519  2.73123  3.46354  2.40513  3.72494  3.29354  2.67741  2.69355  4.24690  2.90347  2.73739  3.18146  2.89801  2.37887  2.77519  2.98518  4.58477  3.61503
          0.01719  4.46799  5.19034  0.61958  0.77255  0.46900  0.98250
      6   1.95732  3.36243  3.38475  2.83385  3.88095  2.73569  3.90289  3.26457  2.80895  2.93922  3.54990  3.27185  3.97559  2.85565  3.21820  2.20033  2.24424  2.97869  5.25566  3.98683      7 a - - -
          2.68618  4.42225  2.77519  2.73123  3.46354  2.40513  3.72494  3.29354  2.67741  2.69355  4.24690  2.90347  2.73739  3.18146  2.89801  2.37887  2.77519  2.98518  4.58477  3.61503
          0.01690  4.48462  5.20697  0.61958  0.77255  0.48576  0.95510
      7   2.19658  4.55704  3.41922  2.87146  3.85210  3.53480  3.92375  2.85504  2.84335  2.72550  3.77510  3.30031  3.29371  3.16862  3.24405  1.76291  2.19996  2.93535  5.23929  3.97658      8 s - - -
          2.68618  4.42225  2.77519  2.73123  3.46354  2.40513  3.72494  3.29354  2.67741  2.69355  4.24690  2.90347  2.73739  3.18146  2.89801  2.37887  2.77519  2.98518  4.58477  3.61503
          0.01690  4.48462  5.20697  0.61958  0.77255  0.48576  0.95510
      8   2.43313  4.16057  4.32151  3.72997  2.65927  3.84757  4.14538  2.56433  3.37919  1.68229  3.13890  3.87942  4.21117  3.77996  3.71835  3.14273  2.95426  2.17984  4.74746  2.18685      9 l - - -
          2.68618  4.42225  2.77519  2.73123  3.46354  2.40513  3.72494  3.29354  2.67741  2.69355  4.24690  2.90347  2.73739  3.18146  2.89801  2.37887  2.77519  2.98518  4.58477  3.61503
          0.03178  4.48462  3.91197  0.61958  0.77255  0.48576  0.95510
      9   2.10279  4.32266  3.27800  2.72704  3.96688  2.97922  3.84511  3.36084  2.71075  2.41997  3.85815  2.86327  3.20494  3.04599  3.14110  2.06655  2.59997  3.06016  5.30810  4.01890     10 s - - -
          2.68618  4.42225  2.77519  2.73123  3.46354  2.40513  3.72494  3.29354  2.67741  2.69355  4.24690  2.90347  2.73739  3.18146  2.89801  2.37887  2.77519  2.98518  4.58477  3.61503
          0.17492  4.46999  1.90362  0.61958  0.77255  0.50993  0.91764
     10   2.63397  3.84760  4.18456  3.59459  2.32541  3.74847  4.05623  2.52540  3.45963  1.89481  3.20081  3.76517  4.11801  3.66513  3.61099  2.49399  2.44662  2.22955  3.73268  3.49716     11 l - - -
          2.68577  4.42250  2.77526  2.73148  3.46378  2.40529  3.72428  3.29356  2.67765  2.69320  4.24639  2.90371  2.73740  3.18118  2.89810  2.37892  2.77531  2.98520  4.58321  3.61528
          0.55871  1.38305  1.73025  1.45021  0.26725  0.44403  1.02568
     11   2.34456  4.35181  3.55102  3.00898  3.60311  3.52183  3.94503  2.89636  2.95861  2.16356  3.55949  3.38009  2.41789  3.26723  3.30644  2.37369  2.87139  2.20280  5.04986  3.81671     22 l - - -
          2.68618  4.42225  2.77519  2.73123  3.46354  2.40513  3.72494  3.29354  2.67741  2.69355  4.24690  2.90347  2.73739  3.18146  2.89801  2.37887  2.77519  2.98518  4.58477  3.61503
          0.10575  4.28072  2.44741  0.61958  0.77255  0.75630  0.63375
     12   2.12392  3.63810  3.78535  3.20907  3.11900  3.64721  3.93071  2.43784  3.12783  2.28368  3.27360  3.51786  4.02166  2.98103  3.39435  2.69714  2.75791  2.12991  4.76553  3.21567     23 a - - -
          2.68618  4.42225  2.77519  2.73123  3.46354  2.40513  3.72494  3.29354  2.67741  2.69355  4.24690  2.90347  2.73739  3.18146  2.89801  2.37887  2.77519  2.98518  4.58477  3.61503
          0.02259  4.19755  4.91990  0.61958  0.77255  0.40637  1.09680
     13   2.33061  4.69823  3.29263  2.78338  4.30689  3.24140  3.93615  3.72527  2.73408  3.33863  4.14997  3.21371  3.92369  3.10649  2.43987  1.45898  2.26242  3.32406  5.56999  4.27203     24 s - - -
          2.68618  4.42225  2.77519  2.73123  3.46354  2.40513  3.72494  3.29354  2.67741  2.69355  4.24690  2.90347  2.73739  3.18146  2.89801  2.37887  2.77519  2.98518  4.58477  3.61503
          0.01786  4.43001  5.15236  0.61958  0.77255  0.54860  0.86218
     14   2.01684  4.76523  3.17352  2.61609  4.01202  3.52356  3.76516  3.13895  2.58613  2.86567  3.87853  3.11282  2.99149  2.94137  2.26655  2.34147  2.79009  3.10803  5.31936  4.01173     25 a - - -
          2.68618  4.42225  2.77519  2.73123  3.46354  2.40513  3.72494  3.29354  2.67741  2.69355  4.24690  2.90347  2.73739  3.18146  2.89801  2.37887  2.77519  2.98518  4.58477  3.61503
          0.08036  4.43891  2.72707  0.61958  0.77255  0.55833  0.84902
     15   2.23347  4.54079  3.38992  2.87533  4.11255  2.70598  3.97889  3.50952  2.86165  2.91718  4.00254  3.26741  3.17257  3.18848  3.27170  1.45148  2.80090  2.86631  5.44759  4.17463     26 s - - -
          2.68618  4.42225  2.77519  2.73123  3.46354  2.40513  3.72494  3.29354  2.67741  2.69355  4.24690  2.90347  2.73739  3.18146  2.89801  2.37887  2.77519  2.98518  4.58477  3.61503
          0.05339  4.37738  3.23326  0.61958  0.77255  0.64386  0.74499
     16   2.41236  4.64535  3.23265  2.72555  4.06703  3.20125  3.85837  3.46602  2.68788  2.78406  3.94659  3.17345  1.76806  3.05156  2.85569  2.30520  2.90881  3.13247  5.38121  4.09269     27 p - - -
          2.68618  4.42225  2.77519  2.73123  3.46354  2.40513  3.72494  3.29354  2.67741  2.69355  4.24690  2.90347  2.73739  3.18146  2.89801  2.37887  2.77519  2.98518  4.58477  3.61503
          0.01949  4.34348  5.06582  0.61958  0.77255  0.68601  0.70034
     17   2.53209  4.24100  3.88430  3.30718  3.34886  3.73552  4.02591  2.61406  3.19647  1.79384  3.10581  3.61272  3.60120  3.47819  2.91102  3.01014  2.91541  1.77061  4.85891  3.65576     28 v - - -
          2.68618  4.42225  2.77519  2.73123  3.46354  2.40513  3.72494  3.29354  2.67741  2.69355  4.24690  2.90347  2.73739  3.18146  2.89801  2.37887  2.77519  2.98518  4.58477  3.61503
          0.01949  4.34348  5.06582  0.61958  0.77255  0.68601  0.70034
     18   2.60601  3.85116  4.10300  3.52645  3.31748  3.79373  4.13810  2.49413  3.40988  1.44170  3.17980  3.76533  4.17576  3.65410  3.49536  3.08787  2.28957  2.15586  4.86530  3.67399     29 l - - -
          2.68618  4.42225  2.77519  2.73123  3.46354  2.40513  3.72494  3.29354  2.67741  2.69355  4.24690  2.90347  2.73739  3.18146  2.89801  2.37887  2.77519  2.98518  4.58477  3.61503
          0.11242  4.34348  2.37151  0.61958  0.77255  0.60723  0.78714
     19   2.79936  5.01009  3.17772  2.62743  4.41509  3.53578  3.72263  3.82023  2.10226  3.35765  4.17405  3.10687  3.95682  2.85958  1.86650  1.73063  2.88513  3.46226  5.51483  4.22674     30 s - - -
          2.68618  4.42225  2.77519  2.73123  3.46354  2.40513  3.72494  3.29354  2.67741  2.69355  4.24690  2.90347  2.73739  3.18146  2.89801  2.37887  2.77519  2.98518  4.58477  3.61503
          0.02058  4.28949  5.01184  0.61958  0.77255  0.53874  0.87583
     20   2.11124  4.91152  3.03865  2.48961  3.74498  3.48932  3.49513  3.58898  2.31581  3.17812  3.98337  2.92031  2.32856  2.64598  2.87258  2.61817  2.85499  3.25388  5.40717  4.06491     31 a - - -
          2.68618  4.42225  2.77519  2.73123  3.46354  2.40513  3.72494  3.29354  2.67741  2.69355  4.24690  2.90347  2.73739  3.18146  2.89801  2.37887  2.77519  2.98518  4.58477  3.61503
          0.06150  4.38736  3.05315  0.61958  0.77255  0.50737  0.92150
     21   2.33423  5.00939  2.99977  2.44673  4.29906  3.47476  3.67295  3.73993  1.97124  3.10729  4.07598  2.90731  3.35376  2.45985  2.89727  2.15755  2.90943  3.10713  5.48714  4.12301     32 k - - -
          2.68618  4.42225  2.77519  2.73123  3.46354  2.40513  3.72494  3.29354  2.67741  2.69355  4.24690  2.90347  2.73739  3.18146  2.89801  2.37887  2.77519  2.98518  4.58477  3.61503
          0.01843  4.39902  5.12136  0.61958  0.77255  0.49978  0.93309
     22   1.99292  4.73694  3.18897  2.64324  3.39853  3.32166  3.79494  3.42285  2.63481  3.05983  3.89310  3.13125  2.80252  2.70582  3.07825  2.08301  2.65599  3.11401  5.33607  4.03048     33 a - - -
          2.68618  4.42225  2.77519  2.73123  3.46354  2.40513  3.72494  3.29354  2.67741  2.69355  4.24690  2.90347  2.73739  3.18146  2.89801  2.37887  2.77519  2.98518  4.58477  3.61503
          0.01756  4.44655  5.16890  0.61958  0.77255  0.44941  1.01612
     23   2.53961  4.00830  3.23781  2.60094  3.88667  2.39154  3.79331  3.19119  2.65844  2.69342  3.64404  3.16578  3.62299  2.99663  2.39883  2.32570  2.92229  2.74687  5.23595  3.94521     34 s - - -
          2.68618  4.42225  2.77519  2.73123  3.46354  2.40513  3.72494  3.29354  2.67741  2.69355  4.24690  2.90347  2.73739  3.18146  2.89801  2.37887  2.77519  2.98518  4.58477  3.61503
          0.04249  4.48462  3.49604  0.61958  0.77255  0.48576  0.95510
     24   1.69798  4.50618  3.43538  2.88490  3.72699  3.39839  3.90153  3.09590  2.85199  2.42065  3.66840  3.21340  3.99793  3.17274  3.23932  2.07954  2.84270  2.73841  5.13513  3.52958     35 a - - -
          2.68618  4.42225  2.77519  2.73123  3.46354  2.40513  3.72494  3.29354  2.67741  2.69355  4.24690  2.90347  2.73739  3.18146  2.89801  2.37887  2.77519  2.98518  4.58477  3.61503
          0.02958  4.45947  4.04090  0.61958  0.77255  0.52675  0.89288
     25   2.27461  4.49870  3.41105  2.84709  3.28691  3.19136  3.85638  3.02369  2.81399  2.39130  3.59775  3.29093  3.08226  3.13253  2.53073  2.59793  2.78735  2.37788  5.06786  3.62798     36 a - - -
          2.68618  4.42225  2.77519  2.73123  3.46354  2.40513  3.72494  3.29354  2.67741  2.69355  4.24690  2.90347  2.73739  3.18146  2.89801  2.37887  2.77519  2.98518  4.58477  3.61503
          0.04670  4.44743  3.38391  0.61958  0.77255  0.54543  0.86653
     26   2.31020  4.44595  3.46279  2.89780  3.59842  3.06691  3.87237  2.74325  2.85671  2.19870  3.55172  3.32515  3.58719  3.17084  2.53084  2.72626  2.66463  2.33613  5.02575  3.78082     37 l - - -
          2.68618  4.42225  2.77519  2.73123  3.46354  2.40513  3.72494  3.29354  2.67741  2.69355  4.24690  2.90347  2.73739  3.18146  2.89801  2.37887  2.77519  2.98518  4.58477  3.61503
          0.08498  4.41880  2.66756  0.61958  0.77255  0.58768  0.81107
     27   2.56906  4.77687  3.11296  2.50903  4.00050  3.50490  3.71595  3.40307  2.47375  2.85345  3.85943  2.71960  3.89580  2.88530  2.46260  2.38247  2.37191  2.48089  5.29758  3.98323     38 t - - -
          2.68620  4.42227  2.77522  2.73125  3.46356  2.40515  3.72497  3.29346  2.67738  2.69334  4.24692  2.90349  2.73742  3.18148  2.89803  2.37889  2.77522  2.98520  4.58479  3.61505
          0.34064  2.27896  1.68043  0.39513  1.11961  0.54992  0.86038
     28   2.32656  4.70176  3.10338  2.57165  4.10118  3.38097  3.74368  3.51459  2.54908  3.12916  3.94623  2.92984  2.65397  2.90743  2.64947  1.95707  2.77485  2.95335  5.37524  4.06016     41 s - - -
          2.68618  4.42225  2.77519  2.73123  3.46354  2.40513  3.72494  3.29354  2.67741  2.69355  4.24690  2.90347  2.73739  3.18146  2.89801  2.37887  2.77519  2.98518  4.58477  3.61503
          0.02208  4.21977  4.94211  0.61958  0.77255  0.54950  0.86095
     29   2.09345  4.94250  3.01886  2.47426  4.20993  3.48139  2.74474  3.63728  2.34751  3.02420  4.01424  2.90454  3.87727  2.68182  2.82936  2.10176  2.90995  3.29317  5.42941  4.08352     42 a - - -
          2.68618  4.42225  2.77519  2.73123  3.46354  2.40513  3.72494  3.29354  2.67741  2.69355  4.24690  2.90347  2.73739  3.18146  2.89801  2.37887  2.77519  2.98518  4.58477  3.61503
          0.01925  4.35574  5.07809  0.61958  0.77255  0.58600  0.81317
     30   2.66381  4.79191  3.11179  2.42074  3.30899  3.34563  3.72031  3.31780  2.44322  3.04138  3.86852  2.75878  3.90048  2.72740  2.59468  2.49553  2.26052  3.03146  3.74221  3.99002     43 t - - -
          2.68618  4.42225  2.77519  2.73123  3.46354  2.40513  3.72494  3.29354  2.67741  2.69355  4.24690  2.90347  2.73739  3.18146  2.89801  2.37887  2.77519  2.98518  4.58477  3.61503
          0.03867  4.39200  3.66675  0.61958  0.77255  0.51146  0.91534
     31   2.71917  5.14145  2.99651  2.43744  4.46984  2.59678  3.66293  3.92696  2.02825  3.42974  4.19262  2.81794  3.88320  2.29351  2.22533  2.50073  2.94615  3.35238  5.57613  4.02443     44 k - - -
          2.68618  4.42225  2.77519  2.73123  3.46354  2.40513  3.72494  3.29354  2.67741  2.69355  4.24690  2.90347  2.73739  3.18146  2.89801  2.37887  2.77519  2.98518  4.58477  3.61503
          0.01804  4.42008  5.14242  0.61958  0.77255  0.58586  0.81335
     32   2.25053  4.64006  3.24654  2.68627  3.28479  3.44415  3.78628  3.02658  2.51413  2.87872  3.73392  3.16761  3.55945  3.00051  2.79837  1.92368  2.83732  2.73636  5.18996  3.90616     45 s - - -
          2.68618  4.42225  2.77519  2.73123  3.46354  2.40513  3.72494  3.29354  2.67741  2.69355  4.24690  2.90347  2.73739  3.18146  2.89801  2.37887  2.77519  2.98518  4.58477  3.61503
          0.01804  4.42008  5.14242  0.61958  0.77255  0.58586  0.81335
     33   2.41278  4.27253  3.75744  3.18456  3.39572  3.06534  3.97097  2.53294  3.11471  2.26012  3.27886  3.52469  3.30361  3.39042  3.40951  2.66594  2.67317  2.48597  2.44932  3.65798     46 l - - -
          2.68618  4.42225  2.77519  2.73123  3.46354  2.40513  3.72494  3.29354  2.67741  2.69355  4.24690  2.90347  2.73739  3.18146  2.89801  2.37887  2.77519  2.98518  4.58477  3.61503
          0.01804  4.42008  5.14242  0.61958  0.77255  0.53823  0.87655
     34   2.36274  5.02935  3.12127  2.54705  4.33533  3.54299  3.71072  3.61026  1.98160  3.31015  4.10886  3.06025  3.56131  2.84044  1.75537  2.76154  2.73025  3.26886  5.49762  4.16685     47 r - - -
          2.68618  4.42225  2.77519  2.73123  3.46354  2.40513  3.72494  3.29354  2.67741  2.69355  4.24690  2.90347  2.73739  3.18146  2.89801  2.37887  2.77519  2.98518  4.58477  3.61503
          0.01770  4.43891  5.16125  0.61958  0.77255  0.44292  1.02766
     35   2.71535  4.79961  3.84014  3.74237  4.84863  3.50926  4.86046  4.30692  3.85764  3.98889  4.97103  3.91601  0.48595  4.20339  4.09213  3.10375  3.43401  3.81448  6.12939  4.99162     48 P - - -
          2.68618  4.42225  2.77519  2.73123  3.46354  2.40513  3.72494  3.29354  2.67741  2.69355  4.24690  2.90347  2.73739  3.18146  2.89801  2.37887  2.77519  2.98518  4.58477  3.61503
          0.01690  4.48462  5.20697  0.61958  0.77255  0.48576  0.95510
     36   2.24938  2.83366  3.84758  3.27275  2.84661  3.72706  4.01448  2.73590  3.19529  2.23324  3.38005  3.59004  2.85647  3.46132  3.00195  2.81454  2.56555  2.37524  4.86968  3.66092     49 l - - -
          2.68618  4.42225  2.77519  2.73123  3.46354  2.40513  3.72494  3.29354  2.67741  2.69355  4.24690  2.90347  2.73739  3.18146  2.89801  2.37887  2.77519  2.98518  4.58477  3.61503
          0.06573  4.48462  2.95013  0.61958  0.77255  0.48576  0.95510
     37   2.39302  4.41272  3.56477  3.00798  3.50315  3.60304  3.95026  2.94328  2.96356  2.68000  3.16795  3.40061  2.56723  3.26909  3.32110  2.01316  2.91504  2.06368  5.05813  3.82175     50 s - - -
          2.68618  4.42225  2.77519  2.73123  3.46354  2.40513  3.72494  3.29354  2.67741  2.69355  4.24690  2.90347  2.73739  3.18146  2.89801  2.37887  2.77519  2.98518  4.58477  3.61503
          0.20032  4.43664  1.77374  0.61958  0.77255  0.44104  1.03105
     38   2.18269  4.34542  3.54750  2.98281  3.49404  3.61629  3.45085  2.57561  2.92948  2.46262  3.46066  3.37780  2.60336  3.23306  3.27498  2.86944  2.72198  2.11727  4.94604  3.71436     51 v - - -
          2.68618  4.42225  2.77519  2.73123  3.46354  2.40513  3.72494  3.29354  2.67741  2.69355  4.24690  2.90347  2.73739  3.18146  2.89801  2.37887  2.77519  2.98518  4.58477  3.61503
          0.07561  4.31470  2.82251  0.61958  0.77255  0.57800  0.82330
     39   2.19471  3.10343  3.55110  2.99840  3.21887  2.90740  3.93776  2.98621  2.95508  2.69588  3.57991  3.36946  2.68856  3.25623  3.31003  2.30926  2.62484  2.58204  5.05456  3.82088     52 a - - -
          2.68618  4.42225  2.77519  2.73123  3.46354  2.40513  3.72494  3.29354  2.67741  2.69355  4.24690  2.90347  2.73739  3.18146  2.89801  2.37887  2.77519  2.98518  4.58477  3.61503
          0.01981  4.32742  5.04976  0.61958  0.77255  0.70490  0.68153
     40   3.02364  3.55756  4.73232  4.15777  1.48955  4.20030  4.44654  2.30499  4.00403  1.52265  3.14130  4.26895  4.50988  4.13218  4.08951  3.52263  3.25641  2.24506  4.86282  3.59776     53 f - - -
          2.68618  4.42225  2.77519  2.73123  3.46354  2.40513  3.72494  3.29354  2.67741  2.69355  4.24690  2.90347  2.73739  3.18146  2.89801  2.37887  2.77519  2.98518  4.58477  3.61503
          0.01981  4.32742  5.04976  0.61958  0.77255  0.70490  0.68153
     41   2.21906  4.51423  3.35318  2.80675  2.66565  3.53089  3.84118  3.10685  2.74935  2.79153  3.66923  3.24513  2.25130  3.09582  2.61216  2.78951  2.81613  2.84825  5.12427  3.85835     54 a - - -
          2.68618  4.42225  2.77519  2.73123  3.46354  2.40513  3.72494  3.29354  2.67741  2.69355  4.24690  2.90347  2.73739  3.18146  2.89801  2.37887  2.77519  2.98518  4.58477  3.61503
          0.01981  4.32742  5.04976  0.61958  0.77255  0.70490  0.68153
     42   2.46680  4.61191  3.22512  2.66683  3.80768  3.52821  3.76415  2.93749  2.63748  2.44547  3.71282  3.14555  2.66188  2.84559  2.89771  2.18272  2.70801  2.92122  5.16813  3.88571     55 s - - -
          2.68618  4.42225  2.77519  2.73123  3.46354  2.40513  3.72494  3.29354  2.67741  2.69355  4.24690  2.90347  2.73739  3.18146  2.89801  2.37887  2.77519  2.98518  4.58477  3.61503
          0.01981  4.32742  5.04976  0.61958  0.77255  0.48804  0.95147
     43   2.07296  4.94110  3.08183  2.52303  4.23350  3.50283  3.71335  3.65645  2.22106  3.23543  3.79099  3.03959  3.90325  2.85141  2.34831  2.03404  2.71174  3.31065  5.45093  4.11238     56 s - - -
          2.68554  4.42230  2.77571  2.73164  3.46362  2.40503  3.72519  3.29382  2.67758  2.69303  4.24741  2.90388  2.73730  3.18181  2.89696  2.37856  2.77541  2.98539  4.58528  3.61554
          1.07400  0.67141  1.91477  1.41283  0.27899  0.57744  0.82401
     44   1.94530  4.42662  3.39523  2.83354  3.47198  3.55242  3.82856  2.95981  2.79087  2.50154  3.55002  3.26409  3.76496  3.11202  2.74058  2.53964  2.69114  2.29536  5.02260  3.77323     75 a - - -
          2.68618  4.42225  2.77519  2.73123  3.46354  2.40513  3.72494  3.29354  2.67741  2.69355  4.24690  2.90347  2.73739  3.18146  2.89801  2.37887  2.77519  2.98518  4.58477  3.61503
          0.11685  4.27328  2.33985  0.61958  0.77255  0.69825  0.68807
     45   3.01441  4.46720  4.91585  4.39538  3.65376  4.54377  5.07001  1.62871  4.28896  1.96730  3.45805  4.60688  4.83417  4.53581  4.47696  3.91337  3.42126  0.94958  5.58123  4.38927     76 v - - -
          2.68618  4.42225  2.77519  2.73123  3.46354  2.40513  3.72494  3.29354  2.67741  2.69355  4.24690  2.90347  2.73739  3.18146  2.89801  2.37887  2.77519  2.98518  4.58477  3.61503
          0.02224  4.21258  4.93493  0.61958  0.77255  0.82304  0.57820
     46   3.16054  5.34428  3.58102  2.86354  4.84035  3.78101  3.67356  4.16934  1.27311  3.56263  4.41433  3.27178  4.12571  2.35637  1.56321  3.13357  3.31071  3.83280  5.57522  4.41300     77 k - - -
          2.68618  4.42225  2.77519  2.73123  3.46354  2.40513  3.72494  3.29354  2.67741  2.69355  4.24690  2.90347  2.73739  3.18146  2.89801  2.37887  2.77519  2.98518  4.58477  3.61503
          0.03803  4.21258  3.79401  0.61958  0.77255  0.64198  0.74708
     47   1.49676  1.87639  3.85671  3.36552  3.86732  3.32155  4.20491  3.16706  3.19810  2.93388  3.83169  3.54936  3.94842  3.55199  2.82935  2.71334  2.87884  2.85271  5.30146  4.09680     78 a - - -
          2.68618  4.42225  2.77519  2.73123  3.46354  2.40513  3.72494  3.29354  2.67741  2.69355  4.24690  2.90347  2.73739  3.18146  2.89801  2.37887  2.77519  2.98518  4.58477  3.61503
          0.02058  4.28942  5.01177  0.61958  0.77255  0.74710  0.64196
     48   2.83595  5.20905  3.07696  2.24670  4.58085  3.55193  3.66022  4.00721  2.04641  3.47771  4.26573  3.03219  3.94147  2.28573  1.71520  2.45691  3.04669  3.61922  5.58335  4.26564     79 r - - -
          2.68618  4.42225  2.77519  2.73123  3.46354  2.40513  3.72494  3.29354  2.67741  2.69355  4.24690  2.90347  2.73739  3.18146  2.89801  2.37887  2.77519  2.98518  4.58477  3.61503
          0.05026  4.28942  3.34383  0.61958  0.77255  0.46238  0.99366
     49   1.91057  4.98875  3.12043  2.58145  4.36233  3.51424  3.74500  3.78428  2.41414  3.34001  4.14367  3.08150  3.93810  2.45268  1.90678  2.36391  2.99401  3.42072  5.52482  4.20277     80 r - - -
          2.68585  4.42240  2.77534  2.73133  3.46369  2.40480  3.72509  3.29369  2.67745  2.69370  4.24704  2.90346  2.73754  3.18127  2.89795  2.37878  2.77522  2.98533  4.58492  3.61518
          0.45216  1.02782  5.12296  0.63491  0.75499  0.55050  0.85958
     50   2.72279  5.22632  2.31563  2.09796  4.56249  3.17628  3.67117  4.04626  2.30029  3.52659  4.27277  2.77624  2.47631  2.55760  2.52823  2.68113  2.95691  3.61285  5.66035  4.24748     86 e - - -
          2.68618  4.42225  2.77519  2.73123  3.46354  2.40513  3.72494  3.29354  2.67741  2.69355  4.24690  2.90347  2.73739  3.18146  2.89801  2.37887  2.77519  2.98518  4.58477  3.61503
          0.35167  4.42592  1.25692  0.61958  0.77255  0.57744  0.82401
     51   2.63848  5.07247  2.61328  2.30680  4.38642  3.28054  3.38182  3.85075  2.30162  3.36237  4.12837  2.17163  3.33443  2.58035  2.57327  2.48793  2.87246  3.44781  5.52117  4.12825     87 n - - -
          2.68618  4.42225  2.77519  2.73123  3.46354  2.40513  3.72494  3.29354  2.67741  2.69355  4.24690  2.90347  2.73739  3.18146  2.89801  2.37887  2.77519  2.98518  4.58477  3.61503
          0.02495  4.09920  4.82154  0.61958  0.77255  0.91668  0.51057
     52   2.75642  5.09325  3.00524  2.46216  4.44316  2.95029  3.19380  3.86866  1.69601  3.36383  4.15922  2.63229  3.87428  2.72520  2.19073  2.73745  2.97108  3.49434  5.49027  4.17245     88 k - - -
          2.68618  4.42225  2.77519  2.73123  3.46354  2.40513  3.72494  3.29354  2.67741  2.69355  4.24690  2.90347  2.73739  3.18146  2.89801  2.37887  2.77519  2.98518  4.58477  3.61503
          0.03819  4.09920  3.86874  0.61958  0.77255  0.91668  0.51057
     53   2.83306  5.33836  1.49481  2.08569  4.64087  3.31146  3.70784  4.13196  2.57609  3.62987  4.43339  2.44991  3.84695  2.84813  2.63396  2.75756  3.09197  3.71622  5.78508  4.33951     89 d - - -
          2.68618  4.42225  2.77519  2.73123  3.46354  2.40513  3.72494  3.29354  2.67741  2.69355  4.24690  2.90347  2.73739  3.18146  2.89801  2.37887  2.77519  2.98518  4.58477  3.61503
          0.02528  4.08628  4.80863  0.61958  0.77255  0.92619  0.50428
     54   2.42764  4.53766  3.15215  2.61174  3.19890  3.42728  3.71947  3.05973  2.59753  2.82949  3.68411  2.42068  3.05744  2.93301  3.02107  2.60550  2.44385  2.87964  5.13627  3.85092     90 n - - -
          2.68618  4.42226  2.77520  2.73124  3.46354  2.40513  3.72495  3.29355  2.67741  2.69355  4.24690  2.90347  2.73740  3.18147  2.89801  2.37884  2.77514  2.98519  4.58477  3.61504
          0.06839  2.84822  4.80863  0.46774  0.98462  0.42906  1.05304
     55   2.29129  4.79204  3.13082  2.57482  4.04330  3.50534  3.73530  3.05315  2.29262  3.07004  3.89709  3.07763  3.90634  2.90200  2.71898  1.99007  2.36080  3.13626  5.33205  4.01750     92 s - - -
          2.68618  4.42225  2.77519  2.73123  3.46354  2.40513  3.72494  3.29354  2.67741  2.69355  4.24690  2.90347  2.73739  3.18146  2.89801  2.37887  2.77519  2.98518  4.58477  3.61503
          0.01866  4.38666  5.10901  0.61958  0.77255  0.40424  1.10107
     56   3.22649  4.54106  5.04579  4.47816  3.46428  4.52747  4.91670  1.92326  4.34240  1.16877  2.97304  4.62093  4.79709  4.48129  4.43486  3.86723  3.05858  1.45881  5.33385  4.20563     93 l - - -
          2.68618  4.42225  2.77519  2.73123  3.46354  2.40513  3.72494  3.29354  2.67741  2.69355  4.24690  2.90347  2.73739  3.18146  2.89801  2.37887  2.77519  2.98518  4.58477  3.61503
          0.01690  4.48462  5.20697  0.61958  0.77255  0.48576  0.95510
     57   2.73530  5.11574  2.01754  2.22415  4.41312  3.48690  3.71744  3.86500  2.49570  2.76562  4.18230  2.97922  2.83012  2.83866  2.98360  2.58837  2.34473  3.48205  5.58858  4.20525     94 d - - -
          2.68618  4.42225  2.77519  2.73123  3.46354  2.40513  3.72494  3.29354  2.67741  2.69355  4.24690  2.90347  2.73739  3.18146  2.89801  2.37887  2.77519  2.98518  4.58477  3.61503
          0.01690  4.48462  5.20697  0.61958  0.77255  0.48576  0.95510
     58   3.42794  4.67082  5.34549  4.84195  3.80294  4.91151  5.48526  1.74691  4.74010  1.86566  3.57829  5.02369  5.14753  4.95209  4.89004  4.31023  3.68131  0.75914  5.84741  4.66909     95 v - - -
          2.68651  4.42264  2.77552  2.73162  3.46393  2.40468  3.72358  3.29393  2.67758  2.69394  4.24728  2.90285  2.73765  3.17969  2.89834  2.37884  2.77558  2.98451  4.58516  3.61542
          0.51379  1.41114  1.84572  1.74617  0.19169  0.48576  0.95510
     59   2.21157  5.03697  2.70233  2.39535  4.35346  3.43120  3.65607  3.80724  2.42292  3.34336  4.11617  2.32421  3.19436  2.70774  2.80071  2.49199  2.40169  3.41865  5.52298  4.14265    109 a - - -
          2.68618  4.42225  2.77519  2.73123  3.46354  2.40513  3.72494  3.29354  2.67741  2.69355  4.24690  2.90347  2.73739  3.18146  2.89801  2.37887  2.77519  2.98518  4.58477  3.61503
          0.15854  4.31924  2.01513  0.61958  0.77255  0.71427  0.67246
     60   2.73655  2.53209  3.22824  2.64325  4.07547  3.54139  3.69097  3.46237  2.24216  3.06736  3.91164  2.97824  3.93043  2.31274  2.09953  2.79731  2.95839  3.16576  5.29733  4.02674    110 r - - -
          2.68567  4.42233  2.77527  2.73131  3.46361  2.40510  3.72502  3.29362  2.67748  2.69362  4.24697  2.90354  2.73747  3.18154  2.89808  2.37864  2.77527  2.98526  4.58484  3.61511
          0.58726  0.82840  4.90595  0.13460  2.07201  0.50235  0.92914
     61   2.67312  4.81274  3.10904  2.55033  4.03940  3.34041  3.43422  3.44582  2.50708  2.62971  3.88984  2.97934  3.23654  2.07115  2.70058  2.72380  2.90331  2.50089  5.32214  4.00460    112 q - - -
          2.68618  4.42225  2.77519  2.73123  3.46354  2.40513  3.72494  3.29354  2.67741  2.69355  4.24690  2.90347  2.73739  3.18146  2.89801  2.37887  2.77519  2.98518  4.58477  3.61503
          0.22171  4.36960  1.68096  0.61958  0.77255  0.65382  0.73409
     62   1.96130  4.37845  3.32389  3.07446  4.41391  1.15042  4.22642  3.82181  3.13673  3.50194  4.34437  3.32902  3.82931  3.47737  3.18582  2.57465  2.88034  3.31251  5.72752  4.49686    113 g - - -
          2.68618  4.42225  2.77519  2.73123  3.46354  2.40513  3.72494  3.29354  2.67741  2.69355  4.24690  2.90347  2.73739  3.18146  2.89801  2.37887  2.77519  2.98518  4.58477  3.61503
          0.02320  4.17109  4.89343  0.61958  0.77255  0.85959  0.55049
     63   2.53208  4.64323  3.02099  2.61611  4.25684  3.26609  3.84605  3.68327  2.68288  3.29520  4.10860  2.26647  2.44505  3.01867  3.11733  2.37654  2.00075  3.27436  5.52291  4.20814    114 t - - -
          2.68618  4.42225  2.77519  2.73123  3.46354  2.40513  3.72494  3.29354  2.67741  2.69355  4.24690  2.90347  2.73739  3.18146  2.89801  2.37887  2.77519  2.98518  4.58477  3.61503
          0.02320  4.17109  4.89343  0.61958  0.77255  0.54929  0.86123
     64   1.63630  4.71521  3.07242  2.61532  4.31407  3.33967  3.91851  3.73900  2.76917  3.35291  4.16862  2.71270  2.12020  3.09390  3.20924  2.37224  2.94437  3.33604  5.58756  4.27327    115 a - - -
          2.68618  4.42225  2.77519  2.73123  3.46354  2.40513  3.72494  3.29354  2.67741  2.69355  4.24690  2.90347  2.73739  3.18146  2.89801  2.37887  2.77519  2.98518  4.58477  3.61503
          0.01959  4.33817  5.06051  0.61958  0.77255  0.69233  0.69397
     65   2.74180  4.76658  3.02731  1.67856  4.07003  3.49890  3.88239  3.28346  2.74507  3.07944  3.96408  3.14576  3.97881  3.08310  3.17023  2.53229  3.01357  1.84254  5.42190  4.11370    116 e - - -
          2.68618  4.42225  2.77519  2.73123  3.46354  2.40513  3.72494  3.29354  2.67741  2.69355  4.24690  2.90347  2.73739  3.18146  2.89801  2.37887  2.77519  2.98518  4.58477  3.61503
          0.01959  4.33817  5.06051  0.61958  0.77255  0.69233  0.69397
     66   2.82383  5.26477  2.86967  1.81723  4.61645  3.49617  3.69397  4.07173  1.60113  3.54705  4.32426  2.96837  3.25772  2.46418  2.75662  2.78137  3.05051  3.66353  5.66722  4.29914    117 k - - -
          2.68618  4.42225  2.77519  2.73123  3.46354  2.40513  3.72494  3.29354  2.67741  2.69355  4.24690  2.90347  2.73739  3.18146  2.89801  2.37887  2.77519  2.98518  4.58477  3.61503
          0.01959  4.33817  5.06051  0.61958  0.77255  0.69233  0.69397
     67   2.94417  5.28772  3.23026  2.23097  4.69454  3.64107  2.53660  4.10083  1.64691  3.54296  4.34315  3.11975  4.01639  2.80085  1.78268  2.91265  3.14008  3.71964  5.61557  4.33718    118 k - - -
          2.68618  4.42225  2.77519  2.73123  3.46354  2.40513  3.72494  3.29354  2.67741  2.69355  4.24690  2.90347  2.73739  3.18146  2.89801  2.37887  2.77519  2.98518  4.58477  3.61503
          0.01959  4.33817  5.06051  0.61958  0.77255  0.61954  0.77260
     68   3.17224  5.34076  3.56742  2.90194  4.80864  3.81007  3.75904  4.15336  1.80824  3.58533  4.43499  3.32095  4.17363  2.73244  1.07524  2.70499  3.34101  3.81876  5.62989  4.44830    119 r - - -
          2.68618  4.42225  2.77519  2.73123  3.46354  2.40513  3.72494  3.29354  2.67741  2.69355  4.24690  2.90347  2.73739  3.18146  2.89801  2.37887  2.77519  2.98518  4.58477  3.61503
          0.01898  4.36960  5.09194  0.61958  0.77255  0.65382  0.73409
     69   3.54907  5.19118  4.21202  4.14062  5.04891  3.85228  5.14926  4.75929  4.24787  4.31409  5.40275  4.38560  0.26947  4.61839  4.41044  3.73787  4.03263  4.34021  6.06490  5.18456    120 P - - -
          2.68598  4.42124  2.77513  2.73139  3.46370  2.40522  3.72511  3.29332  2.67737  2.69371  4.24706  2.90363  2.73756  3.18163  2.89791  2.37866  2.77536  2.98507  4.58493  3.61467
          0.38617  1.87344  1.79125  1.42050  0.27654  0.65382  0.73409
     70   2.22020  5.02805  2.64381  2.36669  4.33700  3.29362  3.61483  3.78893  2.26673  3.31793  4.09093  2.90391  3.44279  2.61007  2.15644  2.62788  2.78754  3.40170  5.48994  4.11385    131 r - - -
          2.68618  4.42225  2.77519  2.73123  3.46354  2.40513  3.72494  3.29354  2.67741  2.69355  4.24690  2.90347  2.73739  3.18146  2.89801  2.37887  2.77519  2.98518  4.58477  3.61503
          0.13221  4.19452  2.21857  0.61958  0.77255  0.83930  0.56566
     71   2.82988  4.97803  3.22405  2.64071  4.33372  3.55420  3.64665  3.71189  2.04912  3.24956  4.09037  3.10041  3.94657  2.60253  1.63943  2.85215  2.28063  3.38940  5.40413  4.15477    132 r - - -
          2.68608  4.42230  2.77502  2.73128  3.46359  2.40506  3.72500  3.29359  2.67746  2.69360  4.24695  2.90352  2.73745  3.18132  2.89795  2.37888  2.77525  2.98523  4.58482  3.61508
          0.42225  1.08981  4.80990  0.17770  1.81517  0.66486  0.72226
     72   2.55746  4.45892  3.32817  2.76739  3.61533  3.29979  2.53313  2.99113  2.72538  2.17816  3.38903  3.21523  3.93287  3.05461  3.11537  2.52160  2.60819  2.74721  5.02290  3.49461    134 l - - -
          2.68618  4.42225  2.77519  2.73123  3.46354  2.40513  3.72494  3.29354  2.67741  2.69355  4.24690  2.90347  2.73739  3.18146  2.89801  2.37887  2.77519  2.98518  4.58477  3.61503
          0.03637  4.23738  3.85043  0.61958  0.77255  0.33000  1.26913
     73   1.40090  4.44768  3.67896  3.18778  4.09125  2.83526  4.19246  3.46426  3.16324  3.16526  4.01999  3.47591  2.36042  3.46437  3.52292  2.55245  2.79404  2.23066  5.47920  4.24604    135 a - - -
          2.68618  4.42225  2.77519  2.73123  3.46354  2.40513  3.72494  3.29354  2.67741  2.69355  4.24690  2.90347  2.73739  3.18146  2.89801  2.37887  2.77519  2.98518  4.58477  3.61503
          0.06415  4.47343  2.98124  0.61958  0.77255  0.47432  0.97368
     74   3.43942  4.74258  5.22415  4.63842  1.59109  4.68846  4.93273  2.43923  4.48868  1.11605  2.40005  4.78311  4.87298  4.49752  4.51128  4.02973  3.65391  2.27790  5.17204  4.05691    136 l - - -
          2.68618  4.42225  2.77519  2.73123  3.46354  2.40513  3.72494  3.29354  2.67741  2.69355  4.24690  2.90347  2.73739  3.18146  2.89801  2.37887  2.77519  2.98518  4.58477  3.61503
          0.01770  4.43891  5.16125  0.61958  0.77255  0.55833  0.84902
     75   2.99299  5.49937  1.56879  2.35636  4.89548  2.88130  3.91611  4.40640  2.84825  3.89613  4.69853  1.66341  4.00680  3.06123  3.40963  2.27672  3.27845  3.95451  6.04913  4.57803    137 d - - -
          2.68618  4.42226  2.77520  2.73124  3.46354  2.40509  3.72495  3.29354  2.67741  2.69355  4.24671  2.90347  2.73740  3.18147  2.89801  2.37887  2.77520  2.98519  4.58477  3.61504
          0.04747  3.20325  5.16125  0.46812  0.98397  0.55833  0.84902
     76   3.41887  4.67149  5.32909  4.86989  3.85598  4.87691  5.57788  0.73356  4.76369  2.28239  3.62596  5.04195  5.15672  5.01318  4.92769  4.30908  3.69023  1.51626  5.94291  4.73994    139 i - - -
          2.68619  4.42226  2.77520  2.73124  3.46355  2.40513  3.72495  3.29355  2.67741  2.69356  4.24690  2.90347  2.73733  3.18147  2.89801  2.37883  2.77520  2.98519  4.58478  3.61504
          0.03687  3.49126  5.16125  0.63629  0.75343  0.44292  1.02766
     77   2.19709  4.49040  3.68314  3.38167  4.69941  3.23231  4.49475  4.13792  3.45316  3.79771  4.60242  3.56360  1.50425  3.74005  3.79016  1.22890  3.00458  3.54307  6.01078  4.78874    142 s - - -
          2.68618  4.42225  2.77519  2.73123  3.46354  2.40513  3.72494  3.29354  2.67741  2.69355  4.24690  2.90347  2.73739  3.18146  2.89801  2.37887  2.77519  2.98518  4.58477  3.61503
          0.01690  4.48462  5.20697  0.61958  0.77255  0.48576  0.95510
     78   2.29595  4.49483  3.67782  3.49854  4.76068  3.23447  4.62585  4.18813  3.62108  3.88220  4.71244  3.63133  0.79105  3.90867  3.90787  2.31453  3.05855  3.58180  6.09506  4.88632    143 p - - -
          2.68618  4.42225  2.77519  2.73123  3.46354  2.40513  3.72494  3.29354  2.67741  2.69355  4.24690  2.90347  2.73739  3.18146  2.89801  2.37887  2.77519  2.98518  4.58477  3.61503
          0.01690  4.48462  5.20697  0.61958  0.77255  0.48576  0.95510
     79   2.71393  4.26037  3.94977  3.37667  1.96420  3.77086  4.04858  2.69382  2.91273  2.43804  3.36724  3.66387  4.14654  3.53978  3.52469  3.04730  2.01212  2.15299  4.83452  3.31144    144 f - - -
          2.68578  4.42138  2.77531  2.73117  3.46366  2.40524  3.72457  3.29366  2.67752  2.69367  4.24701  2.90358  2.73751  3.18129  2.89812  2.37886  2.77531  2.98507  4.58489  3.61471
          0.06695  2.82554  5.20697  1.68282  0.20561  0.48576  0.95510
     80   1.23437  4.38972  3.98089  3.59366  4.31003  1.66087  4.51897  3.53816  3.57226  3.37126  4.24938  3.69164  4.01829  3.84231  3.85783  2.73001  2.98294  2.16283  5.72892  4.53353    155 a - - -
          2.68618  4.42225  2.77519  2.73123  3.46354  2.40513  3.72494  3.29354  2.67741  2.69355  4.24690  2.90347  2.73739  3.18146  2.89801  2.37887  2.77519  2.98518  4.58477  3.61503
          0.01690  4.48462  5.20697  0.61958  0.77255  0.48576  0.95510
     81   3.78032  5.01832  5.56865  4.99108  3.10538  5.13437  5.40974  2.17303  4.86589  0.57560  2.71517  5.22966  5.18281  4.79117  4.87030  4.51097  3.98451  2.49116  5.47243  4.49704    156 L - - -
          2.68618  4.42225  2.77519  2.73123  3.46354  2.40513  3.72494  3.29354  2.67741  2.69355  4.24690  2.90347  2.73739  3.18146  2.89801  2.37887  2.77519  2.98518  4.58477  3.61503
          0.01690  4.48462  5.20697  0.61958  0.77255  0.48576  0.95510
     82   3.49215  4.77388  5.28909  4.74594  3.46211  4.83703  5.25428  2.17317  4.59852  0.97088  3.10374  4.93793  5.04161  4.71288  4.69039  4.21225  3.72952  1.31273  5.53576  4.44725    157 l - - -
          2.68618  4.42225  2.77519  2.73123  3.46354  2.40513  3.72494  3.29354  2.67741  2.69355  4.24690  2.90347  2.73739  3.18146  2.89801  2.37887  2.77519  2.98518  4.58477  3.61503
          0.01690  4.48462  5.20697  0.61958  0.77255  0.48576  0.95510
     83   2.72597  3.41930  2.08353  2.54884  4.05565  3.53498  2.49647  3.57387  2.56709  3.17458  3.99547  2.84866  3.93668  2.91160  3.02935  2.75865  2.95978  3.25330  5.35847  2.71038    158 d - - -
          2.68618  4.42225  2.77519  2.73123  3.46354  2.40513  3.72494  3.29354  2.67741  2.69355  4.24690  2.90347  2.73739  3.18146  2.89801  2.37887  2.77519  2.98518  4.58477  3.61503
          0.01690  4.48462  5.20697  0.61958  0.77255  0.48576  0.95510
     84   2.90341  5.01596  3.03267  2.79396  4.58906  3.49813  4.07510  4.08334  2.81174  3.65386  4.51506  3.25540  1.09735  2.23721  3.16415  2.84422  3.24565  3.67692  5.81388  4.48831    159 p - - -
          2.68618  4.42225  2.77519  2.73123  3.46354  2.40513  3.72494  3.29354  2.67741  2.69355  4.24690  2.90347  2.73739  3.18146  2.89801  2.37887  2.77519  2.98518  4.58477  3.61503
          0.01690  4.48462  5.20697  0.61958  0.77255  0.48576  0.95510
     85   2.68789  4.17387  4.11630  3.31315  3.12876  3.78467  4.08429  2.57653  3.02059  2.04620  2.75525  3.29717  4.15440  3.64064  3.60450  3.06856  2.91987  1.57458  3.83093  3.59019    160 v - - -
          2.68618  4.42225  2.77519  2.73123  3.46354  2.40513  3.72494  3.29354  2.67741  2.69355  4.24690  2.90347  2.73739  3.18146  2.89801  2.37887  2.77519  2.98518  4.58477  3.61503
          0.04535  4.48462  3.40952  0.61958  0.77255  0.48576  0.95510
     86   2.44026  4.49344  3.46680  2.91846  3.19529  3.56842  3.92423  3.08842  2.88452  2.78608  3.05120  3.33577  2.15371  3.20245  3.26692  1.91199  2.92380  2.83440  5.13880  3.88476    161 s - - -
          2.68618  4.42225  2.77519  2.73123  3.46354  2.40513  3.72494  3.29354  2.67741  2.69355  4.24690  2.90347  2.73739  3.18146  2.89801  2.37887  2.77519  2.98518  4.58477  3.61503
          0.01738  4.45666  5.17900  0.61958  0.77255  0.45838  1.00050
     87   2.79859  4.65822  3.94110  3.71890  4.41901  3.48166  4.70517  3.69219  3.68026  3.44686  4.50716  3.86205  0.65304  4.04857  3.92259  3.00053  3.27967  2.77294  5.87705  4.63877    162 P - - -
          2.68664  4.42392  2.77393  2.73220  3.46237  2.40562  3.72662  3.29433  2.67905  2.69373  4.22951  2.90463  2.73801  3.18176  2.89489  2.37985  2.77353  2.98567  4.58584  3.61670
          0.28681  1.41114  5.20697  3.15304  0.04366  0.48576  0.95510
     88   2.63522  5.03740  2.73269  2.51500  4.45692  2.28176  3.79516  3.90767  2.58085  3.45671  4.24066  3.03709  1.93412  2.92614  2.57325  2.54763  2.99878  3.50660  5.64341  4.27460    198 p - - -
          2.68618  4.42225  2.77519  2.73123  3.46354  2.40513  3.72494  3.29354  2.67741  2.69355  4.24690  2.90347  2.73739  3.18146  2.89801  2.37887  2.77519  2.98518  4.58477  3.61503
          0.16282  4.48462  1.97347  0.61958  0.77255  0.48576  0.95510
     89   2.94685  5.47072  1.89124  1.32198  4.78770  3.40538  3.83335  4.27629  2.74013  3.78001  4.58372  2.87327  3.95489  2.97473  3.28951  2.86718  2.35342  3.85166  5.94063  4.47828    199 e - - -
          2.68618  4.42225  2.77519  2.73123  3.46354  2.40513  3.72494  3.29354  2.67741  2.69355  4.24690  2.90347  2.73739  3.18146  2.89801  2.37887  2.77519  2.98518  4.58477  3.61503
          0.01953  4.34133  5.06368  0.61958  0.77255  0.62278  0.76884
     90   2.61790  4.31057  3.75921  3.22538  3.59081  2.15620  4.07519  2.30497  3.16559  2.64447  3.55950  3.53406  4.04663  3.45275  3.47367  2.28154  2.82352  1.89529  5.06412  3.84658    200 v - - -
          2.68618  4.42225  2.77519  2.73123  3.46354  2.40513  3.72494  3.29354  2.67741  2.69355  4.24690  2.90347  2.73739  3.18146  2.89801  2.37887  2.77519  2.98518  4.58477  3.61503
          0.01898  4.36960  5.09194  0.61958  0.77255  0.39342  1.12315
     91   2.83842  5.24327  3.09666  2.23567  4.60563  2.86500  3.71207  4.04749  1.71091  3.52516  4.29934  3.05801  3.96834  2.82156  1.86855  2.80984  2.68343  3.64744  5.64201  4.29861    201 k - - -
          2.68618  4.42225  2.77519  2.73123  3.46354  2.40513  3.72494  3.29354  2.67741  2.69355  4.24690  2.90347  2.73739  3.18146  2.89801  2.37887  2.77519  2.98518  4.58477  3.61503
          0.01690  4.48462  5.20697  0.61958  0.77255  0.48576  0.95510
     92   2.21909  5.00078  3.02766  1.68201  4.27755  3.50038  3.70591  3.71200  2.48014  3.05551  3.66127  2.76573  3.26756  2.83518  2.95443  2.62892  2.84862  3.26075  5.48820  4.12831    202 e - - -
          2.68618  4.42225  2.77519  2.73123  3.46354  2.40513  3.72494  3.29354  2.67741  2.69355  4.24690  2.90347  2.73739  3.18146  2.89801  2.37887  2.77519  2.98518  4.58477  3.61503
          0.01690  4.48462  5.20697  0.61958  0.77255  0.48576  0.95510
     93   3.17014  5.19351  3.67703  3.15174  4.76830  3.77977  4.07364  4.21461  2.48607  3.71419  4.59547  3.54281  1.76025  3.24032  1.02926  3.22639  3.44359  3.85189  5.76698  4.58780    203 r - - -
          2.68618  4.42225  2.77519  2.73123  3.46354  2.40513  3.72494  3.29354  2.67741  2.69355  4.24690  2.90347  2.73739  3.18146  2.89801  2.37887  2.77519  2.98518  4.58477  3.61503
          0.01690  4.48462  5.20697  0.61958  0.77255  0.48576  0.95510
     94   4.52892  5.64610  5.12761  5.00948  3.55457  4.51255  4.85229  4.64369  4.76216  3.91303  5.23693  5.06034  5.08421  5.11096  4.76681  4.72826  4.86883  4.54472  0.22468  3.53224    204 W - - -
          2.68618  4.42225  2.77519  2.73123  3.46354  2.40513  3.72494  3.29354  2.67741  2.69355  4.24690  2.90347  2.73739  3.18146  2.89801  2.37887  2.77519  2.98518  4.58477  3.61503
          0.01690  4.48462  5.20697  0.61958  0.77255  0.48576  0.95510
     95   2.93508  5.48770  1.58913  1.65126  4.80866  3.47924  3.82218  4.30898  2.65267  3.77968  4.55439  2.93547  3.98105  2.28688  2.78596  2.86086  3.18494  3.86942  5.91412  4.46555    205 d - - -
          2.68618  4.42225  2.77519  2.73123  3.46354  2.40513  3.72494  3.29354  2.67741  2.69355  4.24690  2.90347  2.73739  3.18146  2.89801  2.37887  2.77519  2.98518  4.58477  3.61503
          0.01690  4.48462  5.20697  0.61958  0.77255  0.48576  0.95510
     96   3.49812  4.72612  5.43852  4.93541  3.73745  5.00154  5.56295  0.79371  4.83193  1.81780  3.49866  5.12188  5.20196  5.00598  4.96028  4.40868  3.74742  1.66437  5.84563  4.70130    206 i - - -
          2.68618  4.42225  2.77519  2.73123  3.46354  2.40513  3.72494  3.29354  2.67741  2.69355  4.24690  2.90347  2.73739  3.18146  2.89801  2.37887  2.77519  2.98518  4.58477  3.61503
          0.01690  4.48462  5.20697  0.61958  0.77255  0.48576  0.95510
     97   2.56696  5.04163  3.04443  2.16422  4.32641  3.51593  3.53010  3.76091  1.54536  3.31608  3.67497  3.01760  3.90773  2.82763  2.89478  2.72042  2.71232  3.02699  5.51011  4.15286    207 k - - -
          2.68618  4.42225  2.77519  2.73123  3.46354  2.40513  3.72494  3.29354  2.67741  2.69355  4.24690  2.90347  2.73739  3.18146  2.89801  2.37887  2.77519  2.98518  4.58477  3.61503
          0.01690  4.48462  5.20697  0.61958  0.77255  0.48576  0.95510
     98   3.32975  6.01853  1.25938  1.07903  5.29514  3.48564  4.09252  4.86327  3.19258  4.31911  5.19520  2.93516  4.14659  3.26677  3.85054  3.17394  3.63279  4.39938  6.45287  4.88800    208 e - - -
          2.68618  4.42225  2.77519  2.73123  3.46354  2.40513  3.72494  3.29354  2.67741  2.69355  4.24690  2.90347  2.73739  3.18146  2.89801  2.37887  2.77519  2.98518  4.58477  3.61503
          0.01690  4.48462  5.20697  0.61958  0.77255  0.48576  0.95510
     99   3.20356  5.86881  1.09600  1.55915  5.14413  3.47241  3.41578  4.69206  3.01934  4.14796  4.98176  2.60181  4.09057  3.15949  3.63452  3.07076  3.48721  4.23454  6.29081  4.75299    209 d - - -
          2.68618  4.42225  2.77519  2.73123  3.46354  2.40513  3.72494  3.29354  2.67741  2.69355  4.24690  2.90347  2.73739  3.18146  2.89801  2.37887  2.77519  2.98518  4.58477  3.61503
          0.01690  4.48462  5.20697  0.61958  0.77255  0.48576  0.95510
    100   2.43601  5.43119  1.96827  1.48338  4.75301  2.88841  3.80349  4.24924  2.32061  3.72920  4.49944  2.93252  3.96229  2.92481  3.16223  2.82861  3.14407  3.81325  5.87067  4.42638    210 e - - -
          2.68618  4.42225  2.77519  2.73123  3.46354  2.40513  3.72494  3.29354  2.67741  2.69355  4.24690  2.90347  2.73739  3.18146  2.89801  2.37887  2.77519  2.98518  4.58477  3.61503
          0.01690  4.48462  5.20697  0.61958  0.77255  0.48576  0.95510
    101   2.82527  5.35085  1.88451  2.25662  4.67923  2.58057  2.79495  4.17073  2.09367  3.64817  4.40553  2.48804  3.92850  2.86221  3.05077  2.76962  3.06658  3.73442  5.78371  4.35385    211 d - - -
          2.68618  4.42225  2.77519  2.73123  3.46354  2.40513  3.72494  3.29354  2.67741  2.69355  4.24690  2.90347  2.73739  3.18146  2.89801  2.37887  2.77519  2.98518  4.58477  3.61503
          0.01690  4.48462  5.20697  0.61958  0.77255  0.48576  0.95510
    102   2.74704  5.20630  2.96876  1.67280  4.54185  3.50244  3.37561  4.01042  2.15134  3.49853  4.25384  2.34809  3.90108  2.78942  2.48748  2.71459  2.97545  3.59357  5.63333  3.54907    212 e - - -
          2.68618  4.42225  2.77519  2.73123  3.46354  2.40513  3.72494  3.29354  2.67741  2.69355  4.24690  2.90347  2.73739  3.18146  2.89801  2.37887  2.77519  2.98518  4.58477  3.61503
          0.01690  4.48462  5.20697  0.61958  0.77255  0.48576  0.95510
    103   3.41464  4.64681  5.38598  4.89760  3.64115  4.93176  5.55593  1.38740  4.81838  2.36674  3.67071  5.06257  5.17781  5.04356  4.97536  4.33973  3.67257  0.78601  5.92340  4.70886    213 v - - -
          2.68618  4.42225  2.77519  2.73123  3.46354  2.40513  3.72494  3.29354  2.67741  2.69355  4.24690  2.90347  2.73739  3.18146  2.89801  2.37887  2.77519  2.98518  4.58477  3.61503
          0.01690  4.48462  5.20697  0.61958  0.77255  0.48576  0.95510
    104   2.80490  5.23331  3.07742  2.50765  4.59228  3.55702  3.69564  4.04292  1.72161  3.51829  4.28362  2.59495  3.94442  2.28520  2.17330  2.59741  2.58345  3.63437  5.63566  4.27966    214 k - - -
          2.68618  4.42225  2.77519  2.73123  3.46354  2.40513  3.72494  3.29354  2.67741  2.69355  4.24690  2.90347  2.73739  3.18146  2.89801  2.37887  2.77519  2.98518  4.58477  3.61503
          0.01690  4.48462  5.20697  0.61958  0.77255  0.48576  0.95510
    105   3.80886  5.06993  5.49141  4.93216  3.24112  5.09451  5.36512  2.47045  4.73754  0.71165  1.67826  5.18193  5.16917  4.73818  4.76513  4.48765  4.01796  2.72227  5.45351  4.45542    215 l - - -
          2.68619  4.42226  2.77521  2.73124  3.46355  2.40514  3.72496  3.29355  2.67742  2.69356  4.24691  2.90348  2.73741  3.18148  2.89802  2.37888  2.77498  2.98520  4.58478  3.61504
          0.07663  2.68398  5.20697  0.37176  1.16963  0.48576  0.95510
    106   3.20004  4.78787  4.13674  3.57588  2.36927  4.08975  3.88034  3.28396  3.20935  2.82553  3.86885  3.82039  4.45069  3.64515  1.80908  3.39608  3.42388  3.11159  1.50274  2.79141    217 w - - -
          2.68618  4.42225  2.77519  2.73123  3.46354  2.40513  3.72494  3.29354  2.67741  2.69355  4.24690  2.90347  2.73739  3.18146  2.89801  2.37887  2.77519  2.98518  4.58477  3.61503
          0.01690  4.48462  5.20697  0.61958  0.77255  0.48576  0.95510
    107   3.70582  4.96879  5.34411  4.83434  1.10060  4.89945  4.74284  2.43993  4.67538  1.21235  3.17032  4.89528  5.06017  4.64357  4.68588  4.26626  3.92004  2.73990  4.88041  3.43553    218 f - - -
          2.68618  4.42225  2.77519  2.73123  3.46354  2.40513  3.72494  3.29354  2.67741  2.69355  4.24690  2.90347  2.73739  3.18146  2.89801  2.37887  2.77519  2.98518  4.58477  3.61503
          0.01690  4.48462  5.20697  0.61958  0.77255  0.48576  0.95510
    108   2.93701  5.49983  1.63557  2.05098  4.81718  3.47323  3.17883  4.32211  2.67298  3.79235  4.56622  2.53400  3.97971  1.88638  3.20494  2.86041  3.18857  3.87952  5.92803  4.47196    219 d - - -
          2.68618  4.42225  2.77519  2.73123  3.46354  2.40513  3.72494  3.29354  2.67741  2.69355  4.24690  2.90347  2.73739  3.18146  2.89801  2.37887  2.77519  2.98518  4.58477  3.61503
          0.01690  4.48462  5.20697  0.61958  0.77255  0.48576  0.95510
    109   3.33334  4.64301  5.10814  4.55489  3.48977  4.64449  5.05450  2.14957  4.41107  1.76418  1.81103  4.73013  4.89893  4.56492  4.52175  3.99903  3.57236  1.11921  5.44361  4.32006    220 v - - -
          2.68618  4.42225  2.77519  2.73123  3.46354  2.40513  3.72494  3.29354  2.67741  2.69355  4.24690  2.90347  2.73739  3.18146  2.89801  2.37887  2.77519  2.98518  4.58477  3.61503
          0.01690  4.48462  5.20697  0.61958  0.77255  0.48576  0.95510
    110   2.58341  4.54821  3.55718  3.40514  4.82728  2.63545  4.60428  4.31026  3.60831  3.96400  4.77805  3.59282  0.78935  3.87587  3.92046  2.38575  3.09288  3.67138  6.13216  4.91839    221 p - - -
          2.68619  4.42226  2.77521  2.73103  3.46355  2.40514  3.72496  3.29355  2.67742  2.69356  4.24691  2.90348  2.73741  3.18148  2.89802  2.37888  2.77521  2.98520  4.58478  3.61504
          0.07663  2.68398  5.20697  0.37176  1.16963  0.48576  0.95510
    111   3.19088  5.22650  3.02729  2.43226  5.05795  0.58921  4.48281  4.58383  3.46232  4.17779  5.07769  3.46435  4.28536  3.72293  3.86995  3.24562  3.60346  4.10659  6.20071  4.97725    223 G - - -
          2.68618  4.42225  2.77519  2.73123  3.46354  2.40513  3.72494  3.29354  2.67741  2.69355  4.24690  2.90347  2.73739  3.18146  2.89801  2.37887  2.77519  2.98518  4.58477  3.61503
          0.01690  4.48462  5.20697  0.61958  0.77255  0.48576  0.95510
    112   2.53676  4.47789  4.07361  3.51764  3.41899  3.96871  4.26414  2.39661  3.36479  1.10891  3.33221  3.83859  4.32860  2.83857  3.61668  3.26172  3.15930  2.54691  5.07161  3.89053    224 l - - -
          2.68618  4.42225  2.77519  2.73123  3.46354  2.40513  3.72494  3.29354  2.67741  2.69355  4.24690  2.90347  2.73739  3.18146  2.89801  2.37887  2.77519  2.98518  4.58477  3.61503
          0.01690  4.48462  5.20697  0.61958  0.77255  0.48576  0.95510
    113   2.30324  4.75006  2.75609  2.79043  4.46100  3.36994  4.03099  3.88625  2.89077  3.50107  4.30588  3.22589  3.95289  3.20241  3.33712  1.33526  1.98364  3.44626  5.72490  4.40938    225 s - - -
          2.68618  4.42225  2.77519  2.73123  3.46354  2.40513  3.72494  3.29354  2.67741  2.69355  4.24690  2.90347  2.73739  3.18146  2.89801  2.37887  2.77519  2.98518  4.58477  3.61503
          0.01690  4.48462  5.20697  0.61958  0.77255  0.48576  0.95510
    114   2.52344  5.19858  2.99025  1.94746  4.53924  3.50325  3.67696  4.00639  1.80789  3.49236  4.24552  2.97717  3.46386  2.63528  2.38547  2.70693  2.66017  3.58795  5.62536  4.23942    226 k - - -
          2.68618  4.42225  2.77519  2.73123  3.46354  2.40513  3.72494  3.29354  2.67741  2.69355  4.24690  2.90347  2.73739  3.18146  2.89801  2.37887  2.77519  2.98518  4.58477  3.61503
          0.01690  4.48462  5.20697  0.61958  0.77255  0.48576  0.95510
    115   2.61299  5.29278  1.96991  1.71044  4.61327  2.76348  3.74828  4.09462  2.54515  3.59140  4.35525  2.94346  3.92404  2.86366  3.05431  2.38579  3.04824  3.67329  5.74206  3.70450    227 e - - -
          2.68618  4.42225  2.77519  2.73123  3.46354  2.40513  3.72494  3.29354  2.67741  2.69355  4.24690  2.90347  2.73739  3.18146  2.89801  2.37887  2.77519  2.98518  4.58477  3.61503
          0.01690  4.48462  5.20697  0.61958  0.77255  0.48576  0.95510
    116   3.04945  5.59513  1.05042  2.03912  4.87700  3.48336  3.90738  4.38533  2.49487  3.87556  4.68301  2.93915  4.03619  3.05076  3.35932  2.96043  3.31204  3.96217  6.02690  3.76114    228 d - - -
          2.68618  4.42225  2.77519  2.73123  3.46354  2.40513  3.72494  3.29354  2.67741  2.69355  4.24690  2.90347  2.73739  3.18146  2.89801  2.37887  2.77519  2.98518  4.58477  3.61503
          0.01690  4.48462  5.20697  0.61958  0.77255  0.48576  0.95510
    117   3.38384  4.66344  5.28175  4.71410  2.73369  4.71877  5.08413  1.88017  4.57578  1.13665  3.20921  4.84182  4.93302  4.64032  4.61889  4.07275  3.61221  1.42246  5.37383  4.27153    229 l - - -
          2.68618  4.42225  2.77519  2.73123  3.46354  2.40513  3.72494  3.29354  2.67741  2.69355  4.24690  2.90347  2.73739  3.18146  2.89801  2.37887  2.77519  2.98518  4.58477  3.61503
          0.01690  4.48462  5.20697  0.61958  0.77255  0.48576  0.95510
    118   2.60116  5.15990  2.99475  1.90417  4.48235  3.50945  3.69129  3.48316  1.65633  3.44683  4.21298  2.99127  3.90622  2.53237  2.85136  2.72075  2.71953  3.53848  5.59962  4.22303    230 k - - -
          2.68618  4.42225  2.77519  2.73123  3.46354  2.40513  3.72494  3.29354  2.67741  2.69355  4.24690  2.90347  2.73739  3.18146  2.89801  2.37887  2.77519  2.98518  4.58477  3.61503
          0.01690  4.48462  5.20697  0.61958  0.77255  0.48576  0.95510
    119   3.43220  4.66458  5.40944  4.94783  3.98401  4.95448  5.68572  1.39688  4.86612  2.42958  3.73924  5.11478  5.22156  5.12978  5.04119  4.38542  3.70065  0.73495  6.06295  4.84077    231 v - - -
          2.68618  4.42225  2.77519  2.73123  3.46354  2.40513  3.72494  3.29354  2.67741  2.69355  4.24690  2.90347  2.73739  3.18146  2.89801  2.37887  2.77519  2.98518  4.58477  3.61503
          0.01690  4.48462  5.20697  0.61958  0.77255  0.48576  0.95510
    120   2.42604  4.88554  3.09864  2.18178  3.94583  3.52318  3.73365  3.54398  2.53355  3.14991  3.38870  3.06084  3.91628  2.88539  2.75090  2.06791  2.17215  3.22151  5.39586  4.06296    232 s - - -
          2.68618  4.42225  2.77519  2.73123  3.46354  2.40513  3.72494  3.29354  2.67741  2.69355  4.24690  2.90347  2.73739  3.18146  2.89801  2.37887  2.77519  2.98518  4.58477  3.61503
          0.01690  4.48462  5.20697  0.61958  0.77255  0.48576  0.95510
    121   3.12911  4.48630  4.84862  4.32193  3.78239  4.40840  4.95292  1.53511  4.21483  2.47777  3.63679  4.50183  4.76791  4.46433  4.40076  3.76614  1.91709  1.16778  5.55406  4.34913    233 v - - -
          2.68618  4.42225  2.77519  2.73123  3.46354  2.40513  3.72494  3.29354  2.67741  2.69355  4.24690  2.90347  2.73739  3.18146  2.89801  2.37887  2.77519  2.98518  4.58477  3.61503
          0.01690  4.48462  5.20697  0.61958  0.77255  0.48576  0.95510
    122   2.88664  5.38239  2.14628  1.43738  4.71564  3.47041  3.81486  4.20241  2.65385  3.69930  4.47628  2.94540  3.96499  2.94034  3.17754  2.26251  2.36888  3.77578  5.85246  4.41730    234 e - - -
          2.68618  4.42225  2.77519  2.73123  3.46354  2.40513  3.72494  3.29354  2.67741  2.69355  4.24690  2.90347  2.73739  3.18146  2.89801  2.37887  2.77519  2.98518  4.58477  3.61503
          0.01690  4.48462  5.20697  0.61958  0.77255  0.48576  0.95510
    123   3.15984  5.80408  1.20463  1.49743  5.08585  3.47269  3.13222  4.62605  2.96113  4.08557  4.90764  2.68006  4.07372  3.12640  3.55952  3.03731  3.43754  4.17225  6.22699  4.70503    235 d - - -
          2.68618  4.42225  2.77519  2.73123  3.46354  2.40513  3.72494  3.29354  2.67741  2.69355  4.24690  2.90347  2.73739  3.18146  2.89801  2.37887  2.77519  2.98518  4.58477  3.61503
          0.01690  4.48462  5.20697  0.61958  0.77255  0.48576  0.95510
    124   3.32714  6.05028  0.87160  1.75491  5.31375  3.47206  4.08209  4.88575  3.19415  4.33296  5.20814  2.46208  4.13747  3.25604  3.86524  3.16512  3.63111  4.41561  6.47990  4.89259    236 d - - -
          2.68618  4.42225  2.77519  2.73123  3.46354  2.40513  3.72494  3.29354  2.67741  2.69355  4.24690  2.90347  2.73739  3.18146  2.89801  2.37887  2.77519  2.98518  4.58477  3.61503
          0.01690  4.48462  5.20697  0.61958  0.77255  0.48576  0.95510
    125   2.68608  4.27569  4.56221  3.97818  3.08780  4.06174  4.40765  2.31842  3.83618  1.81173  2.80438  4.11990  4.40747  4.02345  3.95945  3.37073  2.57085  1.33039  4.97717  3.80027    237 v - - -
          2.68618  4.42225  2.77519  2.73123  3.46354  2.40513  3.72494  3.29354  2.67741  2.69355  4.24690  2.90347  2.73739  3.18146  2.89801  2.37887  2.77519  2.98518  4.58477  3.61503
          0.01690  4.48462  5.20697  0.61958  0.77255  0.48576  0.95510
    126   3.68085  4.99575  5.31491  4.82823  3.34262  4.88981  5.32414  2.39512  4.62267  0.55155  3.14290  5.03989  5.10505  4.73003  4.69649  4.32022  3.93335  2.22789  5.50908  4.42289    238 L - - -
          2.68618  4.42225  2.77519  2.73123  3.46354  2.40513  3.72494  3.29354  2.67741  2.69355  4.24690  2.90347  2.73739  3.18146  2.89801  2.37887  2.77519  2.98518  4.58477  3.61503
          0.01690  4.48462  5.20697  0.61958  0.77255  0.48576  0.95510
    127   2.94463  4.50334  4.00706  2.05778  3.68215  4.03631  4.34923  2.00867  3.39871  2.29423  3.57885  3.83705  4.39457  3.70559  3.71845  3.31648  3.18349  1.36387  5.29243  4.06725    239 v - - -
          2.68618  4.42225  2.77519  2.73123  3.46354  2.40513  3.72494  3.29354  2.67741  2.69355  4.24690  2.90347  2.73739  3.18146  2.89801  2.37887  2.77519  2.98518  4.58477  3.61503
          0.01690  4.48462  5.20697  0.61958  0.77255  0.48576  0.95510
    128   3.53778  4.78887  5.34556  4.87931  3.67408  4.94633  5.48194  0.68772  4.70915  1.89677  3.48803  5.07240  5.18390  4.93752  4.84168  4.38341  3.79624  1.92465  5.77342  4.57323    240 I - - -
          2.68618  4.42225  2.77519  2.73123  3.46354  2.40513  3.72494  3.29354  2.67741  2.69355  4.24690  2.90347  2.73739  3.18146  2.89801  2.37887  2.77519  2.98518  4.58477  3.61503
          0.01690  4.48462  5.20697  0.61958  0.77255  0.48576  0.95510
    129   3.08563  5.32394  3.45627  2.62000  4.73316  3.77642  3.78040  4.10104  1.03232  3.56691  4.39506  3.27434  4.14249  2.90388  2.08182  3.07160  3.27111  3.12146  5.65003  4.41603    241 k - - -
          2.68618  4.42225  2.77519  2.73123  3.46354  2.40513  3.72494  3.29354  2.67741  2.69355  4.24690  2.90347  2.73739  3.18146  2.89801  2.37887  2.77519  2.98518  4.58477  3.61503
          0.07663  4.48462  2.77279  0.61958  0.77255  0.48576  0.95510
    130   2.86738  5.15865  3.17676  2.62817  4.56819  2.08929  3.74840  3.98623  1.91638  3.48722  4.28755  3.12218  4.00084  2.87219  1.79325  2.51408  3.09531  3.60728  5.61496  4.31165    242 r - - -
          2.68618  4.42225  2.77519  2.73123  3.46354  2.40513  3.72494  3.29354  2.67741  2.69355  4.24690  2.90347  2.73739  3.18146  2.89801  2.37887  2.77519  2.98518  4.58477  3.61503
          0.01793  4.42592  5.14827  0.61958  0.77255  0.57744  0.82401
    131   2.69721  5.12658  2.90196  1.94005  4.44577  3.05609  3.65907  3.54512  1.90283  3.41638  4.17622  2.95529  3.86847  2.76706  2.34429  2.67391  2.92673  3.50375  5.57054  3.53561    243 k - - -
          2.68625  4.42210  2.77526  2.73130  3.46361  2.40500  3.72501  3.29361  2.67719  2.69362  4.24678  2.90354  2.73747  3.18146  2.89808  2.37894  2.77526  2.98474  4.58484  3.61510
          0.39212  1.14392  5.14827  0.14273  2.01734  0.43242  1.04678
    132   2.27511  5.07292  2.99414  2.29783  4.36700  2.94879  2.44742  3.81732  2.29422  3.35626  4.12934  2.92056  3.88472  2.61781  2.92393  2.53281  2.68841  3.05920  5.53846  4.16209    245 a - - -
          2.68618  4.42225  2.77519  2.73123  3.46354  2.40513  3.72494  3.29354  2.67741  2.69355  4.24690  2.90347  2.73739  3.18146  2.89801  2.37887  2.77519  2.98518  4.58477  3.61503
          0.01690  4.48462  5.20697  0.61958  0.77255  0.48576  0.95510
    133   2.08489  4.96328  3.06774  2.41934  4.22847  2.71386  3.71653  3.65382  1.90781  2.92788  4.03491  3.03590  3.90963  2.85358  2.82235  2.72168  2.73465  3.08022  5.45494  4.10888    246 k - - -
          2.68630  4.42237  2.77520  2.73125  3.46366  2.40488  3.72506  3.29366  2.67740  2.69367  4.24702  2.90343  2.73739  3.18158  2.89813  2.37874  2.77531  2.98479  4.58489  3.61515
          0.16396  1.92588  5.20697  1.12448  0.39278  0.48576  0.95510
    134   2.60402  5.16802  2.98237  2.35193  4.49815  3.12166  3.67020  3.96586  1.80479  3.46197  4.21480  2.90588  3.33820  2.36901  2.37320  2.68586  2.79106  3.55108  5.60518  3.67561    253 k - - -
          2.68618  4.42225  2.77519  2.73123  3.46354  2.40513  3.72494  3.29354  2.67741  2.69355  4.24690  2.90347  2.73739  3.18146  2.89801  2.37887  2.77519  2.98518  4.58477  3.61503
          0.01690  4.48462  5.20697  0.61958  0.77255  0.48576  0.95510
    135   2.72524  5.22576  2.66755  1.79370  4.56246  2.68586  3.67972  4.04558  2.42796  3.52718  4.27131  2.75153  3.24545  2.45004  2.55431  2.68596  2.80123  3.61243  5.66162  4.25027    254 e - - -
          2.68618  4.42225  2.77519  2.73123  3.46354  2.40513  3.72494  3.29354  2.67741  2.69355  4.24690  2.90347  2.73739  3.18146  2.89801  2.37887  2.77519  2.98518  4.58477  3.61503
          0.01690  4.48462  5.20697  0.61958  0.77255  0.48576  0.95510
    136   2.67221  5.22865  2.26331  1.94786  4.56536  3.21943  3.39594  4.04942  2.24104  3.53021  4.27373  2.93730  3.87870  2.44986  2.92572  2.34678  2.60185  3.61522  5.66419  4.25155    255 e - - -
          2.68618  4.42225  2.77519  2.73123  3.46354  2.40513  3.72494  3.29354  2.67741  2.69355  4.24690  2.90347  2.73739  3.18146  2.89801  2.37887  2.77519  2.98518  4.58477  3.61503
          0.01690  4.48462  5.20697  0.61958  0.77255  0.48576  0.95510
    137   2.65897  4.78617  2.97026  2.76147  4.50384  2.28207  4.03036  3.94672  2.89338  3.54321  4.34454  3.10500  1.52744  3.19931  3.34562  2.34099  2.52415  3.49615  5.75755  4.43454    256 p - - -
          2.68561  4.42264  2.77528  2.73124  3.46393  2.40448  3.72534  3.29371  2.67780  2.69394  4.24729  2.90361  2.73753  3.18088  2.89788  2.37885  2.77545  2.98521  4.58516  3.61474
          0.99383  0.90819  1.48461  1.32651  0.30843  0.48576  0.95510
    138   2.14064  4.97437  2.87852  2.41271  4.26675  3.11680  3.26007  3.70496  2.37893  3.25747  4.04453  2.94234  3.83621  2.53874  2.20516  2.65092  2.67105  3.33965  5.44982  4.09097    272 a - - -
          2.68618  4.42225  2.77519  2.73123  3.46354  2.40513  3.72494  3.29354  2.67741  2.69355  4.24690  2.90347  2.73739  3.18146  2.89801  2.37887  2.77519  2.98518  4.58477  3.61503
          0.02175  4.23473  4.95708  0.61958  0.77255  0.80232  0.59473
    139   2.22516  4.68815  3.11309  2.57332  3.91869  3.47543  3.71555  3.31322  2.41040  2.35622  3.79603  3.06695  3.02201  2.69537  2.97113  2.31240  2.86791  3.02119  5.23761  3.93723    273 a - - -
          2.68620  4.42240  2.77527  2.73067  3.46369  2.40478  3.72509  3.29369  2.67756  2.69370  4.24705  2.90361  2.73754  3.18127  2.89776  2.37891  2.77534  2.98533  4.58492  3.61518
          0.88281  1.09806  1.37491  0.84514  0.56124  0.50559  0.92420
    140   2.48281  4.94022  2.78700  2.27087  4.24918  2.39162  3.64335  3.68729  2.42127  3.24961  4.04323  2.74751  3.81737  2.77669  2.54878  2.63892  2.43764  3.32186  5.45215  4.09010    277 e - - -
          2.68618  4.42225  2.77519  2.73123  3.46354  2.40513  3.72494  3.29354  2.67741  2.69355  4.24690  2.90347  2.73739  3.18146  2.89801  2.37887  2.77519  2.98518  4.58477  3.61503
          0.02377  4.14720  4.86955  0.61958  0.77255  0.81687  0.58306
    141   2.17733  5.17756  1.93513  2.20775  4.48643  3.37842  3.65750  3.95670  2.36793  3.46643  4.24282  2.85196  3.83463  2.38872  2.82963  2.68179  2.96533  3.55131  5.62709  4.21885    278 d - - -
          2.68618  4.42225  2.77519  2.73123  3.46354  2.40513  3.72494  3.29354  2.67741  2.69355  4.24690  2.90347  2.73739  3.18146  2.89801  2.37887  2.77519  2.98518  4.58477  3.61503
          0.02300  4.17969  4.90203  0.61958  0.77255  0.85225  0.55592
    142   2.80330  5.25619  1.50869  2.26773  4.60826  2.69991  3.74033  4.09076  2.36726  3.60387  4.39990  2.83068  3.28812  2.87899  3.13869  2.59406  3.07029  3.67234  5.77133  4.33845    279 d - - -
          2.68618  4.42225  2.77519  2.73123  3.46354  2.40513  3.72494  3.29354  2.67741  2.69355  4.24690  2.90347  2.73739  3.18146  2.89801  2.37887  2.77519  2.98518  4.58477  3.61503
          0.02300  4.17969  4.90203  0.61958  0.77255  0.85225  0.55592
    143   2.63899  4.83024  2.95364  2.02499  4.08035  2.83229  3.66837  3.50185  2.40201  3.10465  3.92307  2.97425  3.84525  2.82411  2.91659  2.11374  2.87652  3.17754  3.61418  4.00891    280 e - - -
          2.68618  4.42225  2.77519  2.73123  3.46354  2.40513  3.72494  3.29354  2.67741  2.69355  4.24690  2.90347  2.73739  3.18146  2.89801  2.37887  2.77519  2.98518  4.58477  3.61503
          0.07624  4.17969  2.84548  0.61958  0.77255  0.85225  0.55592
    144   2.46258  4.34708  3.46658  2.90621  3.02718  3.57843  3.55976  2.85426  2.54321  2.55456  3.45374  3.30660  3.60654  3.14931  3.14826  2.83221  2.85101  2.62918  2.32417  3.53062    281 w - - -
          2.68618  4.42225  2.77519  2.73123  3.46354  2.40513  3.72494  3.29354  2.67741  2.69355  4.24690  2.90347  2.73739  3.18146  2.89801  2.37887  2.77519  2.98518  4.58477  3.61503
          0.02424  4.12768  4.85003  0.61958  0.77255  0.40855  1.09247
    145   2.48580  5.09886  2.38326  2.25416  4.40551  3.45993  3.67458  3.86336  2.24073  3.39100  4.15950  2.94778  3.59730  2.78962  2.92587  1.93730  2.92940  2.88000  5.56367  4.17674    282 s - - -
          2.68573  4.42234  2.77529  2.73121  3.46363  2.40519  3.72504  3.29363  2.67739  2.69348  4.24699  2.90356  2.73732  3.18111  2.89810  2.37896  2.77529  2.98528  4.58486  3.61512
          0.46183  2.26504  1.32410  1.21808  0.35069  0.59925  0.79678
    146   2.65013  5.01238  1.96331  2.33003  4.29452  3.25871  3.62469  3.75530  2.41049  3.29977  4.08694  2.87223  3.09289  2.36426  2.89271  2.63521  2.88878  3.37940  4.59992  4.09975    288 d - - -
          2.68618  4.42225  2.77519  2.73123  3.46354  2.40513  3.72494  3.29354  2.67741  2.69355  4.24690  2.90347  2.73739  3.18146  2.89801  2.37887  2.77519  2.98518  4.58477  3.61503
          0.02470  4.10929  4.83164  0.61958  0.77255  0.34179  1.23959
    147   2.17289  4.77188  3.15378  2.49087  4.02086  2.56231  3.77221  3.42251  2.60448  3.05615  3.88860  3.10999  3.92836  2.76906  2.97455  2.26367  2.77566  2.37690  5.33023  4.01998    289 a - - -
          2.68618  4.42225  2.77519  2.73123  3.46354  2.40513  3.72494  3.29354  2.67741  2.69355  4.24690  2.90347  2.73739  3.18146  2.89801  2.37887  2.77519  2.98518  4.58477  3.61503
          0.04955  4.45000  3.30588  0.61958  0.77255  0.54149  0.87198
    148   2.70245  5.17203  2.52010  2.39581  4.50640  3.46645  2.98782  3.97871  2.30510  3.46823  4.21850  2.93951  3.86404  2.16088  2.19529  2.47836  2.69712  3.55760  5.60649  4.21078    290 q - - -
          2.68618  4.42225  2.77519  2.73123  3.46354  2.40513  3.72494  3.29354  2.67741  2.69355  4.24690  2.90347  2.73739  3.18146  2.89801  2.37887  2.77519  2.98518  4.58477  3.61503
          0.01807  4.41852  5.14086  0.61958  0.77255  0.58808  0.81056
    149   2.26694  4.63463  3.28982  2.87517  4.51587  1.76091  4.08283  3.96338  2.94368  3.56433  4.35500  2.80064  3.10053  3.25738  3.37430  1.63031  2.80972  3.46357  5.77040  4.47155    291 s - - -
          2.68618  4.42225  2.77519  2.73123  3.46354  2.40513  3.72494  3.29354  2.67741  2.69355  4.24690  2.90347  2.73739  3.18146  2.89801  2.37887  2.77519  2.98518  4.58477  3.61503
          0.01807  4.41852  5.14086  0.61958  0.77255  0.42672  1.05742
    150   2.37930  4.20842  4.09461  3.51833  2.90812  2.75658  4.10324  2.61545  3.41088  2.35741  3.32943  3.75208  4.16955  3.64515  3.61745  3.07765  2.94424  1.47015  4.81984  3.07031    292 v - - -
          2.68618  4.42225  2.77519  2.73123  3.46354  2.40513  3.72494  3.29354  2.67741  2.69355  4.24690  2.90347  2.73739  3.18146  2.89801  2.37887  2.77519  2.98518  4.58477  3.61503
          0.07663  4.48462  2.77279  0.61958  0.77255  0.48576  0.95510
    151   2.83251  5.17134  2.71322  2.09696  4.64158  1.84051  3.87835  4.11143  2.73654  3.64869  4.44664  2.55116  3.96110  3.02320  3.23700  1.77526  3.12467  3.68566  5.82746  4.42763    293 s - - -
          2.68618  4.42225  2.77519  2.73123  3.46354  2.40513  3.72494  3.29354  2.67741  2.69355  4.24690  2.90347  2.73739  3.18146  2.89801  2.37887  2.77519  2.98518  4.58477  3.61503
          0.01793  4.42592  5.14827  0.61958  0.77255  0.43242  1.04678
    152   2.09415  4.44878  3.64826  3.13291  3.40260  3.03357  4.11418  3.26455  3.10116  2.98683  3.86039  3.46007  4.00652  3.40423  3.46077  1.32261  2.94174  2.43138  5.32674  4.08836    294 s - - -
          2.68618  4.42225  2.77519  2.73123  3.46354  2.40513  3.72494  3.29354  2.67741  2.69355  4.24690  2.90347  2.73739  3.18146  2.89801  2.37887  2.77519  2.98518  4.58477  3.61503
          0.01690  4.48462  5.20697  0.61958  0.77255  0.48576  0.95510
    153   3.09131  4.45078  4.76498  4.21901  1.59792  4.20941  4.16661  2.28368  4.04960  2.04143  3.37506  4.22468  4.53509  4.14833  4.10389  3.52678  3.31904  2.31358  4.49120  1.77064    295 f - - -
          2.68618  4.42225  2.77519  2.73123  3.46354  2.40513  3.72494  3.29354  2.67741  2.69355  4.24690  2.90347  2.73739  3.18146  2.89801  2.37887  2.77519  2.98518  4.58477  3.61503
          0.01690  4.48462  5.20697  0.61958  0.77255  0.48576  0.95510
    154   2.81201  5.16710  1.98834  2.44915  4.34946  3.23903  1.97240  3.89746  2.59116  3.44431  4.24281  2.92985  3.94996  2.91315  3.08235  2.69291  3.05315  3.52807  5.58502  2.85873    296 h - - -
          2.68618  4.42225  2.77519  2.73123  3.46354  2.40513  3.72494  3.29354  2.67741  2.69355  4.24690  2.90347  2.73739  3.18146  2.89801  2.37887  2.77519  2.98518  4.58477  3.61503
          0.01690  4.48462  5.20697  0.61958  0.77255  0.48576  0.95510
    155   2.25835  4.24147  4.40184  3.81881  3.35744  3.97202  4.30659  2.08073  3.68995  1.92845  2.81980  3.99449  4.32865  3.89738  3.84442  3.27231  2.12814  1.80896  4.93172  3.74532    297 v - - -
          2.68618  4.42225  2.77519  2.73123  3.46354  2.40513  3.72494  3.29354  2.67741  2.69355  4.24690  2.90347  2.73739  3.18146  2.89801  2.37887  2.77519  2.98518  4.58477  3.61503
          0.01690  4.48462  5.20697  0.61958  0.77255  0.48576  0.95510
    156   3.85373  5.56205  4.41801  3.84789  5.08516  4.16393  4.47408  4.71243  2.75114  4.11464  5.13156  4.14291  4.66717  3.69396  0.34963  3.93081  4.09713  4.41634  5.93421  4.92068    298 R - - -
          2.68618  4.42225  2.77519  2.73123  3.46354  2.40513  3.72494  3.29354  2.67741  2.69355  4.24690  2.90347  2.73739  3.18146  2.89801  2.37887  2.77519  2.98518  4.58477  3.61503
          0.01690  4.48462  5.20697  0.61958  0.77255  0.48576  0.95510
    157   3.84942  5.10492  5.51524  4.96514  3.24613  5.13608  5.40662  2.46805  4.75845  0.53386  2.34555  5.22436  5.20146  4.76567  4.78769  4.54126  4.05973  2.72363  5.47584  4.47346    299 L - - -
          2.68618  4.42225  2.77519  2.73123  3.46354  2.40513  3.72494  3.29354  2.67741  2.69355  4.24690  2.90347  2.73739  3.18146  2.89801  2.37887  2.77519  2.98518  4.58477  3.61503
          0.01690  4.48462  5.20697  0.61958  0.77255  0.48576  0.95510
    158   2.48535  4.71291  3.38620  2.81767  3.90846  3.65516  3.83911  3.28007  2.33463  1.54293  3.80782  3.27359  4.04013  2.59454  2.74495  2.81182  3.01251  3.02168  5.24102  3.98438    300 l - - -
          2.68618  4.42225  2.77519  2.73123  3.46354  2.40513  3.72494  3.29354  2.67741  2.69355  4.24690  2.90347  2.73739  3.18146  2.89801  2.37887  2.77519  2.98518  4.58477  3.61503
          0.01690  4.48462  5.20697  0.61958  0.77255  0.48576  0.95510
    159   3.70825  4.97777  5.43534  4.87427  3.30184  5.02349  5.34999  2.37030  4.71325  0.59525  2.75828  5.11249  5.13461  4.73325  4.76339  4.40407  3.92702  2.16635  5.48979  4.48352    301 L - - -
          2.68618  4.42225  2.77519  2.73123  3.46354  2.40513  3.72494  3.29354  2.67741  2.69355  4.24690  2.90347  2.73739  3.18146  2.89801  2.37887  2.77519  2.98518  4.58477  3.61503
          0.01690  4.48462  5.20697  0.61958  0.77255  0.48576  0.95510
    160   2.63179  4.55868  3.74553  3.48102  4.60307  3.33295  4.55444  3.95279  3.49680  3.67549  4.56027  3.66197  1.06980  3.83317  3.79009  2.81041  1.57949  3.47124  5.94659  4.74364    302 p - - -
          2.68618  4.42225  2.77519  2.73123  3.46354  2.40513  3.72494  3.29354  2.67741  2.69355  4.24690  2.90347  2.73739  3.18146  2.89801  2.37887  2.77519  2.98518  4.58477  3.61503
          0.01690  4.48462  5.20697  0.61958  0.77255  0.48576  0.95510
    161   2.28011  5.34573  1.82505  2.39865  4.68313  3.48193  3.78416  4.16466  1.66009  3.65633  4.42773  2.65771  3.95373  2.90408  3.07490  2.80738  3.10542  3.73975  5.80098  4.38047    303 k - - -
          2.68618  4.42225  2.77519  2.73123  3.46354  2.40513  3.72494  3.29354  2.67741  2.69355  4.24690  2.90347  2.73739  3.18146  2.89801  2.37887  2.77519  2.98518  4.58477  3.61503
          0.01690  4.48462  5.20697  0.61958  0.77255  0.48576  0.95510
    162   2.90687  5.40261  2.67625  1.56717  4.73295  2.16561  3.81582  4.21761  2.39280  3.70813  4.48792  2.13610  3.97636  2.94137  3.13333  2.84751  3.04781  3.79357  5.85507  4.42695    304 e - - -
          2.68619  4.42226  2.77520  2.73124  3.46355  2.40514  3.72495  3.29355  2.67742  2.69356  4.24691  2.90348  2.73724  3.18147  2.89802  2.37888  2.77520  2.98519  4.58478  3.61504
          0.06245  2.89938  5.20697  0.40954  1.09051  0.48576  0.95510
    163   2.98392  2.21231  4.60953  4.06746  2.12312  4.06861  4.04381  2.76078  3.90122  2.45448  3.46804  4.08095  4.42858  4.02993  3.97852  3.38406  3.21952  2.36181  4.40198  1.54953    306 y - - -
          2.68618  4.42225  2.77519  2.73123  3.46354  2.40513  3.72494  3.29354  2.67741  2.69355  4.24690  2.90347  2.73739  3.18146  2.89801  2.37887  2.77519  2.98518  4.58477  3.61503
          0.01690  4.48462  5.20697  0.61958  0.77255  0.48576  0.95510
    164   2.81314  5.23839  1.75160  2.02166  4.54302  3.28725  3.76859  4.00719  2.57994  3.53354  4.31387  2.96335  3.93700  2.83618  3.08488  2.26113  3.05709  2.55773  5.70836  4.30350    307 d - - -
          2.68618  4.42225  2.77519  2.73123  3.46354  2.40513  3.72494  3.29354  2.67741  2.69355  4.24690  2.90347  2.73739  3.18146  2.89801  2.37887  2.77519  2.98518  4.58477  3.61503
          0.01690  4.48462  5.20697  0.61958  0.77255  0.48576  0.95510
    165   2.78219  5.14408  3.08930  2.53239  4.51214  2.87402  3.72161  3.95418  1.61873  3.46246  4.23961  3.05160  3.94422  2.83679  2.28774  2.16663  2.73387  3.56020  5.60752  4.25903    308 k - - -
          2.68618  4.42225  2.77519  2.73123  3.46354  2.40513  3.72494  3.29354  2.67741  2.69355  4.24690  2.90347  2.73739  3.18146  2.89801  2.37887  2.77519  2.98518  4.58477  3.61503
          0.01690  4.48462  5.20697  0.61958  0.77255  0.48576  0.95510
    166   2.44739  5.39255  1.84790  1.89985  4.71549  3.47150  3.79941  4.20603  2.63042  3.69535  4.46741  2.93814  3.95770  2.72248  3.15385  1.87180  3.12857  3.77679  5.84345  4.40627    309 d - - -
          2.68618  4.42225  2.77519  2.73123  3.46354  2.40513  3.72494  3.29354  2.67741  2.69355  4.24690  2.90347  2.73739  3.18146  2.89801  2.37887  2.77519  2.98518  4.58477  3.61503
          0.01690  4.48462  5.20697  0.61958  0.77255  0.48576  0.95510
    167   2.79861  5.24737  2.95602  2.46059  4.59640  2.67632  3.71307  4.05904  1.76551  3.54212  4.30572  2.18119  3.93342  2.25096  2.76996  2.65669  3.02753  3.64435  5.67110  4.29208    310 k - - -
          2.68618  4.42225  2.77519  2.73123  3.46354  2.40513  3.72494  3.29354  2.67741  2.69355  4.24690  2.90347  2.73739  3.18146  2.89801  2.37887  2.77519  2.98518  4.58477  3.61503
          0.01690  4.48462  5.20697  0.61958  0.77255  0.48576  0.95510
    168   3.43022  4.66472  5.40228  4.94100  3.98166  4.94696  5.67831  1.42740  4.85783  2.42849  3.73830  5.10796  5.21694  5.12226  5.03327  4.37784  3.69925  0.72118  6.05867  4.83605    311 v - - -
          2.68618  4.42225  2.77519  2.73123  3.46354  2.40513  3.72494  3.29354  2.67741  2.69355  4.24690  2.90347  2.73739  3.18146  2.89801  2.37887  2.77519  2.98518  4.58477  3.61503
          0.01690  4.48462  5.20697  0.61958  0.77255  0.48576  0.95510
    169   2.83219  5.24125  3.10305  2.24002  4.60062  3.57731  3.70592  4.04328  1.80903  3.51993  4.29247  3.05504  3.96403  2.42007  2.20564  2.80328  2.05561  3.64268  5.63623  4.29192    312 k - - -
          2.68618  4.42225  2.77519  2.73123  3.46354  2.40513  3.72494  3.29354  2.67741  2.69355  4.24690  2.90347  2.73739  3.18146  2.89801  2.37887  2.77519  2.98518  4.58477  3.61503
          0.01690  4.48462  5.20697  0.61958  0.77255  0.48576  0.95510
    170   0.40455  4.62830  4.21868  4.08956  4.79632  3.42873  5.01690  4.02868  4.12601  3.87545  4.86585  4.04194  4.22720  4.41028  4.29894  2.98811  3.30946  3.56211  6.14942  5.04299    313 A - - -
          2.68618  4.42225  2.77519  2.73123  3.46354  2.40513  3.72494  3.29354  2.67741  2.69355  4.24690  2.90347  2.73739  3.18146  2.89801  2.37887  2.77519  2.98518  4.58477  3.61503
          0.01690  4.48462  5.20697  0.61958  0.77255  0.48576  0.95510
    171   3.02965  5.60911  2.13990  1.10727  4.91888  3.48109  3.88505  4.42828  2.52353  3.89553  4.68857  2.93286  4.02320  2.40897  3.30016  2.93776  3.28884  3.98641  6.03262  4.56273    314 e - - -
          2.68618  4.42225  2.77519  2.73123  3.46354  2.40513  3.72494  3.29354  2.67741  2.69355  4.24690  2.90347  2.73739  3.18146  2.89801  2.37887  2.77519  2.98518  4.58477  3.61503
          0.01690  4.48462  5.20697  0.61958  0.77255  0.48576  0.95510
    172   3.92739  5.23046  5.17590  4.85744  3.49832  4.75821  5.33336  2.76589  4.62815  0.37433  3.39626  5.08171  5.11319  4.83797  4.68761  4.46973  4.20567  2.95399  5.55288  4.40562    315 L - - -
          2.68618  4.42225  2.77519  2.73123  3.46354  2.40513  3.72494  3.29354  2.67741  2.69355  4.24690  2.90347  2.73739  3.18146  2.89801  2.37887  2.77519  2.98518  4.58477  3.61503
          0.01690  4.48462  5.20697  0.61958  0.77255  0.48576  0.95510
    173   3.04732  5.29449  3.30776  2.76603  4.71580  3.71599  3.80724  4.10150  1.06256  3.58132  4.40933  3.23727  4.12010  2.52025  2.53124  3.03597  2.43306  3.74415  5.68084  4.42312    316 k - - -
          2.68618  4.42225  2.77519  2.73123  3.46354  2.40513  3.72494  3.29354  2.67741  2.69355  4.24690  2.90347  2.73739  3.18146  2.89801  2.37887  2.77519  2.98518  4.58477  3.61503
          0.01690  4.48462  5.20697  0.61958  0.77255  0.48576  0.95510
    174   1.91666  4.65150  3.29026  2.75137  3.31621  3.55151  3.85242  3.27566  2.73797  2.61791  3.80533  2.09037  3.97505  3.07142  3.15939  2.30305  2.93781  2.99664  5.25114  3.96261    317 a - - -
          2.68618  4.42225  2.77519  2.73123  3.46354  2.40513  3.72494  3.29354  2.67741  2.69355  4.24690  2.90347  2.73739  3.18146  2.89801  2.37887  2.77519  2.98518  4.58477  3.61503
          0.01690  4.48462  5.20697  0.61958  0.77255  0.48576  0.95510
    175   3.05291  4.97290  3.66130  3.42972  4.88698  0.59230  4.53746  4.43535  3.25827  4.01766  4.90156  3.74952  4.29143  3.78891  2.53361  3.18428  3.48260  3.94703  6.01391  4.87561    318 G - - -
          2.68618  4.42225  2.77519  2.73123  3.46354  2.40513  3.72494  3.29354  2.67741  2.69355  4.24690  2.90347  2.73739  3.18146  2.89801  2.37887  2.77519  2.98518  4.58477  3.61503
          0.01690  4.48462  5.20697  0.61958  0.77255  0.48576  0.95510
    176   2.45218  4.29053  4.02406  3.10492  3.43805  3.82507  4.15953  2.54811  3.36599  2.45656  2.12476  3.74466  4.21028  3.63154  3.61385  3.11348  2.70046  1.53192  4.96123  3.75819    319 v - - -
          2.68618  4.42225  2.77519  2.73123  3.46354  2.40513  3.72494  3.29354  2.67741  2.69355  4.24690  2.90347  2.73739  3.18146  2.89801  2.37887  2.77519  2.98518  4.58477  3.61503
          0.01690  4.48462  5.20697  0.61958  0.77255  0.48576  0.95510
    177   3.92739  5.23046  5.17590  4.85744  3.49832  4.75821  5.33336  2.76589  4.62815  0.37433  3.39626  5.08171  5.11319  4.83797  4.68761  4.46973  4.20567  2.95399  5.55288  4.40562    320 L - - -
          2.68618  4.42225  2.77519  2.73123  3.46354  2.40513  3.72494  3.29354  2.67741  2.69355  4.24690  2.90347  2.73739  3.18146  2.89801  2.37887  2.77519  2.98518  4.58477  3.61503
          0.01690  4.48462  5.20697  0.61958  0.77255  0.48576  0.95510
    178   2.69305  4.63333  3.29514  1.99179  2.98061  3.59215  3.81576  3.19077  2.55178  2.40419  3.72321  3.20914  3.97714  3.04138  2.68305  2.72723  2.92430  2.63078  5.18002  3.14230    321 e - - -
          2.68618  4.42225  2.77519  2.73123  3.46354  2.40513  3.72494  3.29354  2.67741  2.69355  4.24690  2.90347  2.73739  3.18146  2.89801  2.37887  2.77519  2.98518  4.58477  3.61503
          0.01690  4.48462  5.20697  0.61958  0.77255  0.48576  0.95510
    179   3.44470  4.66194  5.44582  4.96004  3.92546  5.00294  5.65357  1.29257  4.88158  2.17766  3.67917  5.13271  5.22843  5.11367  5.04062  4.41803  3.70098  0.85462  5.99898  4.80065    322 v - - -
          2.68618  4.42225  2.77519  2.73123  3.46354  2.40513  3.72494  3.29354  2.67741  2.69355  4.24690  2.90347  2.73739  3.18146  2.89801  2.37887  2.77519  2.98518  4.58477  3.61503
          0.01690  4.48462  5.20697  0.61958  0.77255  0.48576  0.95510
    180   2.55687  4.50322  3.63871  3.36928  4.56374  3.27177  4.46915  3.97485  3.42165  3.67196  4.50604  3.22378  4.00743  3.73752  3.73499  2.16517  0.82325  3.45674  5.90697  4.67859    323 t - - -
          2.68618  4.42225  2.77519  2.73123  3.46354  2.40513  3.72494  3.29354  2.67741  2.69355  4.24690  2.90347  2.73739  3.18146  2.89801  2.37887  2.77519  2.98518  4.58477  3.61503
          0.01690  4.48462  5.20697  0.61958  0.77255  0.48576  0.95510
    181   3.45222  4.66593  5.46385  4.98216  3.93971  5.02060  5.68648  1.06122  4.90630  2.23136  3.68938  5.15448  5.24402  5.14136  5.06679  4.43978  3.70933  1.01440  6.02452  4.82411    324 v - - -
          2.68618  4.42225  2.77519  2.73123  3.46354  2.40513  3.72494  3.29354  2.67741  2.69355  4.24690  2.90347  2.73739  3.18146  2.89801  2.37887  2.77519  2.98518  4.58477  3.61503
          0.01690  4.48462  5.20697  0.61958  0.77255  0.48576  0.95510
    182   2.28097  4.67559  3.29016  2.80670  4.10969  2.84347  3.21135  3.51182  2.80752  3.16292  4.00390  3.24693  1.56999  3.14875  3.22329  2.76831  2.96721  2.79341  5.44037  4.15234    325 p - - -
          2.68618  4.42225  2.77519  2.73123  3.46354  2.40513  3.72494  3.29354  2.67741  2.69355  4.24690  2.90347  2.73739  3.18146  2.89801  2.37887  2.77519  2.98518  4.58477  3.61503
          0.01690  4.48462  5.20697  0.61958  0.77255  0.48576  0.95510
    183   3.68174  5.56750  3.89404  3.44835  5.10479  4.04846  4.28109  4.59056  0.42838  4.03625  5.00276  3.82862  4.53629  3.46479  2.76964  3.70671  3.90602  4.27793  5.92779  4.85724    326 K - - -
          2.68604  4.42423  2.77661  2.73303  3.46485  2.40615  3.72664  3.29456  2.67776  2.69459  4.24723  2.90110  2.73423  3.17993  2.89629  2.37963  2.77456  2.98235  4.58675  3.61701
          0.58925  0.82149  5.20697  2.81064  0.06205  0.48576  0.95510
    184   2.74934  4.99200  3.01848  2.00042  4.27314  3.23561  3.75981  3.38592  2.35390  3.27861  4.08792  3.05351  3.94027  2.90374  2.98265  2.76752  1.63252  3.34781  5.50252  4.15921    374 t - - -
          2.68618  4.42225  2.77519  2.73123  3.46354  2.40513  3.72494  3.29354  2.67741  2.69355  4.24690  2.90347  2.73739  3.18146  2.89801  2.37887  2.77519  2.98518  4.58477  3.61503
          0.19510  4.48462  1.79598  0.61958  0.77255  0.48576  0.95510
    185   2.72462  5.13866  2.95935  2.15930  4.47765  3.47425  3.64618  3.93015  1.87087  3.42726  4.19630  2.95645  3.29593  2.75686  2.34388  2.09727  2.95080  3.52937  5.56653  4.20020    375 k - - -
          2.68618  4.42225  2.77519  2.73123  3.46354  2.40513  3.72494  3.29354  2.67741  2.69355  4.24690  2.90347  2.73739  3.18146  2.89801  2.37887  2.77519  2.98518  4.58477  3.61503
          0.02017  4.30969  5.03204  0.61958  0.77255  0.72501  0.66227
    186   2.33887  4.39198  4.47624  3.97149  3.70118  4.05638  4.68940  2.06330  3.85996  2.18181  3.57390  4.17238  4.50107  4.14098  4.08271  3.42340  3.07336  1.01220  5.42006  4.21396    376 v - - -
          2.68618  4.42225  2.77519  2.73123  3.46354  2.40513  3.72494  3.29354  2.67741  2.69355  4.24690  2.90347  2.73739  3.18146  2.89801  2.37887  2.77519  2.98518  4.58477  3.61503
          0.02017  4.30969  5.03204  0.61958  0.77255  0.72501  0.66227
    187   2.87670  5.27050  2.94509  1.71872  4.63421  3.53637  3.69767  4.07267  2.27986  3.54172  4.33561  3.01385  3.95761  1.92764  2.10372  2.83779  3.09503  3.68029  5.64889  4.31433    377 e - - -
          2.68618  4.42225  2.77519  2.73123  3.46354  2.40513  3.72494  3.29354  2.67741  2.69355  4.24690  2.90347  2.73739  3.18146  2.89801  2.37887  2.77519  2.98518  4.58477  3.61503
          0.02017  4.30969  5.03204  0.61958  0.77255  0.72501  0.66227
    188   2.74977  5.02068  3.06479  2.53208  4.37219  3.03087  3.52675  3.79627  2.28237  3.33700  4.13846  3.03851  3.61349  2.82894  1.66365  2.19400  2.98414  3.43287  5.50812  4.18453    378 r - - -
          2.68618  4.42225  2.77519  2.73123  3.46354  2.40513  3.72494  3.29354  2.67741  2.69355  4.24690  2.90347  2.73739  3.18146  2.89801  2.37887  2.77519  2.98518  4.58477  3.61503
          0.02017  4.30969  5.03204  0.61958  0.77255  0.72501  0.66227
    189   3.33007  5.42804  3.82110  3.05162  4.96727  3.90228  3.75526  4.27599  1.01228  3.65287  4.53087  3.41830  4.24506  2.88284  1.50676  3.30914  3.46506  3.95704  5.63692  4.51943    379 k - - -
          2.68618  4.42225  2.77519  2.73123  3.46354  2.40513  3.72494  3.29354  2.67741  2.69355  4.24690  2.90347  2.73739  3.18146  2.89801  2.37887  2.77519  2.98518  4.58477  3.61503
          0.02017  4.30969  5.03204  0.61958  0.77255  0.51673  0.90751
    190   2.70821  4.38104  3.13887  3.08077  3.53711  3.70213  3.98237  1.88996  2.65913  2.57915  3.49886  3.47017  4.08757  3.33481  3.36440  2.78060  2.94443  1.77347  5.00834  3.77862    380 v - - -
          2.68618  4.42274  2.77418  2.73106  3.46402  2.40522  3.72543  3.29365  2.67732  2.69361  4.24738  2.90328  2.73656  3.18195  2.89798  2.37905  2.77557  2.98539  4.58525  3.61552
          0.51031  0.93200  5.12804  1.61651  0.22138  0.60606  0.78855
    191   2.73954  4.27033  3.18370  3.40890  3.27782  3.82379  4.12458  1.82046  3.32836  2.42837  3.12902  3.33893  4.19216  3.58916  3.58838  3.10097  2.97427  1.56924  4.93440  3.72553    394 v - - -
          2.68618  4.42225  2.77519  2.73123  3.46354  2.40513  3.72494  3.29354  2.67741  2.69355  4.24690  2.90347  2.73739  3.18146  2.89801  2.37887  2.77519  2.98518  4.58477  3.61503
          0.08319  4.40569  2.69385  0.61958  0.77255  0.60606  0.78855
    192   2.94070  5.36585  1.42586  2.34715  4.83758  1.79502  3.92135  4.34209  2.88312  3.85589  4.67286  2.79298  3.07935  3.07892  3.44292  2.88462  3.24898  3.88880  6.02077  4.56346    395 d - - -
          2.68618  4.42225  2.77519  2.73123  3.46354  2.40513  3.72494  3.29354  2.67741  2.69355  4.24690  2.90347  2.73739  3.18146  2.89801  2.37887  2.77519  2.98518  4.58477  3.61503
          0.01952  4.34201  5.06436  0.61958  0.77255  0.68776  0.69857
    193   3.33911  4.58202  5.27316  4.79899  3.85226  4.83370  5.51260  1.04959  4.71021  2.30621  3.61693  4.97470  5.10092  4.96296  4.88269  4.25244  3.60425  1.07508  5.90665  4.69691    396 i - - -
          2.68618  4.42225  2.77519  2.73123  3.46354  2.40513  3.72494  3.29354  2.67741  2.69355  4.24690  2.90347  2.73739  3.18146  2.89801  2.37887  2.77519  2.98518  4.58477  3.61503
          0.01952  4.34201  5.06436  0.61958  0.77255  0.68776  0.69857
    194   2.63735  5.03901  2.93018  2.28732  4.33553  3.19187  3.53256  3.78287  2.42225  3.07507  4.10539  2.94978  3.32191  1.98083  2.89504  2.11732  2.91371  3.40606  5.51105  4.13845    397 q - - -
          2.68618  4.42225  2.77519  2.73123  3.46354  2.40513  3.72494  3.29354  2.67741  2.69355  4.24690  2.90347  2.73739  3.18146  2.89801  2.37887  2.77519  2.98518  4.58477  3.61503
          0.01952  4.34201  5.06436  0.61958  0.77255  0.68776  0.69857
    195   3.21998  4.50667  5.07520  4.57719  3.83633  4.62768  5.25565  1.30070  4.47908  2.38903  3.62993  4.75003  4.94101  4.73881  4.65954  4.01746  3.05896  0.96411  5.76117  4.55055    398 v - - -
          2.68618  4.42225  2.77519  2.73123  3.46354  2.40513  3.72494  3.29354  2.67741  2.69355  4.24690  2.90347  2.73739  3.18146  2.89801  2.37887  2.77519  2.98518  4.58477  3.61503
          0.01952  4.34201  5.06436  0.61958  0.77255  0.41771  1.07457
    196   2.75745  5.18411  2.94881  2.39779  4.51506  3.14286  3.69949  3.97481  2.06116  3.47804  4.24410  2.88749  3.07001  1.70616  2.86612  2.73005  2.72473  3.57045  5.62615  4.24511    399 q - - -
          2.68468  4.42635  2.77564  2.73142  3.46742  2.40445  3.72904  3.29764  2.67724  2.69512  4.24969  2.89698  2.72891  3.18329  2.89611  2.38169  2.77534  2.98679  4.58887  3.61913
          0.38492  1.14101        *  3.83299  0.02188  0.00000        *
//
