HMMER3/f [3.1b2 | February 2015]
NAME  Mafft_Group_21
LENG  142
ALPH  amino
RF    no
MM    no
CONS  yes
CS    no
MAP   yes
DATE  Fri Oct 14 16:39:50 2016
NSEQ  22
EFFN  0.631104
CKSUM 2042949942
STATS LOCAL MSV      -10.2215  0.71035
STATS LOCAL VITERBI  -10.7710  0.71035
STATS LOCAL FORWARD   -4.6547  0.71035
HMM          A        C        D        E        F        G        H        I        K        L        M        N        P        Q        R        S        T        V        W        Y   
            m->m     m->i     m->d     i->m     i->i     d->m     d->d
  COMPO   2.52612  4.58566  2.92821  2.61255  3.40619  2.92586  3.69750  2.72947  2.60408  2.52440  3.73884  3.08758  3.22785  3.18577  2.87386  2.67870  2.90692  2.44314  4.32715  3.82401
          2.68618  4.42225  2.77520  2.73123  3.46354  2.40513  3.72495  3.29354  2.67741  2.69355  4.24670  2.90347  2.73740  3.18146  2.89801  2.37887  2.77520  2.98518  4.58477  3.61503
          0.07209  3.26521  3.46224  0.54589  0.86590  0.00000        *
      1   2.68952  4.44057  3.97327  3.54443  3.30642  3.75659  4.33691  2.38394  3.33954  1.90521  1.48466  3.81553  4.23707  3.71339  3.56712  3.16775  3.15101  2.34076  5.11787  3.89992      2 m - - -
          2.68618  4.42225  2.77519  2.73123  3.46354  2.40513  3.72494  3.29354  2.67741  2.69355  4.24690  2.90347  2.73739  3.18146  2.89801  2.37887  2.77519  2.98518  4.58477  3.61503
          0.02923  3.94306  4.66541  0.61958  0.77255  0.50772  0.92097
      2   1.18282  4.12594  3.41952  3.16085  4.19296  2.92613  4.21273  3.50066  3.20261  3.28606  4.15752  3.29880  3.67807  3.50593  3.49140  1.97229  2.69388  3.01925  5.57466  4.35317      3 a - - -
          2.68618  4.42225  2.77519  2.73123  3.46354  2.40513  3.72494  3.29354  2.67741  2.69355  4.24690  2.90347  2.73739  3.18146  2.89801  2.37887  2.77519  2.98518  4.58477  3.61503
          0.08369  3.94306  2.79868  0.61958  0.77255  0.50772  0.92097
      3   2.86806  5.38535  1.44162  1.77974  4.69380  2.89327  3.71593  4.19704  2.72295  3.71470  4.56366  2.65207  3.79209  2.88340  3.30690  2.76650  3.15779  3.77936  5.88108  4.39516      4 d - - -
          2.68619  4.42226  2.77520  2.73124  3.46355  2.40513  3.72495  3.29355  2.67741  2.69356  4.24690  2.90347  2.73740  3.18147  2.89786  2.37887  2.77520  2.98519  4.58478  3.61504
          0.09726  2.49189  4.61256  0.44144  1.03033  0.55589  0.85229
      4   2.37835  4.25220  3.37219  2.84244  2.99697  2.81835  3.80040  2.83502  2.80073  2.33886  3.46277  3.22478  3.84263  3.11339  3.15624  2.45044  2.53566  2.58695  4.93272  3.68728      6 l - - -
          2.68618  4.42225  2.77519  2.73123  3.46354  2.40513  3.72494  3.29354  2.67741  2.69355  4.24690  2.90347  2.73739  3.18146  2.89801  2.37887  2.77519  2.98518  4.58477  3.61503
          0.03084  3.89021  4.61256  0.61958  0.77255  0.47709  0.96913
      5   3.10136  4.45576  4.62493  4.08960  2.09573  4.30192  4.46116  1.52095  3.96145  1.61017  3.02648  4.28389  4.56622  4.11307  4.10517  3.64086  3.33493  2.07877  4.82465  3.47674      7 i - - -
          2.68618  4.42225  2.77519  2.73123  3.46354  2.40513  3.72494  3.29354  2.67741  2.69355  4.24690  2.90347  2.73739  3.18146  2.89801  2.37887  2.77519  2.98518  4.58477  3.61503
          0.02923  3.94306  4.66541  0.61958  0.77255  0.50772  0.92097
      6   2.92125  4.46706  3.94632  3.45572  1.48481  3.85229  3.81532  2.70860  3.24400  2.08898  3.37066  3.69043  4.23619  3.56935  3.01655  3.18812  3.17022  2.62283  4.30625  2.74507      8 f - - -
          2.68618  4.42225  2.77519  2.73123  3.46354  2.40513  3.72494  3.29354  2.67741  2.69355  4.24690  2.90347  2.73739  3.18146  2.89801  2.37887  2.77519  2.98518  4.58477  3.61503
          0.02923  3.94306  4.66541  0.61958  0.77255  0.50772  0.92097
      7   2.41315  4.30132  3.33492  2.99483  3.84239  1.50727  4.03234  3.13478  2.95226  2.60773  3.89472  3.28199  3.80943  3.32451  3.26596  2.59307  2.82124  2.67077  5.29580  3.99614      9 g - - -
          2.68618  4.42225  2.77519  2.73123  3.46354  2.40513  3.72494  3.29354  2.67741  2.69355  4.24690  2.90347  2.73739  3.18146  2.89801  2.37887  2.77519  2.98518  4.58477  3.61503
          0.02923  3.94306  4.66541  0.61958  0.77255  0.50772  0.92097
      8   2.57101  4.49111  2.84949  2.61161  3.22372  3.14265  3.68273  3.06654  2.62861  2.73626  3.61010  3.07811  3.84906  2.94914  3.04260  2.39348  2.81329  2.80593  4.94729  2.57731     10 s - - -
          2.68618  4.42225  2.77519  2.73123  3.46354  2.40513  3.72494  3.29354  2.67741  2.69355  4.24690  2.90347  2.73739  3.18146  2.89801  2.37887  2.77519  2.98518  4.58477  3.61503
          0.02923  3.94306  4.66541  0.61958  0.77255  0.50772  0.92097
      9   2.84649  4.59199  3.46130  3.31059  4.29955  3.27552  4.38218  3.86318  3.37394  3.48235  4.53529  3.61014  0.70626  3.76058  3.61141  3.01621  3.29363  3.50050  5.46669  4.42121     11 p - - -
          2.68618  4.42225  2.77519  2.73123  3.46354  2.40513  3.72494  3.29354  2.67741  2.69355  4.24690  2.90347  2.73739  3.18146  2.89801  2.37887  2.77519  2.98518  4.58477  3.61503
          0.02923  3.94306  4.66541  0.61958  0.77255  0.50772  0.92097
     10   3.29249  4.68339  4.40915  4.04481  1.12235  4.16212  3.88066  2.64955  3.90058  1.91509  3.36842  4.08686  4.53621  4.04460  4.02407  3.59471  3.56194  2.66762  4.10928  2.46617     12 f - - -
          2.68618  4.42225  2.77519  2.73123  3.46354  2.40513  3.72494  3.29354  2.67741  2.69355  4.24690  2.90347  2.73739  3.18146  2.89801  2.37887  2.77519  2.98518  4.58477  3.61503
          0.02923  3.94306  4.66541  0.61958  0.77255  0.50772  0.92097
     11   3.00574  5.00795  3.42995  2.84796  4.41016  3.59659  3.66423  3.81218  1.89146  3.31156  4.22416  3.23095  4.01841  2.82624  1.17144  3.04022  3.21014  3.51448  5.37859  4.19898     13 r - - -
          2.68618  4.42225  2.77519  2.73123  3.46354  2.40513  3.72494  3.29354  2.67741  2.69355  4.24690  2.90347  2.73739  3.18146  2.89801  2.37887  2.77519  2.98518  4.58477  3.61503
          0.02923  3.94306  4.66541  0.61958  0.77255  0.50772  0.92097
     12   2.97248  4.98807  3.36766  2.80371  4.14931  3.58717  3.22494  3.78585  2.01823  3.27251  4.17853  3.20197  4.00394  2.82902  1.23380  3.00433  3.17777  3.48758  5.25772  3.97849     14 r - - -
          2.68618  4.42225  2.77519  2.73123  3.46354  2.40513  3.72494  3.29354  2.67741  2.69355  4.24690  2.90347  2.73739  3.18146  2.89801  2.37887  2.77519  2.98518  4.58477  3.61503
          0.02923  3.94306  4.66541  0.61958  0.77255  0.50772  0.92097
     13   3.08417  4.44715  4.61327  4.05705  1.97614  4.28533  4.48309  1.87753  3.93678  1.41744  2.95822  4.26921  4.53850  4.07447  4.07900  3.61267  3.31198  2.05835  4.86702  3.59305     15 l - - -
          2.68618  4.42225  2.77519  2.73123  3.46354  2.40513  3.72494  3.29354  2.67741  2.69355  4.24690  2.90347  2.73739  3.18146  2.89801  2.37887  2.77519  2.98518  4.58477  3.61503
          0.09202  3.94306  2.68062  0.61958  0.77255  0.50772  0.92097
     14   3.12351  4.49349  4.56411  4.02191  2.04360  4.29299  4.40005  1.97116  3.89618  1.28918  2.92878  4.24089  4.53894  4.03708  4.04741  3.62388  3.35019  2.22025  4.75152  3.40436     16 l - - -
          2.68618  4.42225  2.77519  2.73123  3.46354  2.40513  3.72494  3.29354  2.67741  2.69355  4.24690  2.90347  2.73739  3.18146  2.89801  2.37887  2.77519  2.98518  4.58477  3.61503
          0.03109  3.88214  4.60448  0.61958  0.77255  0.56283  0.84302
     15   2.90530  4.43565  3.89415  3.37332  2.33503  3.83496  2.84380  2.94025  3.22087  2.06811  3.54363  3.57616  4.18730  3.47858  3.45821  3.12238  3.13061  2.76010  2.65707  2.06062     17 y - - -
          2.68618  4.42225  2.77519  2.73123  3.46354  2.40513  3.72494  3.29354  2.67741  2.69355  4.24690  2.90347  2.73739  3.18146  2.89801  2.37887  2.77519  2.98518  4.58477  3.61503
          0.03109  3.88214  4.60448  0.61958  0.77255  0.56283  0.84302
     16   1.97541  4.38811  2.70250  2.60710  4.20100  2.17751  3.87950  3.62145  2.80852  3.26553  4.09074  3.00330  3.68556  3.08731  3.23197  2.02163  2.74995  3.16691  5.50562  4.21315     18 a - - -
          2.68621  4.42228  2.77522  2.73126  3.46357  2.40516  3.72449  3.29357  2.67744  2.69358  4.24693  2.90350  2.73743  3.18149  2.89768  2.37890  2.77522  2.98521  4.58480  3.61506
          0.30227  1.38288  4.60448  0.25138  1.50386  0.56283  0.84302
     17   2.09357  4.23511  3.18259  2.90634  4.11726  3.00259  4.03802  3.38972  2.94004  3.14371  4.05044  3.17994  1.68422  3.29172  3.26464  2.45595  2.55370  2.98055  5.48724  4.24292     20 p - - -
          2.68618  4.42225  2.77519  2.73123  3.46354  2.40513  3.72494  3.29354  2.67741  2.69355  4.24690  2.90347  2.73739  3.18146  2.89801  2.37887  2.77519  2.98518  4.58477  3.61503
          0.03109  3.88214  4.60448  0.61958  0.77255  0.56283  0.84302
     18   2.45303  4.27288  3.32999  2.85112  2.69620  3.31642  3.82750  2.92279  2.82080  2.63925  3.55559  3.21694  2.52230  3.14209  3.17317  2.52992  2.51735  2.66221  4.97283  3.68276     21 a - - -
          2.68618  4.42225  2.77519  2.73123  3.46354  2.40513  3.72494  3.29354  2.67741  2.69355  4.24690  2.90347  2.73739  3.18146  2.89801  2.37887  2.77519  2.98518  4.58477  3.61503
          0.10877  3.88214  2.49552  0.61958  0.77255  0.56283  0.84302
     19   2.47581  4.19897  3.65063  3.09648  3.02728  3.61002  3.41147  2.02396  3.00287  2.22510  3.24614  3.44037  3.99223  3.30378  3.29783  2.88866  2.83127  2.16662  4.75980  3.48924     22 i - - -
          2.68618  4.42225  2.77520  2.73123  3.46354  2.40513  3.72495  3.29354  2.67741  2.69355  4.24690  2.90347  2.73734  3.18147  2.89801  2.37887  2.77520  2.98519  4.58477  3.61503
          0.06527  2.94899  4.52928  0.52481  0.89568  0.51977  0.90303
     20   2.28070  4.26896  3.45038  2.91106  2.49051  3.53267  3.48762  2.77105  2.85467  2.46320  3.38233  3.28917  3.44900  3.15685  3.18808  2.79760  2.81067  2.55333  4.64138  2.91488     24 a - - -
          2.68618  4.42225  2.77519  2.73123  3.46354  2.40513  3.72494  3.29354  2.67741  2.69355  4.24690  2.90347  2.73739  3.18146  2.89801  2.37887  2.77519  2.98518  4.58477  3.61503
          0.03109  3.88214  4.60448  0.61958  0.77255  0.47286  0.97608
     21   2.54736  4.80560  3.02775  2.46442  4.07032  3.43012  3.34940  3.47515  2.19933  3.06151  3.88487  2.96449  3.41893  2.53534  2.18896  2.66416  2.85442  2.82087  5.27972  3.97464     25 r - - -
          2.68618  4.42225  2.77519  2.73123  3.46354  2.40513  3.72494  3.29354  2.67741  2.69355  4.24690  2.90347  2.73739  3.18146  2.89801  2.37887  2.77519  2.98518  4.58477  3.61503
          0.02923  3.94306  4.66541  0.61958  0.77255  0.50772  0.92097
     22   2.76616  5.23278  1.92842  1.66749  4.55413  2.85449  3.67416  4.03491  2.58665  3.55591  4.36723  2.71958  3.78874  2.82184  3.12928  2.57433  2.84086  3.62533  5.73263  4.28671     26 e - - -
          2.68618  4.42225  2.77519  2.73123  3.46354  2.40513  3.72494  3.29354  2.67741  2.69355  4.24690  2.90347  2.73739  3.18146  2.89801  2.37887  2.77519  2.98518  4.58477  3.61503
          0.02923  3.94306  4.66541  0.61958  0.77255  0.50772  0.92097
     23   2.93948  4.44461  3.97931  3.46892  2.24222  3.87836  3.59154  2.92240  3.32849  2.30837  3.54325  3.26881  4.23273  3.56071  3.55023  3.17306  3.16792  2.75175  1.90269  2.24047     27 w - - -
          2.68618  4.42225  2.77519  2.73123  3.46354  2.40513  3.72494  3.29354  2.67741  2.69355  4.24690  2.90347  2.73739  3.18146  2.89801  2.37887  2.77519  2.98518  4.58477  3.61503
          0.02923  3.94306  4.66541  0.61958  0.77255  0.50772  0.92097
     24   2.05556  4.21996  3.23010  2.93291  4.22867  2.96713  4.06932  3.63265  3.00193  3.31628  4.15174  3.18633  2.93543  3.31474  3.34663  1.34768  2.70990  3.13153  5.56032  4.31632     28 s - - -
          2.68618  4.42225  2.77519  2.73123  3.46354  2.40513  3.72494  3.29354  2.67741  2.69355  4.24690  2.90347  2.73739  3.18146  2.89801  2.37887  2.77519  2.98518  4.58477  3.61503
          0.02923  3.94306  4.66541  0.61958  0.77255  0.50772  0.92097
     25   2.42423  4.45907  3.03330  2.67318  4.18238  1.96840  3.84787  3.61632  2.64504  3.24036  4.07161  3.06507  3.74483  3.04685  2.59198  1.98031  2.80034  3.18983  5.45418  4.17352     29 g - - -
          2.68597  4.42228  2.77522  2.73126  3.46357  2.40511  3.72497  3.29357  2.67744  2.69358  4.24692  2.90349  2.73742  3.18149  2.89803  2.37879  2.77522  2.98521  4.58480  3.61506
          0.17985  1.86309  4.66541  0.50970  0.91798  0.50772  0.92097
     26   1.76094  4.14268  3.38929  3.08538  4.21977  2.93152  4.15581  3.55332  3.11927  3.29833  4.14439  3.25921  3.66805  3.42386  3.43400  1.39216  2.49553  3.05570  5.57520  4.35660     32 s - - -
          2.68618  4.42225  2.77519  2.73123  3.46354  2.40513  3.72494  3.29354  2.67741  2.69355  4.24690  2.90347  2.73739  3.18146  2.89801  2.37887  2.77519  2.98518  4.58477  3.61503
          0.02923  3.94306  4.66541  0.61958  0.77255  0.50772  0.92097
     27   2.20535  4.25024  3.37828  2.91770  3.82938  3.18109  3.93748  2.86674  2.87001  2.87022  3.75647  3.23279  3.42901  3.20671  3.21765  2.42282  1.69733  2.76624  5.23039  3.99164     33 t - - -
          2.68618  4.42225  2.77519  2.73123  3.46354  2.40513  3.72494  3.29354  2.67741  2.69355  4.24690  2.90347  2.73739  3.18146  2.89801  2.37887  2.77519  2.98518  4.58477  3.61503
          0.02923  3.94306  4.66541  0.61958  0.77255  0.50772  0.92097
     28   0.91665  4.22790  3.53474  3.32945  4.12310  3.05051  4.34309  3.25923  3.34753  3.13756  4.16178  3.46107  3.79642  3.68227  3.59310  2.57766  2.85991  2.90142  5.54322  4.35136     34 a - - -
          2.68618  4.42225  2.77519  2.73123  3.46354  2.40513  3.72494  3.29354  2.67741  2.69355  4.24690  2.90347  2.73739  3.18146  2.89801  2.37887  2.77519  2.98518  4.58477  3.61503
          0.02923  3.94306  4.66541  0.61958  0.77255  0.50772  0.92097
     29   2.03734  4.28675  3.52719  3.06589  3.54010  3.41644  3.99813  2.69181  2.97540  1.72423  3.48740  3.39211  3.35823  3.32399  3.28320  2.77300  2.85713  2.49535  5.07600  3.84261     35 l - - -
          2.68618  4.42225  2.77519  2.73123  3.46354  2.40513  3.72494  3.29354  2.67741  2.69355  4.24690  2.90347  2.73739  3.18146  2.89801  2.37887  2.77519  2.98518  4.58477  3.61503
          0.02923  3.94306  4.66541  0.61958  0.77255  0.47227  0.97706
     30   3.17948  4.55084  4.64077  4.07512  3.08892  4.39321  4.68923  1.93761  3.92723  1.26761  1.83430  4.35860  4.61452  4.10112  4.09223  3.72486  3.40429  2.19161  5.11123  4.01510     36 l - - -
          2.68618  4.42225  2.77519  2.73123  3.46354  2.40513  3.72494  3.29354  2.67741  2.69355  4.24690  2.90347  2.73739  3.18146  2.89801  2.37887  2.77519  2.98518  4.58477  3.61503
          0.02857  3.96546  4.68781  0.61958  0.77255  0.48576  0.95510
     31   3.09111  5.23164  0.79333  2.39642  4.62152  3.28255  4.01531  4.23120  3.11740  3.82323  4.80393  2.95724  3.94199  3.25502  3.64580  3.04338  3.43187  3.86068  5.77193  4.47980     37 d - - -
          2.68618  4.42225  2.77519  2.73123  3.46354  2.40513  3.72494  3.29354  2.67741  2.69355  4.24690  2.90347  2.73739  3.18146  2.89801  2.37887  2.77519  2.98518  4.58477  3.61503
          0.02857  3.96546  4.68781  0.61958  0.77255  0.48576  0.95510
     32   3.49357  4.83460  4.23562  3.96504  2.76613  3.83619  4.01785  3.52162  3.68549  2.90024  4.15104  4.09543  4.36181  4.06830  3.79732  3.69637  3.79879  3.41452  0.71696  2.76345     38 w - - -
          2.68618  4.42225  2.77519  2.73123  3.46354  2.40513  3.72494  3.29354  2.67741  2.69355  4.24690  2.90347  2.73739  3.18146  2.89801  2.37887  2.77519  2.98518  4.58477  3.61503
          0.02857  3.96546  4.68781  0.61958  0.77255  0.48576  0.95510
     33   3.09629  4.44129  4.67487  4.11378  3.21648  4.37068  4.72866  1.78190  4.00188  1.34694  2.62333  4.36768  4.61462  4.17331  4.16859  3.70383  3.32824  1.60956  5.18379  4.07290     39 l - - -
          2.68618  4.42225  2.77519  2.73123  3.46354  2.40513  3.72494  3.29354  2.67741  2.69355  4.24690  2.90347  2.73739  3.18146  2.89801  2.37887  2.77519  2.98518  4.58477  3.61503
          0.02857  3.96546  4.68781  0.61958  0.77255  0.48576  0.95510
     34   3.03404  5.16233  2.52944  0.90011  4.52048  3.33527  3.93087  3.99291  2.82321  3.59536  4.56587  2.98825  3.94444  3.14496  3.24125  3.00735  3.33918  3.66738  5.67456  4.39752     40 e - - -
          2.68618  4.42225  2.77519  2.73123  3.46354  2.40513  3.72494  3.29354  2.67741  2.69355  4.24690  2.90347  2.73739  3.18146  2.89801  2.37887  2.77519  2.98518  4.58477  3.61503
          0.02857  3.96546  4.68781  0.61958  0.77255  0.48576  0.95510
     35   2.25687  4.19865  3.34976  3.04214  4.18089  2.98319  4.12223  3.53007  3.05681  3.26907  4.12916  3.25409  3.70247  3.38670  3.37459  1.43256  1.89345  3.06136  5.54018  4.30154     41 s - - -
          2.68618  4.42225  2.77519  2.73123  3.46354  2.40513  3.72494  3.29354  2.67741  2.69355  4.24690  2.90347  2.73739  3.18146  2.89801  2.37887  2.77519  2.98518  4.58477  3.61503
          0.02857  3.96546  4.68781  0.61958  0.77255  0.48576  0.95510
     36   2.43410  4.45876  2.89992  2.67190  4.22852  3.08923  3.93403  3.70264  2.81296  3.34653  4.19213  2.71842  1.62132  3.15699  3.18660  2.31350  2.84287  3.25073  5.53615  4.22851     42 p - - -
          2.68618  4.42225  2.77519  2.73123  3.46354  2.40513  3.72494  3.29354  2.67741  2.69355  4.24690  2.90347  2.73739  3.18146  2.89801  2.37887  2.77519  2.98518  4.58477  3.61503
          0.02857  3.96546  4.68781  0.61958  0.77255  0.48576  0.95510
     37   2.11579  4.38735  3.08662  2.71375  4.11852  3.11578  3.88942  3.50940  2.77176  3.17558  4.00866  2.43012  3.73404  3.10028  3.16694  2.22226  1.90436  3.09541  5.43407  4.15883     43 t - - -
          2.68618  4.42225  2.77519  2.73123  3.46354  2.40513  3.72494  3.29354  2.67741  2.69355  4.24690  2.90347  2.73739  3.18146  2.89801  2.37887  2.77519  2.98518  4.58477  3.61503
          0.02857  3.96546  4.68781  0.61958  0.77255  0.48576  0.95510
     38   1.59665  4.14536  3.43029  3.11215  4.22095  2.94196  4.16966  3.55748  3.13899  3.29980  4.14289  3.27824  3.67757  3.43925  3.45402  1.49671  2.48621  3.05990  5.57756  4.36251     44 s - - -
          2.68618  4.42225  2.77519  2.73123  3.46354  2.40513  3.72494  3.29354  2.67741  2.69355  4.24690  2.90347  2.73739  3.18146  2.89801  2.37887  2.77519  2.98518  4.58477  3.61503
          0.02857  3.96546  4.68781  0.61958  0.77255  0.48576  0.95510
     39   3.10027  4.90030  3.21984  2.98970  3.35239  3.52829  0.96057  3.81754  2.83034  3.29960  4.35025  3.39505  4.08624  3.35731  3.09019  3.17027  3.40703  3.55092  4.81612  3.30075     45 h - - -
          2.68618  4.42225  2.77519  2.73123  3.46354  2.40513  3.72494  3.29354  2.67741  2.69355  4.24690  2.90347  2.73739  3.18146  2.89801  2.37887  2.77519  2.98518  4.58477  3.61503
          0.02857  3.96546  4.68781  0.61958  0.77255  0.48576  0.95510
     40   3.07282  4.40793  4.72088  4.22912  3.51073  4.37994  4.95011  1.19196  4.10725  2.00900  3.32505  4.45670  4.70543  4.37765  4.30969  3.76903  3.34252  1.36557  5.47843  4.27370     46 i - - -
          2.68618  4.42225  2.77519  2.73123  3.46354  2.40513  3.72494  3.29354  2.67741  2.69355  4.24690  2.90347  2.73739  3.18146  2.89801  2.37887  2.77519  2.98518  4.58477  3.61503
          0.02857  3.96546  4.68781  0.61958  0.77255  0.48576  0.95510
     41   3.26335  4.62503  4.61699  4.12737  1.81020  4.34989  4.28308  2.34807  3.98309  1.14926  3.00621  4.28762  4.61021  4.10628  4.11034  3.71342  3.49568  2.44284  4.55122  3.07218     47 l - - -
          2.68618  4.42225  2.77519  2.73123  3.46354  2.40513  3.72494  3.29354  2.67741  2.69355  4.24690  2.90347  2.73739  3.18146  2.89801  2.37887  2.77519  2.98518  4.58477  3.61503
          0.02857  3.96546  4.68781  0.61958  0.77255  0.48576  0.95510
     42   3.02808  5.13558  3.42042  2.77553  4.57991  3.64094  3.60491  3.93362  1.27142  3.38463  4.25809  3.18023  4.01690  2.74229  1.71298  3.02630  3.19960  3.61684  5.43237  4.25990     48 k - - -
          2.68618  4.42225  2.77519  2.73123  3.46354  2.40513  3.72494  3.29354  2.67741  2.69355  4.24690  2.90347  2.73739  3.18146  2.89801  2.37887  2.77519  2.98518  4.58477  3.61503
          0.02857  3.96546  4.68781  0.61958  0.77255  0.48576  0.95510
     43   3.03686  4.37644  4.67137  4.13123  2.76420  4.32004  4.69935  1.37458  4.02534  1.85478  3.16090  4.34695  4.60387  4.21745  4.19447  3.66515  3.28104  1.52286  5.16869  3.95415     49 i - - -
          2.68618  4.42225  2.77519  2.73123  3.46354  2.40513  3.72494  3.29354  2.67741  2.69355  4.24690  2.90347  2.73739  3.18146  2.89801  2.37887  2.77519  2.98518  4.58477  3.61503
          0.02857  3.96546  4.68781  0.61958  0.77255  0.48576  0.95510
     44   2.81486  5.10414  2.14701  2.25297  4.46240  3.21398  3.80254  4.03450  2.76604  3.61424  4.48440  1.34488  3.83549  2.99541  3.26866  2.78127  3.13660  3.63101  5.71596  4.28184     50 n - - -
          2.68618  4.42225  2.77519  2.73123  3.46354  2.40513  3.72494  3.29354  2.67741  2.69355  4.24690  2.90347  2.73739  3.18146  2.89801  2.37887  2.77519  2.98518  4.58477  3.61503
          0.02857  3.96546  4.68781  0.61958  0.77255  0.48576  0.95510
     45   2.88172  4.39921  4.25341  3.91997  3.61908  3.81937  4.70594  2.04902  3.78915  2.29035  3.57067  4.09470  4.37509  4.14251  3.99260  3.32918  3.24126  0.91538  5.41904  4.15618     51 v - - -
          2.68618  4.42225  2.77519  2.73123  3.46354  2.40513  3.72494  3.29354  2.67741  2.69355  4.24690  2.90347  2.73739  3.18146  2.89801  2.37887  2.77519  2.98518  4.58477  3.61503
          0.02857  3.96546  4.68781  0.61958  0.77255  0.48576  0.95510
     46   2.87818  4.61951  3.49549  3.34832  4.33467  3.30178  4.41774  3.90446  3.41367  3.52104  4.57521  3.64542  0.67156  3.79963  3.64826  3.04869  3.32717  3.53916  5.49528  4.45677     52 P - - -
          2.68618  4.42225  2.77519  2.73123  3.46354  2.40513  3.72494  3.29354  2.67741  2.69355  4.24690  2.90347  2.73739  3.18146  2.89801  2.37887  2.77519  2.98518  4.58477  3.61503
          0.02857  3.96546  4.68781  0.61958  0.77255  0.48576  0.95510
     47   2.78368  4.54939  3.47645  3.38793  4.52756  0.59902  4.50207  4.15023  3.58182  3.79258  4.76943  3.64080  3.94349  3.89866  3.80721  2.95835  3.27216  3.66061  5.59769  4.63276     53 G - - -
          2.68618  4.42225  2.77519  2.73123  3.46354  2.40513  3.72494  3.29354  2.67741  2.69355  4.24690  2.90347  2.73739  3.18146  2.89801  2.37887  2.77519  2.98518  4.58477  3.61503
          0.02857  3.96546  4.68781  0.61958  0.77255  0.48576  0.95510
     48   3.12727  4.51354  4.37003  3.88524  1.83309  4.11799  3.73949  2.71684  3.74872  1.58612  3.34247  3.94340  4.42995  3.87069  3.88511  3.43639  3.35169  2.67251  4.00686  1.86312     54 l - - -
          2.68618  4.42225  2.77519  2.73123  3.46354  2.40513  3.72494  3.29354  2.67741  2.69355  4.24690  2.90347  2.73739  3.18146  2.89801  2.37887  2.77519  2.98518  4.58477  3.61503
          0.02857  3.96546  4.68781  0.61958  0.77255  0.48576  0.95510
     49   2.54296  4.71004  2.81959  2.45393  4.23997  2.45040  3.72020  3.67946  2.51405  3.26505  4.07932  2.30283  3.77035  2.88263  2.66966  2.14577  2.85368  3.28186  5.47045  4.13964     55 s - - -
          2.68618  4.42225  2.77519  2.73123  3.46354  2.40513  3.72494  3.29354  2.67741  2.69355  4.24690  2.90347  2.73739  3.18146  2.89801  2.37887  2.77519  2.98518  4.58477  3.61503
          0.02857  3.96546  4.68781  0.61958  0.77255  0.48576  0.95510
     50   3.00092  5.07882  3.27652  2.75263  4.49250  3.58143  3.65545  3.88206  1.11118  3.37031  4.26449  3.16945  4.00463  2.80729  2.10411  3.01166  3.20229  3.56928  5.43470  4.23925     56 k - - -
          2.68618  4.42225  2.77519  2.73123  3.46354  2.40513  3.72494  3.29354  2.67741  2.69355  4.24690  2.90347  2.73739  3.18146  2.89801  2.37887  2.77519  2.98518  4.58477  3.61503
          0.02857  3.96546  4.68781  0.61958  0.77255  0.48576  0.95510
     51   2.93518  5.49112  1.55051  1.43956  4.77745  3.21283  3.75560  4.29110  2.76913  3.79971  4.65574  2.67941  3.83321  2.92296  3.35962  2.82057  3.22354  3.86946  5.95194  4.45464     57 e - - -
          2.68618  4.42225  2.77519  2.73123  3.46354  2.40513  3.72494  3.29354  2.67741  2.69355  4.24690  2.90347  2.73739  3.18146  2.89801  2.37887  2.77519  2.98518  4.58477  3.61503
          0.02857  3.96546  4.68781  0.61958  0.77255  0.48576  0.95510
     52   2.97456  5.47186  1.12462  1.92848  4.76876  3.20867  3.80004  4.28076  2.85151  3.82039  4.70723  2.69715  3.85106  2.98205  3.44590  2.86289  3.27693  3.87320  5.96400  4.47916     58 d - - -
          2.68618  4.42225  2.77519  2.73123  3.46354  2.40513  3.72494  3.29354  2.67741  2.69355  4.24690  2.90347  2.73739  3.18146  2.89801  2.37887  2.77519  2.98518  4.58477  3.61503
          0.02857  3.96546  4.68781  0.61958  0.77255  0.48576  0.95510
     53   3.07282  4.40793  4.72088  4.22912  3.51073  4.37994  4.95011  1.19196  4.10725  2.00900  3.32505  4.45670  4.70543  4.37765  4.30969  3.76903  3.34252  1.36557  5.47843  4.27370     59 i - - -
          2.68618  4.42225  2.77519  2.73123  3.46354  2.40513  3.72494  3.29354  2.67741  2.69355  4.24690  2.90347  2.73739  3.18146  2.89801  2.37887  2.77519  2.98518  4.58477  3.61503
          0.02857  3.96546  4.68781  0.61958  0.77255  0.48576  0.95510
     54   3.05827  5.02447  3.24037  2.84520  4.43216  3.53708  3.81278  3.86739  0.91786  3.41251  4.36953  3.26537  4.03134  2.99941  2.45220  3.09451  3.30493  3.57014  5.44907  4.27546     60 k - - -
          2.68618  4.42225  2.77519  2.73123  3.46354  2.40513  3.72494  3.29354  2.67741  2.69355  4.24690  2.90347  2.73739  3.18146  2.89801  2.37887  2.77519  2.98518  4.58477  3.61503
          0.02857  3.96546  4.68781  0.61958  0.77255  0.48576  0.95510
     55   2.96006  4.39018  4.47499  4.02543  3.53835  4.11141  4.78549  1.77549  3.87739  2.11926  3.41104  4.24043  4.54445  4.20206  4.09848  3.52281  3.26544  1.00638  5.43435  4.17865     61 v - - -
          2.68618  4.42225  2.77519  2.73123  3.46354  2.40513  3.72494  3.29354  2.67741  2.69355  4.24690  2.90347  2.73739  3.18146  2.89801  2.37887  2.77519  2.98518  4.58477  3.61503
          0.02857  3.96546  4.68781  0.61958  0.77255  0.48576  0.95510
     56   2.79398  5.02664  2.73342  2.16760  4.27605  3.40046  3.65663  3.71261  2.31078  3.09082  4.13285  2.92354  3.87191  1.67974  2.66504  2.78613  3.03139  3.39163  5.45637  4.12102     62 q - - -
          2.68618  4.42225  2.77520  2.73123  3.46354  2.40513  3.72495  3.29354  2.67741  2.69349  4.24690  2.90347  2.73740  3.18147  2.89801  2.37887  2.77520  2.98519  4.58477  3.61503
          0.05673  3.08035  4.68781  0.52101  0.90120  0.48576  0.95510
     57   3.06243  4.39565  4.71893  4.22422  3.53368  4.37748  4.94945  1.34315  4.10800  2.04386  3.34721  4.45152  4.70351  4.37968  4.31390  3.76378  3.33152  1.19470  5.48929  4.28128     64 v - - -
          2.68618  4.42225  2.77519  2.73123  3.46354  2.40513  3.72494  3.29354  2.67741  2.69355  4.24690  2.90347  2.73739  3.18146  2.89801  2.37887  2.77519  2.98518  4.58477  3.61503
          0.02857  3.96546  4.68781  0.61958  0.77255  0.48576  0.95510
     58   2.87430  5.36743  1.98993  1.29537  4.68280  2.93508  3.73583  4.17824  2.70692  3.69854  4.53905  2.70403  3.82304  2.89883  3.26822  2.78340  3.15834  3.76502  5.86285  4.39482     65 e - - -
          2.68618  4.42225  2.77519  2.73123  3.46354  2.40513  3.72494  3.29354  2.67741  2.69355  4.24690  2.90347  2.73739  3.18146  2.89801  2.37887  2.77519  2.98518  4.58477  3.61503
          0.02857  3.96546  4.68781  0.61958  0.77255  0.48576  0.95510
     59   2.94293  5.50287  1.44027  1.53237  4.78812  3.21017  3.75998  4.30365  2.78170  3.81208  4.67111  2.67648  3.83466  2.92873  3.37672  2.82595  3.23293  3.88129  5.96424  4.46342     66 d - - -
          2.68618  4.42225  2.77519  2.73123  3.46354  2.40513  3.72494  3.29354  2.67741  2.69355  4.24690  2.90347  2.73739  3.18146  2.89801  2.37887  2.77519  2.98518  4.58477  3.61503
          0.02857  3.96546  4.68781  0.61958  0.77255  0.48576  0.95510
     60   2.78368  4.54939  3.47645  3.38793  4.52756  0.59902  4.50207  4.15023  3.58182  3.79258  4.76943  3.64080  3.94349  3.89866  3.80721  2.95835  3.27216  3.66061  5.59769  4.63276     67 G - - -
          2.68618  4.42225  2.77519  2.73123  3.46354  2.40513  3.72494  3.29354  2.67741  2.69355  4.24690  2.90347  2.73739  3.18146  2.89801  2.37887  2.77519  2.98518  4.58477  3.61503
          0.02857  3.96546  4.68781  0.61958  0.77255  0.48576  0.95510
     61   2.79498  4.98053  2.58446  2.40552  4.34811  3.29204  3.76326  3.86884  2.29391  3.45227  4.32790  1.42169  3.86574  2.95067  2.87265  2.79767  3.09595  3.49977  5.55892  4.19510     68 n - - -
          2.68618  4.42225  2.77519  2.73123  3.46354  2.40513  3.72494  3.29354  2.67741  2.69355  4.24690  2.90347  2.73739  3.18146  2.89801  2.37887  2.77519  2.98518  4.58477  3.61503
          0.02857  3.96546  4.68781  0.61958  0.77255  0.48576  0.95510
     62   3.05545  4.39380  4.70176  4.20802  3.53703  4.36236  4.93742  1.41050  4.09100  2.05278  3.35328  4.43635  4.69395  4.36629  4.29951  3.74871  3.32592  1.14354  5.48704  4.27592     69 v - - -
          2.68618  4.42225  2.77519  2.73123  3.46354  2.40513  3.72494  3.29354  2.67741  2.69355  4.24690  2.90347  2.73739  3.18146  2.89801  2.37887  2.77519  2.98518  4.58477  3.61503
          0.02857  3.96546  4.68781  0.61958  0.77255  0.48576  0.95510
     63   3.26039  4.69542  4.33855  3.97939  3.17272  4.09978  4.60598  2.38247  3.74621  0.76868  3.16766  4.24582  4.51952  4.09228  3.90684  3.68231  3.55062  2.44384  5.08516  3.82977     70 l - - -
          2.68618  4.42225  2.77519  2.73123  3.46354  2.40513  3.72494  3.29354  2.67741  2.69355  4.24690  2.90347  2.73739  3.18146  2.89801  2.37887  2.77519  2.98518  4.58477  3.61503
          0.02857  3.96546  4.68781  0.61958  0.77255  0.48576  0.95510
     64   2.57901  4.64674  3.05170  2.51291  3.88687  3.41060  2.83373  3.28842  2.42650  2.92117  3.76205  3.00240  3.81749  2.74722  2.67738  2.39581  2.44471  2.76874  5.18762  3.88818     71 s - - -
          2.68618  4.42225  2.77519  2.73123  3.46354  2.40513  3.72494  3.29354  2.67741  2.69355  4.24690  2.90347  2.73739  3.18146  2.89801  2.37887  2.77519  2.98518  4.58477  3.61503
          0.02857  3.96546  4.68781  0.61958  0.77255  0.48576  0.95510
     65   3.06918  4.40071  4.72762  4.23341  3.52424  4.38529  4.95532  1.25706  4.11570  2.02762  3.33671  4.46033  4.70855  4.38516  4.31921  3.77251  3.33785  1.27972  5.48668  4.28136     72 i - - -
          2.68618  4.42225  2.77520  2.73124  3.46354  2.40513  3.72495  3.29354  2.67741  2.69355  4.24690  2.90347  2.73740  3.18147  2.89801  2.37887  2.77520  2.98519  4.58477  3.61482
          0.07014  2.83825  4.68781  0.48522  0.95597  0.48576  0.95510
     66   3.04531  5.12690  3.46690  2.80756  4.57152  3.65436  3.60931  3.92214  1.56432  3.37588  4.25560  3.20172  4.02893  2.74921  1.35240  3.04866  3.21450  3.61163  5.42333  4.25972     74 r - - -
          2.68618  4.42225  2.77519  2.73123  3.46354  2.40513  3.72494  3.29354  2.67741  2.69355  4.24690  2.90347  2.73739  3.18146  2.89801  2.37887  2.77519  2.98518  4.58477  3.61503
          0.02857  3.96546  4.68781  0.61958  0.77255  0.48576  0.95510
     67   2.03832  4.17353  3.40348  3.11296  4.14389  1.41321  4.17526  3.39288  3.14873  3.20199  4.09306  3.29717  3.71495  3.45803  3.45572  2.44160  2.72534  2.60631  5.53616  4.30848     75 g - - -
          2.68618  4.42225  2.77519  2.73123  3.46354  2.40513  3.72494  3.29354  2.67741  2.69355  4.24690  2.90347  2.73739  3.18146  2.89801  2.37887  2.77519  2.98518  4.58477  3.61503
          0.02857  3.96546  4.68781  0.61958  0.77255  0.48576  0.95510
     68   2.07320  4.74378  2.76488  1.72280  4.14432  3.29879  3.74556  3.40486  2.57484  3.13132  4.00908  2.94884  3.81917  2.92181  3.00694  2.67044  2.91025  2.91283  5.44240  4.10980     76 e - - -
          2.68609  4.42230  2.77525  2.73129  3.46359  2.40514  3.72460  3.29359  2.67746  2.69360  4.24695  2.90352  2.73700  3.18152  2.89806  2.37888  2.77525  2.98524  4.58482  3.61508
          0.23736  1.59905  4.68781  0.69330  0.69299  0.48576  0.95510
     69   1.74047  4.16063  3.46010  3.11045  4.08326  1.71517  4.14172  3.33210  3.12165  3.13748  4.01606  3.29941  3.71436  3.42317  3.43903  2.43903  2.70663  2.51714  5.47603  4.25493     80 g - - -
          2.68618  4.42225  2.77519  2.73123  3.46354  2.40513  3.72494  3.29354  2.67741  2.69355  4.24690  2.90347  2.73739  3.18146  2.89801  2.37887  2.77519  2.98518  4.58477  3.61503
          0.02857  3.96546  4.68781  0.61958  0.77255  0.48576  0.95510
     70   2.13731  4.25685  3.45322  2.90407  3.45092  2.47620  3.82380  2.55220  2.83957  2.52042  3.42849  3.28167  3.88960  3.15538  3.18211  2.73551  2.77867  2.47132  4.18129  3.66129     81 a - - -
          2.68618  4.42225  2.77519  2.73123  3.46354  2.40513  3.72494  3.29354  2.67741  2.69355  4.24690  2.90347  2.73739  3.18146  2.89801  2.37887  2.77519  2.98518  4.58477  3.61503
          0.02857  3.96546  4.68781  0.61958  0.77255  0.48576  0.95510
     71   2.48654  4.98213  3.20163  2.62796  4.38551  3.52130  3.61077  3.74879  1.48103  3.27243  4.11966  3.07690  3.92360  2.75163  2.00536  2.84657  3.04116  3.41960  5.40286  4.16686     82 k - - -
          2.68618  4.42225  2.77519  2.73123  3.46354  2.40513  3.72494  3.29354  2.67741  2.69355  4.24690  2.90347  2.73739  3.18146  2.89801  2.37887  2.77519  2.98518  4.58477  3.61503
          0.02857  3.96546  4.68781  0.61958  0.77255  0.48576  0.95510
     72   2.85743  5.23471  2.45950  1.39485  4.54254  3.32810  3.67425  3.99011  2.21099  3.50599  4.34859  2.81159  3.85494  2.66461  2.80722  2.79916  3.10588  3.62006  5.65913  4.28263     83 e - - -
          2.68618  4.42225  2.77519  2.73123  3.46354  2.40513  3.72494  3.29354  2.67741  2.69355  4.24690  2.90347  2.73739  3.18146  2.89801  2.37887  2.77519  2.98518  4.58477  3.61503
          0.02857  3.96546  4.68781  0.61958  0.77255  0.48576  0.95510
     73   2.74276  5.18422  2.35473  1.66523  4.49684  3.31958  3.62245  3.95954  2.05791  3.46381  4.26095  2.79139  3.80411  2.75405  2.69934  2.69007  2.98512  3.56233  5.61545  4.21734     84 e - - -
          2.68618  4.42225  2.77519  2.73123  3.46354  2.40513  3.72494  3.29354  2.67741  2.69355  4.24690  2.90347  2.73739  3.18146  2.89801  2.37887  2.77519  2.98518  4.58477  3.61503
          0.08988  3.96546  2.70302  0.61958  0.77255  0.48576  0.95510
     74   2.52759  4.90436  2.55893  2.04718  4.23627  2.86631  3.61753  3.67921  2.44562  3.24543  4.04775  2.71269  3.22388  2.76057  2.93350  2.45296  2.61373  3.30790  5.45388  4.08021     85 e - - -
          2.68618  4.42225  2.77519  2.73123  3.46354  2.40513  3.72494  3.29354  2.67741  2.69355  4.24690  2.90347  2.73739  3.18146  2.89801  2.37887  2.77519  2.98518  4.58477  3.61503
          0.19842  3.90593  1.83351  0.61958  0.77255  0.54207  0.87119
     75   2.61948  4.69185  3.05308  2.49865  3.58102  3.42059  3.56616  3.31501  2.00568  2.91755  3.77316  2.97800  3.80901  2.51636  2.41931  2.67766  2.83890  3.02719  5.13188  3.59514     86 k - - -
          2.68609  4.42228  2.77523  2.73097  3.46357  2.40512  3.72484  3.29357  2.67744  2.69358  4.24693  2.90350  2.73743  3.18150  2.89804  2.37890  2.77523  2.98522  4.58480  3.61506
          0.35650  1.24349  4.46566  0.30687  1.33085  0.38676  1.13711
     76   2.60684  4.93850  2.63521  2.28948  4.22795  3.38021  3.10587  3.66629  1.96733  3.08509  3.99968  2.87717  3.77859  2.69237  2.58774  2.60164  2.83509  3.07698  5.39477  4.03844     89 k - - -
          2.68618  4.42225  2.77519  2.73123  3.46354  2.40513  3.72494  3.29354  2.67741  2.69355  4.24690  2.90347  2.73739  3.18146  2.89801  2.37887  2.77519  2.98518  4.58477  3.61503
          0.02857  3.96546  4.68781  0.61958  0.77255  0.48576  0.95510
     77   2.57557  4.95642  2.72038  1.83634  4.25802  3.03457  3.61400  3.68865  2.14788  3.25061  4.05585  2.74310  3.79297  2.75326  2.82622  2.64289  2.89181  3.05658  5.44862  4.08829     90 e - - -
          2.68618  4.42225  2.77519  2.73123  3.46354  2.40513  3.72494  3.29354  2.67741  2.69355  4.24690  2.90347  2.73739  3.18146  2.89801  2.37887  2.77519  2.98518  4.58477  3.61503
          0.02857  3.96546  4.68781  0.61958  0.77255  0.48576  0.95510
     78   2.77612  5.21267  2.38439  1.83826  4.52881  3.31752  3.63670  3.98981  1.75471  3.49300  4.29909  2.67080  3.81650  2.77294  2.83931  2.71885  3.02069  3.59493  5.64131  4.24511     91 k - - -
          2.68618  4.42225  2.77519  2.73123  3.46354  2.40513  3.72494  3.29354  2.67741  2.69355  4.24690  2.90347  2.73739  3.18146  2.89801  2.37887  2.77519  2.98518  4.58477  3.61503
          0.02857  3.96546  4.68781  0.61958  0.77255  0.48576  0.95510
     79   2.92362  5.50955  1.38694  1.78609  4.79033  3.20585  3.74167  4.31441  2.75633  3.80683  4.65234  2.33839  3.82492  2.90583  3.35440  2.80540  3.21035  3.88315  5.96614  4.45303     92 d - - -
          2.68619  4.42226  2.77520  2.73124  3.46355  2.40503  3.72495  3.29355  2.67742  2.69356  4.24691  2.90347  2.73740  3.18147  2.89802  2.37888  2.77520  2.98519  4.58478  3.61504
          0.09905  2.46393  4.68781  0.42396  1.06262  0.48576  0.95510
     80   2.46319  4.26648  3.80521  3.25748  3.47378  3.69816  4.11717  2.11246  3.17567  2.14594  3.38302  3.59458  4.11346  3.48093  3.48321  2.99989  2.09678  1.90564  5.06225  3.84504     94 v - - -
          2.68618  4.42225  2.77519  2.73123  3.46354  2.40513  3.72494  3.29354  2.67741  2.69355  4.24690  2.90347  2.73739  3.18146  2.89801  2.37887  2.77519  2.98518  4.58477  3.61503
          0.02857  3.96546  4.68781  0.61958  0.77255  0.48576  0.95510
     81   2.95371  4.38950  4.46299  4.01755  3.53912  4.09558  4.77844  1.78867  3.86800  2.12451  3.41581  4.23027  4.53529  4.19521  4.08887  3.50940  3.26179  1.00431  5.43187  4.17354     95 v - - -
          2.68618  4.42225  2.77519  2.73123  3.46354  2.40513  3.72494  3.29354  2.67741  2.69355  4.24690  2.90347  2.73739  3.18146  2.89801  2.37887  2.77519  2.98518  4.58477  3.61503
          0.02857  3.96546  4.68781  0.61958  0.77255  0.48576  0.95510
     82   3.49357  4.83460  4.23562  3.96504  2.76613  3.83619  4.01785  3.52162  3.68549  2.90024  4.15104  4.09543  4.36181  4.06830  3.79732  3.69637  3.79879  3.41452  0.71696  2.76345     96 w - - -
          2.68618  4.42225  2.77519  2.73123  3.46354  2.40513  3.72494  3.29354  2.67741  2.69355  4.24690  2.90347  2.73739  3.18146  2.89801  2.37887  2.77519  2.98518  4.58477  3.61503
          0.02857  3.96546  4.68781  0.61958  0.77255  0.48576  0.95510
     83   3.10027  4.90030  3.21984  2.98970  3.35239  3.52829  0.96057  3.81754  2.83034  3.29960  4.35025  3.39505  4.08624  3.35731  3.09019  3.17027  3.40703  3.55092  4.81612  3.30075     97 h - - -
          2.68618  4.42225  2.77519  2.73123  3.46354  2.40513  3.72494  3.29354  2.67741  2.69355  4.24690  2.90347  2.73739  3.18146  2.89801  2.37887  2.77519  2.98518  4.58477  3.61503
          0.02857  3.96546  4.68781  0.61958  0.77255  0.48576  0.95510
     84   2.53691  4.31437  4.32367  3.83755  3.59472  3.97573  4.63223  1.77644  3.72758  2.23593  3.44324  4.07127  4.41948  4.03300  3.97353  3.35346  3.14588  1.13633  5.38994  4.17137     98 v - - -
          2.68618  4.42225  2.77519  2.73123  3.46354  2.40513  3.72494  3.29354  2.67741  2.69355  4.24690  2.90347  2.73739  3.18146  2.89801  2.37887  2.77519  2.98518  4.58477  3.61503
          0.02857  3.96546  4.68781  0.61958  0.77255  0.48576  0.95510
     85   0.88765  4.24011  3.55838  3.35462  4.14627  3.06202  4.36549  3.28581  3.37330  3.16306  4.18519  3.48029  3.81009  3.70607  3.61703  2.58986  2.87368  2.92412  5.56414  4.37490     99 a - - -
          2.68618  4.42225  2.77519  2.73123  3.46354  2.40513  3.72494  3.29354  2.67741  2.69355  4.24690  2.90347  2.73739  3.18146  2.89801  2.37887  2.77519  2.98518  4.58477  3.61503
          0.02857  3.96546  4.68781  0.61958  0.77255  0.48576  0.95510
     86   3.03404  5.16233  2.52944  0.90011  4.52048  3.33527  3.93087  3.99291  2.82321  3.59536  4.56587  2.98825  3.94444  3.14496  3.24125  3.00735  3.33918  3.66738  5.67456  4.39752    100 e - - -
          2.68618  4.42225  2.77519  2.73123  3.46354  2.40513  3.72494  3.29354  2.67741  2.69355  4.24690  2.90347  2.73739  3.18146  2.89801  2.37887  2.77519  2.98518  4.58477  3.61503
          0.02857  3.96546  4.68781  0.61958  0.77255  0.48576  0.95510
     87   3.11194  4.94357  3.61224  3.10462  4.32176  3.58143  3.89420  3.87034  2.27848  3.36940  4.36762  3.45702  4.07991  3.11031  0.84534  3.19190  3.37183  3.59039  5.36738  4.22940    101 r - - -
          2.68618  4.42225  2.77519  2.73123  3.46354  2.40513  3.72494  3.29354  2.67741  2.69355  4.24690  2.90347  2.73739  3.18146  2.89801  2.37887  2.77519  2.98518  4.58477  3.61503
          0.02857  3.96546  4.68781  0.61958  0.77255  0.48576  0.95510
     88   2.40460  4.65362  2.65838  2.19892  4.30842  1.68532  3.84205  3.72345  2.74023  3.35430  4.19674  2.93669  3.77498  3.03810  3.17328  2.45827  2.91101  3.30962  5.58537  4.25757    102 g - - -
          2.68618  4.42225  2.77519  2.73123  3.46354  2.40513  3.72494  3.29354  2.67741  2.69355  4.24690  2.90347  2.73739  3.18146  2.89801  2.37887  2.77519  2.98518  4.58477  3.61503
          0.17550  3.96546  1.95191  0.61958  0.77255  0.48576  0.95510
     89   1.95983  4.17844  3.33772  2.90714  3.84766  2.59087  3.93658  2.86719  2.87660  2.88480  3.77156  3.19558  3.70935  3.20576  3.21947  2.46917  2.06294  2.73738  5.24728  4.01171    103 a - - -
          2.68618  4.42225  2.77519  2.73123  3.46354  2.40513  3.72494  3.29354  2.67741  2.69355  4.24690  2.90347  2.73739  3.18146  2.89801  2.37887  2.77519  2.98518  4.58477  3.61503
          0.03302  3.82298  4.54533  0.61958  0.77255  0.61070  0.78301
     90   2.47915  4.32399  3.26821  2.77420  2.99692  2.31854  3.76474  2.94089  2.70723  2.64060  3.55987  3.16771  3.82122  3.06131  2.86706  2.65141  2.77125  2.55821  4.94984  3.63909    104 g - - -
          2.68618  4.42225  2.77519  2.73123  3.46354  2.40513  3.72494  3.29354  2.67741  2.69355  4.24690  2.90347  2.73739  3.18146  2.89801  2.37887  2.77519  2.98518  4.58477  3.61503
          0.03302  3.82298  4.54533  0.61958  0.77255  0.61070  0.78301
     91   2.68501  4.84094  2.98288  2.49640  4.22943  3.13380  3.58856  3.62675  1.76213  3.17995  4.01568  2.96843  3.82422  2.73924  2.21466  2.43899  2.92298  3.28759  5.34564  4.07233    105 k - - -
          2.68619  4.42226  2.77521  2.73125  3.46355  2.40497  3.72496  3.29355  2.67742  2.69356  4.24691  2.90348  2.73741  3.18148  2.89802  2.37888  2.77521  2.98520  4.58478  3.61504
          0.17099  1.92038  4.54533  0.35372  1.21090  0.41488  1.08004
     92   2.74299  4.90947  3.01818  2.54157  4.31381  2.18745  3.63971  3.71590  1.87803  3.25992  4.09523  3.01453  3.87317  2.78848  2.14765  2.76517  2.98274  3.37029  5.41329  4.14081    107 k - - -
          2.68621  4.42228  2.77523  2.73126  3.46357  2.40507  3.72498  3.29357  2.67744  2.69358  4.24693  2.90350  2.73713  3.18150  2.89804  2.37884  2.77523  2.98522  4.58480  3.61506
          0.24687  1.56279  4.68781  0.36193  1.19183  0.48576  0.95510
     93   2.81662  5.31101  1.94916  1.54892  4.63160  2.59911  3.70333  4.12441  2.64673  3.63727  4.45753  2.70807  3.80524  2.85635  3.20450  2.60574  3.09321  3.70709  5.80938  4.34562    110 e - - -
          2.68618  4.42225  2.77519  2.73123  3.46354  2.40513  3.72494  3.29354  2.67741  2.69355  4.24690  2.90347  2.73739  3.18146  2.89801  2.37887  2.77519  2.98518  4.58477  3.61503
          0.02857  3.96546  4.68781  0.61958  0.77255  0.48576  0.95510
     94   3.37813  4.75284  4.36615  4.09883  0.87103  4.04508  3.92077  2.89095  4.00365  2.23986  3.60773  4.12467  4.50199  4.14615  4.10039  3.64294  3.67952  2.88838  4.14329  2.49906    111 f - - -
          2.68618  4.42225  2.77519  2.73123  3.46354  2.40513  3.72494  3.29354  2.67741  2.69355  4.24690  2.90347  2.73739  3.18146  2.89801  2.37887  2.77519  2.98518  4.58477  3.61503
          0.02857  3.96546  4.68781  0.61958  0.77255  0.48576  0.95510
     95   1.88029  4.26511  3.36217  2.94463  3.89406  3.14895  3.98289  3.17315  2.90880  2.55206  3.84711  3.24360  3.77486  3.25069  3.25050  1.69095  2.75622  2.83540  5.30012  4.04393    112 s - - -
          2.68618  4.42225  2.77519  2.73123  3.46354  2.40513  3.72494  3.29354  2.67741  2.69355  4.24690  2.90347  2.73739  3.18146  2.89801  2.37887  2.77519  2.98518  4.58477  3.61503
          0.02857  3.96546  4.68781  0.61958  0.77255  0.48576  0.95510
     96   3.11194  4.94357  3.61224  3.10462  4.32176  3.58143  3.89420  3.87034  2.27848  3.36940  4.36762  3.45702  4.07991  3.11031  0.84534  3.19190  3.37183  3.59039  5.36738  4.22940    113 r - - -
          2.68618  4.42225  2.77519  2.73123  3.46354  2.40513  3.72494  3.29354  2.67741  2.69355  4.24690  2.90347  2.73739  3.18146  2.89801  2.37887  2.77519  2.98518  4.58477  3.61503
          0.02857  3.96546  4.68781  0.61958  0.77255  0.48576  0.95510
     97   2.41069  4.84795  2.88747  1.78778  4.13289  3.38910  3.62157  3.52027  2.34498  3.12009  3.66391  2.92979  3.81398  2.77086  2.52980  2.66028  2.87572  3.19429  5.35422  4.02667    114 e - - -
          2.68618  4.42225  2.77519  2.73123  3.46354  2.40513  3.72494  3.29354  2.67741  2.69355  4.24690  2.90347  2.73739  3.18146  2.89801  2.37887  2.77519  2.98518  4.58477  3.61503
          0.02857  3.96546  4.68781  0.61958  0.77255  0.48576  0.95510
     98   3.05066  4.38438  4.69089  4.15659  2.95394  4.35113  4.76048  1.32646  4.05417  1.88725  3.19532  4.37982  4.63538  4.25792  4.23270  3.70185  3.29783  1.46549  5.23959  4.03054    115 i - - -
          2.68618  4.42225  2.77519  2.73123  3.46354  2.40513  3.72494  3.29354  2.67741  2.69355  4.24690  2.90347  2.73739  3.18146  2.89801  2.37887  2.77519  2.98518  4.58477  3.61503
          0.02857  3.96546  4.68781  0.61958  0.77255  0.48576  0.95510
     99   2.19387  4.77178  2.72174  1.68208  4.18899  3.09241  3.71961  3.53788  2.55495  3.20009  4.04293  2.91333  3.79809  2.88926  3.00124  2.64527  2.89689  3.00310  5.45690  4.11668    116 e - - -
          2.68618  4.42225  2.77519  2.73123  3.46354  2.40513  3.72494  3.29354  2.67741  2.69355  4.24690  2.90347  2.73739  3.18146  2.89801  2.37887  2.77519  2.98518  4.58477  3.61503
          0.02857  3.96546  4.68781  0.61958  0.77255  0.48576  0.95510
    100   3.26039  4.69542  4.33855  3.97939  3.17272  4.09978  4.60598  2.38247  3.74621  0.76868  3.16766  4.24582  4.51952  4.09228  3.90684  3.68231  3.55062  2.44384  5.08516  3.82977    117 l - - -
          2.68618  4.42225  2.77519  2.73123  3.46354  2.40513  3.72494  3.29354  2.67741  2.69355  4.24690  2.90347  2.73739  3.18146  2.89801  2.37887  2.77519  2.98518  4.58477  3.61503
          0.02857  3.96546  4.68781  0.61958  0.77255  0.48576  0.95510
    101   2.87818  4.61951  3.49549  3.34832  4.33467  3.30178  4.41774  3.90446  3.41367  3.52104  4.57521  3.64542  0.67156  3.79963  3.64826  3.04869  3.32717  3.53916  5.49528  4.45677    118 P - - -
          2.68618  4.42225  2.77519  2.73123  3.46354  2.40513  3.72494  3.29354  2.67741  2.69355  4.24690  2.90347  2.73739  3.18146  2.89801  2.37887  2.77519  2.98518  4.58477  3.61503
          0.02857  3.96546  4.68781  0.61958  0.77255  0.48576  0.95510
    102   2.51209  5.03259  2.45448  1.26058  4.43468  3.26324  3.78971  3.77149  2.65371  3.43138  4.33503  2.85467  3.85156  2.96942  3.10007  2.78476  3.10074  3.42857  5.67531  4.29910    119 e - - -
          2.68618  4.42225  2.77519  2.73123  3.46354  2.40513  3.72494  3.29354  2.67741  2.69355  4.24690  2.90347  2.73739  3.18146  2.89801  2.37887  2.77519  2.98518  4.58477  3.61503
          0.02857  3.96546  4.68781  0.61958  0.77255  0.48576  0.95510
    103   2.78753  5.25470  2.17366  2.04452  4.53727  3.27359  3.36121  4.02032  2.41842  3.53431  4.34597  1.77339  3.80614  2.80952  3.04212  2.71912  3.04436  3.62226  5.70148  4.26817    120 n - - -
          2.68618  4.42225  2.77519  2.73123  3.46354  2.40513  3.72494  3.29354  2.67741  2.69355  4.24690  2.90347  2.73739  3.18146  2.89801  2.37887  2.77519  2.98518  4.58477  3.61503
          0.02857  3.96546  4.68781  0.61958  0.77255  0.48576  0.95510
    104   2.58719  4.31436  4.16032  3.79757  3.67312  3.71392  4.63320  2.03007  3.68379  2.33947  3.56618  3.96557  4.28699  4.02519  3.91057  3.16105  3.11182  1.03232  5.45700  4.21130    121 v - - -
          2.68618  4.42225  2.77519  2.73123  3.46354  2.40513  3.72494  3.29354  2.67741  2.69355  4.24690  2.90347  2.73739  3.18146  2.89801  2.37887  2.77519  2.98518  4.58477  3.61503
          0.02857  3.96546  4.68781  0.61958  0.77255  0.48576  0.95510
    105   3.02808  5.13558  3.42042  2.77553  4.57991  3.64094  3.60491  3.93362  1.27142  3.38463  4.25809  3.18023  4.01690  2.74229  1.71298  3.02630  3.19960  3.61684  5.43237  4.25990    122 k - - -
          2.68618  4.42225  2.77519  2.73123  3.46354  2.40513  3.72494  3.29354  2.67741  2.69355  4.24690  2.90347  2.73739  3.18146  2.89801  2.37887  2.77519  2.98518  4.58477  3.61503
          0.02857  3.96546  4.68781  0.61958  0.77255  0.48576  0.95510
    106   2.98160  4.41314  4.43346  3.97220  3.45189  4.12177  4.70664  1.89818  3.80563  1.87390  3.34836  4.20682  4.53202  4.13315  4.02369  3.52526  3.27514  1.07810  5.33950  4.07976    123 v - - -
          2.68618  4.42225  2.77519  2.73123  3.46354  2.40513  3.72494  3.29354  2.67741  2.69355  4.24690  2.90347  2.73739  3.18146  2.89801  2.37887  2.77519  2.98518  4.58477  3.61503
          0.02857  3.96546  4.68781  0.61958  0.77255  0.48576  0.95510
    107   2.96249  5.50507  1.23321  1.76527  4.79187  3.20687  3.77776  4.30688  2.81810  3.82635  4.69831  2.67969  3.84188  2.95257  3.41737  2.84459  3.25821  3.88978  5.97727  4.47798    124 d - - -
          2.68618  4.42225  2.77519  2.73123  3.46354  2.40513  3.72494  3.29354  2.67741  2.69355  4.24690  2.90347  2.73739  3.18146  2.89801  2.37887  2.77519  2.98518  4.58477  3.61503
          0.02857  3.96546  4.68781  0.61958  0.77255  0.48576  0.95510
    108   2.72995  4.84869  2.76990  2.51567  4.29939  2.65737  3.78629  3.80443  2.50606  3.37050  4.24556  2.99742  3.85861  1.45369  2.85625  2.76571  3.04014  3.43297  5.50076  4.18812    125 q - - -
          2.68618  4.42225  2.77519  2.73123  3.46354  2.40513  3.72494  3.29354  2.67741  2.69355  4.24690  2.90347  2.73739  3.18146  2.89801  2.37887  2.77519  2.98518  4.58477  3.61503
          0.02857  3.96546  4.68781  0.61958  0.77255  0.48576  0.95510
    109   3.07381  4.42894  4.67086  4.19307  3.47206  4.33622  4.91338  1.10105  4.05288  1.96807  3.30134  4.42155  4.68021  4.33580  4.25398  3.73430  3.35002  1.54634  5.44545  4.23248    126 i - - -
          2.68618  4.42225  2.77519  2.73123  3.46354  2.40513  3.72494  3.29354  2.67741  2.69355  4.24690  2.90347  2.73739  3.18146  2.89801  2.37887  2.77519  2.98518  4.58477  3.61503
          0.02857  3.96546  4.68781  0.61958  0.77255  0.48576  0.95510
    110   3.02808  5.13558  3.42042  2.77553  4.57991  3.64094  3.60491  3.93362  1.27142  3.38463  4.25809  3.18023  4.01690  2.74229  1.71298  3.02630  3.19960  3.61684  5.43237  4.25990    127 k - - -
          2.68618  4.42225  2.77519  2.73123  3.46354  2.40513  3.72494  3.29354  2.67741  2.69355  4.24690  2.90347  2.73739  3.18146  2.89801  2.37887  2.77519  2.98518  4.58477  3.61503
          0.02857  3.96546  4.68781  0.61958  0.77255  0.48576  0.95510
    111   0.88765  4.24011  3.55838  3.35462  4.14627  3.06202  4.36549  3.28581  3.37330  3.16306  4.18519  3.48029  3.81009  3.70607  3.61703  2.58986  2.87368  2.92412  5.56414  4.37490    128 a - - -
          2.68618  4.42225  2.77519  2.73123  3.46354  2.40513  3.72494  3.29354  2.67741  2.69355  4.24690  2.90347  2.73739  3.18146  2.89801  2.37887  2.77519  2.98518  4.58477  3.61503
          0.02857  3.96546  4.68781  0.61958  0.77255  0.48576  0.95510
    112   2.51740  4.75241  2.91863  2.43419  3.97543  3.12226  3.42405  3.41476  2.41192  3.02426  3.85392  2.94389  3.80724  2.14816  2.83977  2.42959  2.84043  3.10095  5.25456  3.36430    129 q - - -
          2.68618  4.42225  2.77519  2.73123  3.46354  2.40513  3.72494  3.29354  2.67741  2.69355  4.24690  2.90347  2.73739  3.18146  2.89801  2.37887  2.77519  2.98518  4.58477  3.61503
          0.02857  3.96546  4.68781  0.61958  0.77255  0.48576  0.95510
    113   2.84264  3.75480  4.43132  3.92071  3.50421  3.98298  4.61679  1.89910  3.78097  2.03939  3.39024  4.11380  4.41931  4.06922  3.99695  3.35976  3.14121  1.11576  5.29308  4.06390    130 v - - -
          2.68618  4.42225  2.77519  2.73123  3.46354  2.40513  3.72494  3.29354  2.67741  2.69355  4.24690  2.90347  2.73739  3.18146  2.89801  2.37887  2.77519  2.98518  4.58477  3.61503
          0.02857  3.96546  4.68781  0.61958  0.77255  0.48576  0.95510
    114   2.92009  5.41130  1.93605  1.21518  4.70623  3.22761  3.75896  4.20316  2.74458  3.73457  4.59516  2.70937  3.83876  2.92856  3.30589  2.82122  3.20703  3.79862  5.88673  4.41927    131 e - - -
          2.68618  4.42225  2.77519  2.73123  3.46354  2.40513  3.72494  3.29354  2.67741  2.69355  4.24690  2.90347  2.73739  3.18146  2.89801  2.37887  2.77519  2.98518  4.58477  3.61503
          0.02857  3.96546  4.68781  0.61958  0.77255  0.48576  0.95510
    115   2.80125  5.04404  2.23878  2.29546  4.41343  3.21462  3.82117  3.99913  2.77502  3.59250  4.47007  1.30014  3.84037  3.02215  3.25699  2.78280  3.13164  3.59832  5.67787  4.25521    132 n - - -
          2.68618  4.42225  2.77519  2.73123  3.46354  2.40513  3.72494  3.29354  2.67741  2.69355  4.24690  2.90347  2.73739  3.18146  2.89801  2.37887  2.77519  2.98518  4.58477  3.61503
          0.02857  3.96546  4.68781  0.61958  0.77255  0.48576  0.95510
    116   2.78368  4.54939  3.47645  3.38793  4.52756  0.59902  4.50207  4.15023  3.58182  3.79258  4.76943  3.64080  3.94349  3.89866  3.80721  2.95835  3.27216  3.66061  5.59769  4.63276    133 G - - -
          2.68618  4.42225  2.77519  2.73123  3.46354  2.40513  3.72494  3.29354  2.67741  2.69355  4.24690  2.90347  2.73739  3.18146  2.89801  2.37887  2.77519  2.98518  4.58477  3.61503
          0.02857  3.96546  4.68781  0.61958  0.77255  0.48576  0.95510
    117   2.88172  4.39921  4.25341  3.91997  3.61908  3.81937  4.70594  2.04902  3.78915  2.29035  3.57067  4.09470  4.37509  4.14251  3.99260  3.32918  3.24126  0.91538  5.41904  4.15618    134 v - - -
          2.68618  4.42225  2.77519  2.73123  3.46354  2.40513  3.72494  3.29354  2.67741  2.69355  4.24690  2.90347  2.73739  3.18146  2.89801  2.37887  2.77519  2.98518  4.58477  3.61503
          0.02857  3.96546  4.68781  0.61958  0.77255  0.48576  0.95510
    118   3.26039  4.69542  4.33855  3.97939  3.17272  4.09978  4.60598  2.38247  3.74621  0.76868  3.16766  4.24582  4.51952  4.09228  3.90684  3.68231  3.55062  2.44384  5.08516  3.82977    135 l - - -
          2.68618  4.42225  2.77519  2.73123  3.46354  2.40513  3.72494  3.29354  2.67741  2.69355  4.24690  2.90347  2.73739  3.18146  2.89801  2.37887  2.77519  2.98518  4.58477  3.61503
          0.02857  3.96546  4.68781  0.61958  0.77255  0.48576  0.95510
    119   2.30449  4.20926  3.39164  3.12170  4.09628  3.02680  4.16790  3.33559  3.09550  3.16754  4.08919  3.31459  3.74853  3.45998  3.37835  2.31821  1.23074  2.93611  5.50161  4.25521    136 t - - -
          2.68618  4.42225  2.77519  2.73123  3.46354  2.40513  3.72494  3.29354  2.67741  2.69355  4.24690  2.90347  2.73739  3.18146  2.89801  2.37887  2.77519  2.98518  4.58477  3.61503
          0.02857  3.96546  4.68781  0.61958  0.77255  0.48576  0.95510
    120   3.06148  4.39527  4.71687  4.22223  3.53437  4.37568  4.94801  1.35335  4.10599  2.04537  3.34822  4.44966  4.70236  4.37812  4.31225  3.76195  3.33072  1.18621  5.48916  4.28074    137 v - - -
          2.68618  4.42225  2.77519  2.73123  3.46354  2.40513  3.72494  3.29354  2.67741  2.69355  4.24690  2.90347  2.73739  3.18146  2.89801  2.37887  2.77519  2.98518  4.58477  3.61503
          0.02857  3.96546  4.68781  0.61958  0.77255  0.48576  0.95510
    121   2.93997  4.40231  4.37315  3.94787  3.50036  4.02592  4.70027  1.92058  3.78049  2.03487  3.41766  4.16302  4.48614  4.12644  3.99819  3.45338  3.25476  1.02145  5.36722  4.08941    138 v - - -
          2.68618  4.42225  2.77519  2.73123  3.46354  2.40513  3.72494  3.29354  2.67741  2.69355  4.24690  2.90347  2.73739  3.18146  2.89801  2.37887  2.77519  2.98518  4.58477  3.61503
          0.02857  3.96546  4.68781  0.61958  0.77255  0.48576  0.95510
    122   2.52459  4.30231  4.14213  3.77454  3.68343  3.68870  4.61423  2.04246  3.66527  2.35797  3.57264  3.94160  4.26593  4.00291  3.89517  3.13164  3.09228  1.05180  5.45436  4.21351    139 v - - -
          2.68618  4.42225  2.77519  2.73123  3.46354  2.40513  3.72494  3.29354  2.67741  2.69355  4.24690  2.90347  2.73739  3.18146  2.89801  2.37887  2.77519  2.98518  4.58477  3.61503
          0.02857  3.96546  4.68781  0.61958  0.77255  0.48576  0.95510
    123   2.87818  4.61951  3.49549  3.34832  4.33467  3.30178  4.41774  3.90446  3.41367  3.52104  4.57521  3.64542  0.67156  3.79963  3.64826  3.04869  3.32717  3.53916  5.49528  4.45677    140 P - - -
          2.68618  4.42225  2.77519  2.73123  3.46354  2.40513  3.72494  3.29354  2.67741  2.69355  4.24690  2.90347  2.73739  3.18146  2.89801  2.37887  2.77519  2.98518  4.58477  3.61503
          0.02857  3.96546  4.68781  0.61958  0.77255  0.48576  0.95510
    124   3.05827  5.02447  3.24037  2.84520  4.43216  3.53708  3.81278  3.86739  0.91786  3.41251  4.36953  3.26537  4.03134  2.99941  2.45220  3.09451  3.30493  3.57014  5.44907  4.27546    141 k - - -
          2.68618  4.42225  2.77519  2.73123  3.46354  2.40513  3.72494  3.29354  2.67741  2.69355  4.24690  2.90347  2.73739  3.18146  2.89801  2.37887  2.77519  2.98518  4.58477  3.61503
          0.02857  3.96546  4.68781  0.61958  0.77255  0.48576  0.95510
    125   2.91351  5.46873  1.41082  1.68165  4.77045  2.93610  3.74704  4.28404  2.75969  3.78665  4.63282  2.67427  3.82525  2.91216  3.35361  2.80282  3.20219  3.85657  5.94742  4.44779    142 d - - -
          2.68618  4.42225  2.77519  2.73123  3.46354  2.40513  3.72494  3.29354  2.67741  2.69355  4.24690  2.90347  2.73739  3.18146  2.89801  2.37887  2.77519  2.98518  4.58477  3.61503
          0.02857  3.96546  4.68781  0.61958  0.77255  0.48576  0.95510
    126   1.77138  4.22524  3.43424  2.97179  3.90049  3.13290  3.98966  3.15359  2.93727  2.93815  3.81923  3.25531  2.95885  3.25619  3.28744  2.51084  2.02824  2.55617  5.29797  4.06458    143 a - - -
          2.68618  4.42225  2.77519  2.73123  3.46354  2.40513  3.72494  3.29354  2.67741  2.69355  4.24690  2.90347  2.73739  3.18146  2.89801  2.37887  2.77519  2.98518  4.58477  3.61503
          0.02857  3.96546  4.68781  0.61958  0.77255  0.48576  0.95510
    127   1.81496  4.26322  3.26000  2.87554  4.11604  3.04560  3.98729  3.50269  2.90583  3.18599  4.01917  2.88938  3.70828  3.22202  3.27416  1.87679  2.08168  3.06009  5.45227  4.20456    144 a - - -
          2.68618  4.42225  2.77519  2.73123  3.46354  2.40513  3.72494  3.29354  2.67741  2.69355  4.24690  2.90347  2.73739  3.18146  2.89801  2.37887  2.77519  2.98518  4.58477  3.61503
          0.02857  3.96546  4.68781  0.61958  0.77255  0.48576  0.95510
    128   2.36580  4.32350  3.13433  2.91630  4.20879  3.03230  4.08829  3.67427  3.00355  3.35576  4.23467  3.20436  1.40100  3.35253  3.32672  2.16111  2.82093  3.20320  5.54628  4.27550    145 p - - -
          2.68618  4.42225  2.77519  2.73123  3.46354  2.40513  3.72494  3.29354  2.67741  2.69355  4.24690  2.90347  2.73739  3.18146  2.89801  2.37887  2.77519  2.98518  4.58477  3.61503
          0.02857  3.96546  4.68781  0.61958  0.77255  0.48576  0.95510
    129   2.09790  4.76521  3.04172  2.62761  4.25368  3.36625  3.73284  3.56358  1.50749  3.21163  4.09102  3.07099  3.87288  2.90282  2.61547  2.75212  2.97741  3.23211  5.43102  4.16396    146 k - - -
          2.68618  4.42225  2.77519  2.73123  3.46354  2.40513  3.72494  3.29354  2.67741  2.69355  4.24690  2.90347  2.73739  3.18146  2.89801  2.37887  2.77519  2.98518  4.58477  3.61503
          0.02857  3.96546  4.68781  0.61958  0.77255  0.48576  0.95510
    130   2.43605  4.71604  3.00680  2.48288  4.06803  3.35818  3.64178  3.47660  2.37828  3.07709  3.89854  2.97201  3.38645  2.67495  2.24586  2.35273  2.51343  3.13903  5.30833  3.99868    147 r - - -
          2.68618  4.42225  2.77519  2.73123  3.46354  2.40513  3.72494  3.29354  2.67741  2.69355  4.24690  2.90347  2.73739  3.18146  2.89801  2.37887  2.77519  2.98518  4.58477  3.61503
          0.02857  3.96546  4.68781  0.61958  0.77255  0.48576  0.95510
    131   2.34265  4.50214  2.97969  2.61002  4.07854  3.18733  3.46768  3.51878  2.66007  3.15129  3.98781  3.03665  2.33578  3.01130  3.06179  1.88397  2.80706  3.13250  5.38544  4.08281    148 s - - -
          2.68618  4.42225  2.77519  2.73123  3.46354  2.40513  3.72494  3.29354  2.67741  2.69355  4.24690  2.90347  2.73739  3.18146  2.89801  2.37887  2.77519  2.98518  4.58477  3.61503
          0.02857  3.96546  4.68781  0.61958  0.77255  0.48576  0.95510
    132   3.02032  5.12501  3.39123  2.76778  4.56268  3.62995  3.61151  3.92235  1.21652  3.38006  4.25567  3.17556  4.01321  2.75092  1.82367  3.02047  3.19669  3.60598  5.43204  4.25468    149 k - - -
          2.68618  4.42225  2.77519  2.73123  3.46354  2.40513  3.72494  3.29354  2.67741  2.69355  4.24690  2.90347  2.73739  3.18146  2.89801  2.37887  2.77519  2.98518  4.58477  3.61503
          0.02857  3.96546  4.68781  0.61958  0.77255  0.48576  0.95510
    133   2.47635  4.21802  3.64904  3.19739  3.66446  3.35645  4.10975  2.58370  3.12127  2.59803  3.59706  3.46126  3.06054  3.44820  3.41869  2.73565  2.45035  1.52581  5.18306  3.96077    150 v - - -
          2.68618  4.42225  2.77519  2.73123  3.46354  2.40513  3.72494  3.29354  2.67741  2.69355  4.24690  2.90347  2.73739  3.18146  2.89801  2.37887  2.77519  2.98518  4.58477  3.61503
          0.02857  3.96546  4.68781  0.61958  0.77255  0.48576  0.95510
    134   3.03322  5.05998  3.45296  2.84259  4.47899  3.62905  3.64840  3.85840  1.81401  3.34166  4.24189  3.22818  4.03225  2.80184  1.18660  3.05632  3.22258  3.55737  5.40203  4.23111    151 r - - -
          2.68618  4.42225  2.77519  2.73123  3.46354  2.40513  3.72494  3.29354  2.67741  2.69355  4.24690  2.90347  2.73739  3.18146  2.89801  2.37887  2.77519  2.98518  4.58477  3.61503
          0.02857  3.96546  4.68781  0.61958  0.77255  0.48576  0.95510
    135   2.59017  4.78492  2.75805  2.39790  4.18638  3.28332  3.40696  3.62969  2.49358  3.21854  4.03788  1.97399  3.10458  2.84561  2.93622  2.45529  2.66738  3.26209  5.43064  4.08577    152 n - - -
          2.68618  4.42225  2.77519  2.73123  3.46354  2.40513  3.72494  3.29354  2.67741  2.69355  4.24690  2.90347  2.73739  3.18146  2.89801  2.37887  2.77519  2.98518  4.58477  3.61503
          0.02857  3.96546  4.68781  0.61958  0.77255  0.48576  0.95510
    136   3.07381  4.42894  4.67086  4.19307  3.47206  4.33622  4.91338  1.10105  4.05288  1.96807  3.30134  4.42155  4.68021  4.33580  4.25398  3.73430  3.35002  1.54634  5.44545  4.23248    153 i - - -
          2.68618  4.42225  2.77519  2.73123  3.46354  2.40513  3.72494  3.29354  2.67741  2.69355  4.24690  2.90347  2.73739  3.18146  2.89801  2.37887  2.77519  2.98518  4.58477  3.61503
          0.02857  3.96546  4.68781  0.61958  0.77255  0.48576  0.95510
    137   1.90618  4.53523  2.82530  2.61202  4.24616  3.12360  3.91521  3.64501  2.79704  3.34287  4.20967  1.63338  3.77297  3.12956  3.18927  2.58725  2.88353  3.22769  5.55667  4.23133    154 n - - -
          2.68618  4.42225  2.77519  2.73123  3.46354  2.40513  3.72494  3.29354  2.67741  2.69355  4.24690  2.90347  2.73739  3.18146  2.89801  2.37887  2.77519  2.98518  4.58477  3.61503
          0.02857  3.96546  4.68781  0.61958  0.77255  0.48576  0.95510
    138   3.07094  4.40339  4.72642  4.23297  3.51920  4.38444  4.95431  1.22850  4.11388  2.02032  3.33209  4.46008  4.70809  4.38337  4.31685  3.77229  3.33987  1.31450  5.48393  4.27910    155 i - - -
          2.68618  4.42225  2.77519  2.73123  3.46354  2.40513  3.72494  3.29354  2.67741  2.69355  4.24690  2.90347  2.73739  3.18146  2.89801  2.37887  2.77519  2.98518  4.58477  3.61503
          0.02857  3.96546  4.68781  0.61958  0.77255  0.48576  0.95510
    139   2.26190  4.19817  3.35983  3.04484  4.15560  2.99263  4.11665  3.49515  3.05216  3.24046  4.10390  3.25831  3.70729  3.38364  3.36891  1.64671  1.64321  3.03891  5.51975  4.28240    156 t - - -
          2.68618  4.42225  2.77519  2.73123  3.46354  2.40513  3.72494  3.29354  2.67741  2.69355  4.24690  2.90347  2.73739  3.18146  2.89801  2.37887  2.77519  2.98518  4.58477  3.61503
          0.02857  3.96546  4.68781  0.61958  0.77255  0.48576  0.95510
    140   2.36235  4.28369  3.28890  3.10952  4.16965  3.01192  4.21654  3.70509  3.18955  3.41834  4.33702  3.31905  3.75851  3.53171  3.47235  0.95904  2.84954  3.21980  5.53481  4.25380    157 s - - -
          2.68618  4.42225  2.77519  2.73123  3.46354  2.40513  3.72494  3.29354  2.67741  2.69355  4.24690  2.90347  2.73739  3.18146  2.89801  2.37887  2.77519  2.98518  4.58477  3.61503
          0.02857  3.96546  4.68781  0.61958  0.77255  0.48576  0.95510
    141   3.01052  5.10648  3.34412  2.75897  4.53370  3.61128  3.62583  3.90425  1.16346  3.37380  4.25509  3.17081  4.00879  2.76953  1.95532  3.01459  3.19587  3.58918  5.43199  4.24714    158 k - - -
          2.68618  4.42225  2.77519  2.73123  3.46354  2.40513  3.72494  3.29354  2.67741  2.69355  4.24690  2.90347  2.73739  3.18146  2.89801  2.37887  2.77519  2.98518  4.58477  3.61503
          0.02857  3.96546  4.68781  0.61958  0.77255  0.48576  0.95510
    142   3.26039  4.69542  4.33855  3.97939  3.17272  4.09978  4.60598  2.38247  3.74621  0.76868  3.16766  4.24582  4.51952  4.09228  3.90684  3.68231  3.55062  2.44384  5.08516  3.82977    159 l - - -
          2.68618  4.42225  2.77519  2.73123  3.46354  2.40513  3.72494  3.29354  2.67741  2.69355  4.24690  2.90347  2.73739  3.18146  2.89801  2.37887  2.77519  2.98518  4.58477  3.61503
          0.01932  3.95621        *  0.61958  0.77255  0.00000        *
//
