HMMER3/f [3.1b2 | February 2015]
NAME  Mafft_Group_19
LENG  208
ALPH  amino
RF    no
MM    no
CONS  yes
CS    no
MAP   yes
DATE  Fri Oct 14 16:39:12 2016
NSEQ  17
EFFN  1.232666
CKSUM 2123900185
STATS LOCAL MSV      -10.3548  0.70487
STATS LOCAL VITERBI  -11.7635  0.70487
STATS LOCAL FORWARD   -4.3438  0.70487
HMM          A        C        D        E        F        G        H        I        K        L        M        N        P        Q        R        S        T        V        W        Y   
            m->m     m->i     m->d     i->m     i->i     d->m     d->d
  COMPO   2.43807  4.43501  2.81938  2.63382  3.53274  2.65025  3.69121  3.06296  2.64849  2.58768  3.81155  3.11845  3.08063  3.04091  2.83366  2.63472  2.89554  2.60135  4.72748  3.77315
          2.68286  4.41778  2.77982  2.73374  3.45651  2.40704  3.72512  3.29633  2.68166  2.68903  4.24231  2.90555  2.73760  3.17975  2.89607  2.37925  2.77522  2.98483  4.58229  3.61156
          0.83834  1.18627  1.33859  4.15415  0.01582  0.00000        *
      1   1.34996  4.29775  3.65467  3.21149  3.68110  3.36391  4.14295  2.71690  3.10842  2.53446  2.87401  3.47876  3.95162  3.45954  3.40607  2.75515  2.88759  2.50896  5.24335  4.00876    128 a - - -
          2.68618  4.42225  2.77519  2.73123  3.46354  2.40513  3.72494  3.29354  2.67741  2.69355  4.24690  2.90347  2.73739  3.18146  2.89801  2.37887  2.77519  2.98518  4.58477  3.61503
          0.02720  4.01394  4.73629  0.61958  0.77255  0.65255  0.73546
      2   1.61847  4.46121  3.32308  2.82135  3.70371  3.45819  3.85140  3.00438  2.72518  2.68260  2.90870  3.23745  3.92067  2.72895  3.08110  2.76062  2.87586  2.76824  5.13332  3.87763    129 a - - -
          2.68618  4.42225  2.77519  2.73123  3.46354  2.40513  3.72494  3.29354  2.67741  2.69355  4.24690  2.90347  2.73739  3.18146  2.89801  2.37887  2.77519  2.98518  4.58477  3.61503
          0.02495  4.09923  4.82157  0.61958  0.77255  0.72297  0.66419
      3   1.27532  4.66743  2.86609  2.18744  4.23436  3.27747  3.93559  3.51338  2.80735  3.25243  4.14611  3.08763  3.87926  3.14621  3.20552  2.72690  2.98700  3.17114  5.55390  4.25405    130 a - - -
          2.68618  4.42225  2.77519  2.73123  3.46354  2.40513  3.72494  3.29354  2.67741  2.69355  4.24690  2.90347  2.73739  3.18146  2.89801  2.37887  2.77519  2.98518  4.58477  3.61503
          0.02495  4.09923  4.82157  0.61958  0.77255  0.62601  0.76512
      4   1.13618  4.34125  3.74556  3.31568  3.78754  3.38232  4.23952  2.83084  3.21348  2.65362  2.98662  3.55332  3.99644  3.56048  3.50374  2.78608  2.93851  2.60872  5.34275  4.11065    131 a - - -
          2.68618  4.42225  2.77519  2.73123  3.46354  2.40513  3.72494  3.29354  2.67741  2.69355  4.24690  2.90347  2.73739  3.18146  2.89801  2.37887  2.77519  2.98518  4.58477  3.61503
          0.02364  4.15247  4.87481  0.61958  0.77255  0.38463  1.14163
      5   1.59733  4.54748  2.90534  2.76490  3.85178  3.46289  3.86619  3.20314  2.77782  2.90200  2.58013  3.20823  3.93009  3.10101  3.18656  2.49668  2.89594  2.92168  5.23213  3.95946    132 a - - -
          2.68618  4.42225  2.77519  2.73123  3.46354  2.40513  3.72494  3.29354  2.67741  2.69355  4.24690  2.90347  2.73739  3.18146  2.89801  2.37887  2.77519  2.98518  4.58477  3.61503
          0.02017  4.30924  5.03158  0.61958  0.77255  0.48576  0.95510
      6   1.34360  4.38287  3.55806  3.17158  4.41212  2.30910  4.26104  3.82569  3.20382  3.49151  4.30637  3.40406  2.05241  3.49837  3.56404  2.57455  2.56249  3.31217  5.73772  4.50579    133 a - - -
          2.68618  4.42225  2.77519  2.73123  3.46354  2.40513  3.72494  3.29354  2.67741  2.69355  4.24690  2.90347  2.73739  3.18146  2.89801  2.37887  2.77519  2.98518  4.58477  3.61503
          0.02017  4.30924  5.03158  0.61958  0.77255  0.48576  0.95510
      7   2.46784  4.86878  3.04011  2.50118  4.19414  3.44417  3.34785  3.61950  2.47224  3.20442  4.00763  3.01251  2.57045  2.84413  2.54118  2.04437  2.60017  3.26835  5.42548  4.08732    134 s - - -
          2.68618  4.42225  2.77519  2.73123  3.46354  2.40513  3.72494  3.29354  2.67741  2.69355  4.24690  2.90347  2.73739  3.18146  2.89801  2.37887  2.77519  2.98518  4.58477  3.61503
          0.02017  4.30924  5.03158  0.61958  0.77255  0.48576  0.95510
      8   2.62640  4.81841  3.08905  2.59674  4.35064  2.49146  3.79638  3.78595  2.54443  3.35766  4.15495  3.07430  2.39918  2.94170  2.15408  2.13952  2.92437  3.38175  5.55345  4.22672    135 s - - -
          2.68618  4.42225  2.77519  2.73123  3.46354  2.40513  3.72494  3.29354  2.67741  2.69355  4.24690  2.90347  2.73739  3.18146  2.89801  2.37887  2.77519  2.98518  4.58477  3.61503
          0.02017  4.30924  5.03158  0.61958  0.77255  0.48576  0.95510
      9   2.75181  5.10181  2.76602  2.04344  4.44887  3.01423  3.73629  3.90058  2.36091  3.44263  4.23621  2.94189  1.96916  2.87071  3.00490  2.34092  3.00615  3.51313  5.62729  4.24628    136 p - - -
          2.68618  4.42225  2.77519  2.73123  3.46354  2.40513  3.72494  3.29354  2.67741  2.69355  4.24690  2.90347  2.73739  3.18146  2.89801  2.37887  2.77519  2.98518  4.58477  3.61503
          0.02017  4.30924  5.03158  0.61958  0.77255  0.48576  0.95510
     10   3.57575  5.33810  4.11753  3.56281  4.80927  3.94860  4.24482  4.40285  2.54963  3.83875  4.84577  3.87903  4.44669  3.45971  0.47756  3.65083  3.82245  4.11192  5.72352  4.66311    137 R - - -
          2.68618  4.42225  2.77519  2.73123  3.46354  2.40513  3.72494  3.29354  2.67741  2.69355  4.24690  2.90347  2.73739  3.18146  2.89801  2.37887  2.77519  2.98518  4.58477  3.61503
          0.02017  4.30924  5.03158  0.61958  0.77255  0.48576  0.95510
     11   2.69794  4.78693  3.12494  2.43680  4.03012  3.51680  3.73363  3.41936  2.49408  3.05080  3.88976  2.72982  3.92066  2.90861  2.17647  2.55695  2.93196  2.02793  5.31307  4.01364    138 v - - -
          2.68625  4.42232  2.77527  2.73130  3.46361  2.40479  3.72347  3.29361  2.67748  2.69362  4.24697  2.90354  2.73747  3.18154  2.89808  2.37894  2.77527  2.98526  4.58484  3.61510
          0.22307  1.64292  5.03158  0.67206  0.71468  0.48576  0.95510
     12   3.47760  4.85853  4.53874  4.12672  2.43055  4.35867  3.87632  3.06199  3.90623  1.65589  3.72196  4.15441  4.69691  4.10094  4.03804  3.72681  3.71244  3.01779  4.11892  1.02628    141 y - - -
          2.68618  4.42225  2.77519  2.73123  3.46354  2.40513  3.72494  3.29354  2.67741  2.69355  4.24690  2.90347  2.73739  3.18146  2.89801  2.37887  2.77519  2.98518  4.58477  3.61503
          0.02017  4.30924  5.03158  0.61958  0.77255  0.48576  0.95510
     13   1.88123  4.83443  2.96423  1.89036  4.28150  3.38691  3.79908  3.69478  2.62001  3.30117  4.11213  3.03941  3.88040  2.95475  3.07875  2.43974  2.23349  3.32134  5.53053  4.19208    142 a - - -
          2.68618  4.42225  2.77519  2.73123  3.46354  2.40513  3.72494  3.29354  2.67741  2.69355  4.24690  2.90347  2.73739  3.18146  2.89801  2.37887  2.77519  2.98518  4.58477  3.61503
          0.02017  4.30924  5.03158  0.61958  0.77255  0.48576  0.95510
     14   3.10358  5.76080  1.42993  1.61771  5.04368  3.37268  3.90628  4.58691  2.92581  4.04687  4.88186  1.84594  3.99211  3.06418  3.54168  2.97230  3.38861  4.13048  6.19244  4.65633    143 d - - -
          2.68618  4.42225  2.77519  2.73123  3.46354  2.40513  3.72494  3.29354  2.67741  2.69355  4.24690  2.90347  2.73739  3.18146  2.89801  2.37887  2.77519  2.98518  4.58477  3.61503
          0.02017  4.30924  5.03158  0.61958  0.77255  0.48576  0.95510
     15   3.15176  4.46636  4.95444  4.40292  1.84727  4.44127  4.77574  1.65870  4.26945  1.98625  3.26672  4.52858  4.72209  4.41023  4.36476  3.78670  3.39064  1.41646  5.16712  3.92954    144 v - - -
          2.68618  4.42225  2.77519  2.73123  3.46354  2.40513  3.72494  3.29354  2.67741  2.69355  4.24690  2.90347  2.73739  3.18146  2.89801  2.37887  2.77519  2.98518  4.58477  3.61503
          0.02017  4.30924  5.03158  0.61958  0.77255  0.48576  0.95510
     16   2.77960  5.10226  1.64545  2.41238  4.39729  3.44492  3.74964  3.77892  2.07971  3.39024  4.20830  2.95468  3.91098  2.89072  3.02518  2.76715  3.02796  2.53220  5.60713  4.22795    145 d - - -
          2.68618  4.42225  2.77519  2.73123  3.46354  2.40513  3.72494  3.29354  2.67741  2.69355  4.24690  2.90347  2.73739  3.18146  2.89801  2.37887  2.77519  2.98518  4.58477  3.61503
          0.02017  4.30924  5.03158  0.61958  0.77255  0.48576  0.95510
     17   3.43944  5.09877  4.09599  4.01264  4.93516  3.76285  5.03286  4.62118  4.11302  4.18723  5.26968  4.26583  0.30869  4.48640  4.28845  3.62519  3.91806  4.21091  5.97559  5.06833    146 P - - -
          2.68618  4.42225  2.77519  2.73123  3.46354  2.40513  3.72494  3.29354  2.67741  2.69355  4.24690  2.90347  2.73739  3.18146  2.89801  2.37887  2.77519  2.98518  4.58477  3.61503
          0.02017  4.30924  5.03158  0.61958  0.77255  0.48576  0.95510
     18   2.85977  5.06746  3.18692  2.64390  4.36168  3.58396  2.56413  3.83236  2.27839  3.36132  4.18798  3.12627  2.12816  2.86927  1.83035  2.87100  3.08216  3.48943  5.48243  4.17724    147 r - - -
          2.68618  4.42225  2.77519  2.73123  3.46354  2.40513  3.72494  3.29354  2.67741  2.69355  4.24690  2.90347  2.73739  3.18146  2.89801  2.37887  2.77519  2.98518  4.58477  3.61503
          0.02017  4.30924  5.03158  0.61958  0.77255  0.48576  0.95510
     19   2.57938  2.39656  3.48275  2.98719  3.79238  3.41368  2.04578  3.26756  2.90325  2.95332  3.82785  3.34480  3.94890  3.26233  3.25179  1.98737  2.90830  2.96270  5.20407  3.90987    148 s - - -
          2.68618  4.42225  2.77519  2.73123  3.46354  2.40513  3.72494  3.29354  2.67741  2.69355  4.24690  2.90347  2.73739  3.18146  2.89801  2.37887  2.77519  2.98518  4.58477  3.61503
          0.02017  4.30924  5.03158  0.61958  0.77255  0.48576  0.95510
     20   2.91677  5.35244  2.78296  1.46016  4.70919  3.50482  3.73137  4.15939  1.81468  3.62450  4.42203  2.97381  3.96398  2.37138  2.74897  2.86174  3.14434  3.75721  5.73373  4.37348    149 e - - -
          2.68618  4.42225  2.77519  2.73123  3.46354  2.40513  3.72494  3.29354  2.67741  2.69355  4.24690  2.90347  2.73739  3.18146  2.89801  2.37887  2.77519  2.98518  4.58477  3.61503
          0.02017  4.30924  5.03158  0.61958  0.77255  0.48576  0.95510
     21   2.82279  4.29482  4.23724  3.65717  3.14150  3.91475  4.16188  2.55057  3.48599  1.90358  2.29843  3.87553  4.26549  3.73443  3.66722  3.21219  2.76572  2.44870  1.92177  3.51861    150 l - - -
          2.68618  4.42225  2.77519  2.73123  3.46354  2.40513  3.72494  3.29354  2.67741  2.69355  4.24690  2.90347  2.73739  3.18146  2.89801  2.37887  2.77519  2.98518  4.58477  3.61503
          0.02017  4.30924  5.03158  0.61958  0.77255  0.48576  0.95510
     22   2.71009  4.47502  3.48488  2.27887  3.67550  3.66564  3.95495  2.46426  2.90835  2.65471  3.59676  3.37857  4.06114  3.23610  3.28428  2.92441  2.17069  1.83670  5.13981  3.88917    151 v - - -
          2.68618  4.42225  2.77519  2.73123  3.46354  2.40513  3.72494  3.29354  2.67741  2.69355  4.24690  2.90347  2.73739  3.18146  2.89801  2.37887  2.77519  2.98518  4.58477  3.61503
          0.02017  4.30924  5.03158  0.61958  0.77255  0.48576  0.95510
     23   3.01386  5.25751  3.24385  2.36167  4.60742  3.67127  2.49613  4.03535  2.14742  3.50370  4.33597  3.16935  4.06155  2.85170  1.31944  2.99556  3.20712  3.68856  5.57559  4.31349    152 r - - -
          2.68618  4.42225  2.77519  2.73123  3.46354  2.40513  3.72494  3.29354  2.67741  2.69355  4.24690  2.90347  2.73739  3.18146  2.89801  2.37887  2.77519  2.98518  4.58477  3.61503
          0.02017  4.30924  5.03158  0.61958  0.77255  0.48576  0.95510
     24   2.75201  5.01953  2.75349  1.63933  4.48000  2.24524  3.83060  3.91481  2.67033  3.49083  4.30159  2.98623  3.91171  2.98262  3.14570  2.75954  2.07289  3.51736  5.69247  4.32155    153 e - - -
          2.68618  4.42225  2.77519  2.73123  3.46354  2.40513  3.72494  3.29354  2.67741  2.69355  4.24690  2.90347  2.73739  3.18146  2.89801  2.37887  2.77519  2.98518  4.58477  3.61503
          0.02017  4.30924  5.03158  0.61958  0.77255  0.48576  0.95510
     25   2.45812  5.17843  2.41364  1.87418  4.50103  3.42035  3.66832  3.97376  2.44081  3.47690  4.24061  2.89641  2.50260  2.78194  2.53759  2.68058  2.95602  3.55985  5.63018  4.22418    154 e - - -
          2.68618  4.42225  2.77519  2.73123  3.46354  2.40513  3.72494  3.29354  2.67741  2.69355  4.24690  2.90347  2.73739  3.18146  2.89801  2.37887  2.77519  2.98518  4.58477  3.61503
          0.02017  4.30924  5.03158  0.61958  0.77255  0.48576  0.95510
     26   1.99968  5.25639  1.95804  1.94667  4.58993  2.86925  3.73635  4.06935  2.57064  3.57764  4.35665  2.88332  3.28429  2.86285  3.08932  2.74421  3.04541  3.65193  5.73964  4.31535    155 e - - -
          2.68618  4.42225  2.77519  2.73123  3.46354  2.40513  3.72494  3.29354  2.67741  2.69355  4.24690  2.90347  2.73739  3.18146  2.89801  2.37887  2.77519  2.98518  4.58477  3.61503
          0.02017  4.30924  5.03158  0.61958  0.77255  0.48576  0.95510
     27   2.04956  4.37226  3.51797  2.95794  2.70357  3.60654  3.88634  2.85536  2.59532  2.39751  3.48791  3.35991  4.00011  3.21346  3.24853  2.86194  2.14900  2.63143  4.97062  3.73267    156 a - - -
          2.68618  4.42225  2.77519  2.73123  3.46354  2.40513  3.72494  3.29354  2.67741  2.69355  4.24690  2.90347  2.73739  3.18146  2.89801  2.37887  2.77519  2.98518  4.58477  3.61503
          0.02017  4.30924  5.03158  0.61958  0.77255  0.48576  0.95510
     28   2.92438  5.41265  1.44651  2.31959  4.67661  3.41984  2.22860  4.20417  2.31290  3.69989  4.50506  2.88658  3.94531  2.93545  3.13831  2.85309  3.17947  3.79348  5.82994  4.38689    157 d - - -
          2.68618  4.42225  2.77519  2.73123  3.46354  2.40513  3.72494  3.29354  2.67741  2.69355  4.24690  2.90347  2.73739  3.18146  2.89801  2.37887  2.77519  2.98518  4.58477  3.61503
          0.02017  4.30924  5.03158  0.61958  0.77255  0.48576  0.95510
     29   2.05251  4.31947  3.89862  3.47115  4.05364  3.31800  4.38259  3.01723  3.40435  3.01682  3.97525  3.62492  3.99096  3.70736  3.69207  2.73304  1.16020  2.29478  5.53435  4.32877    158 t - - -
          2.68618  4.42225  2.77519  2.73123  3.46354  2.40513  3.72494  3.29354  2.67741  2.69355  4.24690  2.90347  2.73739  3.18146  2.89801  2.37887  2.77519  2.98518  4.58477  3.61503
          0.02017  4.30924  5.03158  0.61958  0.77255  0.48576  0.95510
     30   3.60541  4.89590  5.20311  4.68522  3.21831  4.86607  5.18704  2.03199  4.48197  0.64070  3.02127  4.93393  5.02255  4.59365  4.56869  4.27165  3.83565  2.39631  5.37881  4.28541    159 L - - -
          2.68618  4.42225  2.77519  2.73123  3.46354  2.40513  3.72494  3.29354  2.67741  2.69355  4.24690  2.90347  2.73739  3.18146  2.89801  2.37887  2.77519  2.98518  4.58477  3.61503
          0.02017  4.30924  5.03158  0.61958  0.77255  0.48576  0.95510
     31   2.69692  4.28643  3.81544  3.24579  3.41008  3.74067  4.03487  2.42380  3.15860  2.40282  2.97700  3.58305  4.11646  2.94093  3.44806  3.01160  2.13487  1.69736  4.92713  3.71635    160 v - - -
          2.68618  4.42225  2.77519  2.73123  3.46354  2.40513  3.72494  3.29354  2.67741  2.69355  4.24690  2.90347  2.73739  3.18146  2.89801  2.37887  2.77519  2.98518  4.58477  3.61503
          0.02017  4.30924  5.03158  0.61958  0.77255  0.48576  0.95510
     32   3.26699  4.53830  5.12514  4.58500  3.54421  4.67171  5.13240  1.60642  4.47572  1.69858  2.94677  4.76030  4.90948  4.63863  4.59819  4.03633  3.50792  1.06837  5.51558  4.37757    161 v - - -
          2.68618  4.42225  2.77519  2.73123  3.46354  2.40513  3.72494  3.29354  2.67741  2.69355  4.24690  2.90347  2.73739  3.18146  2.89801  2.37887  2.77519  2.98518  4.58477  3.61503
          0.02017  4.30924  5.03158  0.61958  0.77255  0.48576  0.95510
     33   3.16921  5.73462  0.93608  2.26884  5.05228  3.37298  3.99655  4.64704  3.08562  4.13662  5.01388  2.00878  4.03462  3.17816  3.71610  3.04416  3.48532  4.19069  6.25068  4.71231    162 d - - -
          2.68618  4.42225  2.77519  2.73123  3.46354  2.40513  3.72494  3.29354  2.67741  2.69355  4.24690  2.90347  2.73739  3.18146  2.89801  2.37887  2.77519  2.98518  4.58477  3.61503
          0.02017  4.30924  5.03158  0.61958  0.77255  0.48576  0.95510
     34   3.29478  4.61662  4.99456  4.48962  3.48757  4.58512  5.08202  2.01889  4.33736  1.28842  3.31100  4.68724  4.87475  4.54816  4.48316  3.97479  3.55366  1.11943  5.48888  4.32303    163 v - - -
          2.68618  4.42225  2.77519  2.73123  3.46354  2.40513  3.72494  3.29354  2.67741  2.69355  4.24690  2.90347  2.73739  3.18146  2.89801  2.37887  2.77519  2.98518  4.58477  3.61503
          0.02017  4.30924  5.03158  0.61958  0.77255  0.48576  0.95510
     35   2.40932  4.35523  3.65153  3.36308  4.50647  3.12932  4.42375  3.89385  3.38724  3.61212  4.44968  3.50343  3.88324  3.69515  3.68951  0.95226  1.94488  3.34920  5.85242  4.63333    164 s - - -
          2.68546  4.42235  2.77530  2.73133  3.46364  2.40514  3.72505  3.29364  2.67738  2.69365  4.24700  2.90357  2.73750  3.18084  2.89811  2.37897  2.77530  2.98529  4.58487  3.61513
          0.31536  1.33202  5.03158  0.67667  0.70990  0.48576  0.95510
     36   3.30043  5.00948  4.06113  4.02555  5.11631  0.29034  5.09550  4.84541  4.26460  4.43428  5.42932  4.22777  4.41161  4.55495  4.43092  3.48813  3.81451  4.28876  6.07305  5.24060    167 G - - -
          2.68618  4.42225  2.77519  2.73123  3.46354  2.40513  3.72494  3.29354  2.67741  2.69355  4.24690  2.90347  2.73739  3.18146  2.89801  2.37887  2.77519  2.98518  4.58477  3.61503
          0.02017  4.30924  5.03158  0.61958  0.77255  0.48576  0.95510
     37   4.07456  5.19125  5.03830  4.82259  0.78174  4.73400  3.62976  3.68390  4.63990  2.93860  4.25449  4.37150  5.02137  4.47925  4.57320  4.12620  4.28870  3.63193  3.73308  1.39872    168 f - - -
          2.68618  4.42225  2.77519  2.73123  3.46354  2.40513  3.72494  3.29354  2.67741  2.69355  4.24690  2.90347  2.73739  3.18146  2.89801  2.37887  2.77519  2.98518  4.58477  3.61503
          0.02017  4.30924  5.03158  0.61958  0.77255  0.48576  0.95510
     38   2.87044  5.13518  3.23305  2.63801  4.53354  3.59668  3.69711  3.93447  1.72767  3.43069  4.24066  3.11882  3.98732  2.82161  1.69337  2.22248  2.82961  3.57096  5.54955  4.27086    169 r - - -
          2.68618  4.42225  2.77519  2.73123  3.46354  2.40513  3.72494  3.29354  2.67741  2.69355  4.24690  2.90347  2.73739  3.18146  2.89801  2.37887  2.77519  2.98518  4.58477  3.61503
          0.02017  4.30924  5.03158  0.61958  0.77255  0.48576  0.95510
     39   3.44155  5.36961  3.64357  3.20989  4.86016  3.85514  4.09104  4.32494  0.56370  3.80362  4.76235  3.60614  4.34156  3.27251  2.62585  3.46738  3.67175  4.01585  5.74766  4.63692    170 K - - -
          2.68618  4.42225  2.77519  2.73123  3.46354  2.40513  3.72494  3.29354  2.67741  2.69355  4.24690  2.90347  2.73739  3.18146  2.89801  2.37887  2.77519  2.98518  4.58477  3.61503
          0.02017  4.30924  5.03158  0.61958  0.77255  0.48576  0.95510
     40   3.16687  5.80032  1.60362  1.02337  5.08613  3.38317  3.95650  4.63209  3.00992  4.10650  4.96768  2.83914  4.02342  3.12540  3.63383  3.02970  3.46175  4.18383  6.24397  4.71124    171 e - - -
          2.68618  4.42225  2.77519  2.73123  3.46354  2.40513  3.72494  3.29354  2.67741  2.69355  4.24690  2.90347  2.73739  3.18146  2.89801  2.37887  2.77519  2.98518  4.58477  3.61503
          0.02017  4.30924  5.03158  0.61958  0.77255  0.48576  0.95510
     41   2.86498  5.28524  2.74168  1.81722  4.57493  3.47349  2.11814  4.06590  2.44012  3.56018  4.35781  2.94804  3.93714  2.05815  2.86285  2.81850  3.10002  3.67267  5.68426  4.29701    172 e - - -
          2.68618  4.42225  2.77519  2.73123  3.46354  2.40513  3.72494  3.29354  2.67741  2.69355  4.24690  2.90347  2.73739  3.18146  2.89801  2.37887  2.77519  2.98518  4.58477  3.61503
          0.02017  4.30924  5.03158  0.61958  0.77255  0.48576  0.95510
     42   3.47126  4.73711  5.25588  4.70879  3.33383  4.83934  5.22862  1.59237  4.57673  0.89857  3.10390  4.92480  5.00133  4.65548  4.66119  4.21562  3.70109  1.95013  5.45786  4.39803    173 l - - -
          2.68618  4.42225  2.77519  2.73123  3.46354  2.40513  3.72494  3.29354  2.67741  2.69355  4.24690  2.90347  2.73739  3.18146  2.89801  2.37887  2.77519  2.98518  4.58477  3.61503
          0.02017  4.30924  5.03158  0.61958  0.77255  0.48576  0.95510
     43   3.33217  5.42951  3.82715  3.05380  4.97021  3.90415  3.75443  4.27761  1.03642  3.65340  4.53150  3.41954  4.24594  2.88186  1.46602  3.31102  3.46629  3.95888  5.63671  4.52030    174 k - - -
          2.68618  4.42225  2.77519  2.73123  3.46354  2.40513  3.72494  3.29354  2.67741  2.69355  4.24690  2.90347  2.73739  3.18146  2.89801  2.37887  2.77519  2.98518  4.58477  3.61503
          0.02017  4.30924  5.03158  0.61958  0.77255  0.48576  0.95510
     44   3.17404  4.62162  4.71691  4.41439  3.91566  4.16234  5.15630  2.13697  4.29130  2.53824  3.83244  4.52993  4.71397  4.62901  4.45990  3.71054  3.53432  0.60716  5.76658  4.51790    175 V - - -
          2.68618  4.42225  2.77519  2.73123  3.46354  2.40513  3.72494  3.29354  2.67741  2.69355  4.24690  2.90347  2.73739  3.18146  2.89801  2.37887  2.77519  2.98518  4.58477  3.61503
          0.02017  4.30924  5.03158  0.61958  0.77255  0.48576  0.95510
     45   2.98914  4.89453  3.42260  2.96385  3.75840  3.75237  3.96929  3.20242  2.66093  1.82823  3.77405  3.40730  4.17606  1.41396  2.95637  3.10359  3.23067  3.08472  5.27674  3.95722    176 q - - -
          2.68622  4.42229  2.77523  2.73127  3.46358  2.40516  3.72498  3.29358  2.67745  2.69345  4.24484  2.90350  2.73743  3.18150  2.89804  2.37891  2.77523  2.98522  4.58481  3.61507
          0.23496  1.59521  5.03158  0.21786  1.63085  0.48576  0.95510
     46   2.90993  4.30766  4.49751  3.93028  3.23408  4.08881  4.36042  2.01683  3.79000  2.07096  3.30531  4.09970  4.42533  3.99702  3.94143  3.40090  3.14615  1.34577  4.89870  2.26885    178 v - - -
          2.68618  4.42225  2.77519  2.73123  3.46354  2.40513  3.72494  3.29354  2.67741  2.69355  4.24690  2.90347  2.73739  3.18146  2.89801  2.37887  2.77519  2.98518  4.58477  3.61503
          0.02017  4.30924  5.03158  0.61958  0.77255  0.48576  0.95510
     47   2.76059  5.26393  2.42697  1.86368  4.58710  3.41628  2.58832  4.07252  2.46736  3.55782  4.32006  2.13568  3.86799  2.79968  2.70627  2.70943  3.00054  3.64555  5.69777  4.27691    179 e - - -
          2.68618  4.42225  2.77519  2.73123  3.46354  2.40513  3.72494  3.29354  2.67741  2.69355  4.24690  2.90347  2.73739  3.18146  2.89801  2.37887  2.77519  2.98518  4.58477  3.61503
          0.02017  4.30924  5.03158  0.61958  0.77255  0.48576  0.95510
     48   2.15039  4.62163  3.21185  2.73320  4.27591  3.30161  3.91363  3.70153  2.75471  3.31692  4.12416  2.67351  2.87848  3.08665  3.18952  1.86572  2.00656  3.28391  5.55039  4.24691    180 s - - -
          2.68618  4.42225  2.77519  2.73123  3.46354  2.40513  3.72494  3.29354  2.67741  2.69355  4.24690  2.90347  2.73739  3.18146  2.89801  2.37887  2.77519  2.98518  4.58477  3.61503
          0.02017  4.30924  5.03158  0.61958  0.77255  0.48576  0.95510
     49   2.69612  4.83855  3.11960  2.56115  4.01939  3.51842  2.57596  3.48523  2.45047  3.09044  3.91960  3.06367  3.90830  2.67169  2.64602  1.85760  2.92394  3.17630  3.91451  3.96404    181 s - - -
          2.68618  4.42225  2.77519  2.73123  3.46354  2.40513  3.72494  3.29354  2.67741  2.69355  4.24690  2.90347  2.73739  3.18146  2.89801  2.37887  2.77519  2.98518  4.58477  3.61503
          0.02017  4.30924  5.03158  0.61958  0.77255  0.48576  0.95510
     50   2.94557  4.97191  3.44670  2.99973  4.62822  1.74108  4.01164  4.08426  2.51885  3.62086  4.48137  3.39588  4.10601  3.18800  1.19756  3.01769  3.25983  3.68679  5.68397  4.48786    182 r - - -
          2.68618  4.42225  2.77519  2.73123  3.46354  2.40513  3.72494  3.29354  2.67741  2.69355  4.24690  2.90347  2.73739  3.18146  2.89801  2.37887  2.77519  2.98518  4.58477  3.61503
          0.02017  4.30924  5.03158  0.61958  0.77255  0.48576  0.95510
     51   2.72625  3.34961  3.17742  2.59905  4.22320  3.52056  3.71193  3.62769  1.73673  3.20802  4.02753  3.08831  3.92432  2.85930  2.28380  2.12314  2.96138  3.29480  5.41493  4.11413    183 k - - -
          2.68618  4.42225  2.77519  2.73123  3.46354  2.40513  3.72494  3.29354  2.67741  2.69355  4.24690  2.90347  2.73739  3.18146  2.89801  2.37887  2.77519  2.98518  4.58477  3.61503
          0.02017  4.30924  5.03158  0.61958  0.77255  0.48576  0.95510
     52   3.68745  5.03247  4.89187  4.55512  3.36657  4.53355  5.07822  2.61285  4.32131  0.47793  3.28997  4.79065  4.90719  4.58023  4.41688  4.19114  3.96875  2.75950  5.38026  4.19755    184 L - - -
          2.68618  4.42225  2.77519  2.73123  3.46354  2.40513  3.72494  3.29354  2.67741  2.69355  4.24690  2.90347  2.73739  3.18146  2.89801  2.37887  2.77519  2.98518  4.58477  3.61503
          0.02017  4.30924  5.03158  0.61958  0.77255  0.48576  0.95510
     53   2.80248  4.82118  3.35106  2.74121  4.05846  3.62860  3.75186  2.44781  1.67298  3.02827  3.90181  3.20252  4.00307  2.92946  2.11149  2.88074  3.01704  2.79909  5.30903  4.05054    185 k - - -
          2.68618  4.42225  2.77519  2.73123  3.46354  2.40513  3.72494  3.29354  2.67741  2.69355  4.24690  2.90347  2.73739  3.18146  2.89801  2.37887  2.77519  2.98518  4.58477  3.61503
          0.02017  4.30924  5.03158  0.61958  0.77255  0.48576  0.95510
     54   3.29724  4.55841  5.18190  4.70678  3.82379  4.75108  5.42234  1.40197  4.61009  2.29623  3.60008  4.88758  5.03939  4.87212  4.79026  4.16565  3.56563  0.83789  5.85316  4.63736    186 v - - -
          2.68618  4.42225  2.77519  2.73123  3.46354  2.40513  3.72494  3.29354  2.67741  2.69355  4.24690  2.90347  2.73739  3.18146  2.89801  2.37887  2.77519  2.98518  4.58477  3.61503
          0.02017  4.30924  5.03158  0.61958  0.77255  0.48576  0.95510
     55   1.85021  4.65041  3.28039  2.79118  4.29219  3.34488  3.91810  3.70299  2.67184  3.32048  4.14166  3.20291  3.89738  3.09464  2.17742  1.65280  2.92503  3.30008  5.54440  4.26000    187 s - - -
          2.68618  4.42225  2.77519  2.73123  3.46354  2.40513  3.72494  3.29354  2.67741  2.69355  4.24690  2.90347  2.73739  3.18146  2.89801  2.37887  2.77519  2.98518  4.58477  3.61503
          0.02017  4.30924  5.03158  0.61958  0.77255  0.48576  0.95510
     56   3.30043  5.00948  4.06113  4.02555  5.11631  0.29034  5.09550  4.84541  4.26460  4.43428  5.42932  4.22777  4.41161  4.55495  4.43092  3.48813  3.81451  4.28876  6.07305  5.24060    188 G - - -
          2.68618  4.42225  2.77519  2.73123  3.46354  2.40513  3.72494  3.29354  2.67741  2.69355  4.24690  2.90347  2.73739  3.18146  2.89801  2.37887  2.77519  2.98518  4.58477  3.61503
          0.02017  4.30924  5.03158  0.61958  0.77255  0.48576  0.95510
     57   3.16748  5.72492  2.05620  0.83726  5.02746  3.40243  3.97380  4.55997  3.00418  4.05910  4.92837  2.87636  4.03789  3.14675  3.59731  3.04499  3.46315  4.13012  6.18817  4.69169    189 e - - -
          2.68618  4.42225  2.77519  2.73123  3.46354  2.40513  3.72494  3.29354  2.67741  2.69355  4.24690  2.90347  2.73739  3.18146  2.89801  2.37887  2.77519  2.98518  4.58477  3.61503
          0.02017  4.30924  5.03158  0.61958  0.77255  0.48576  0.95510
     58   2.92437  3.60265  3.53251  2.89227  4.30602  3.66750  3.79080  3.68877  2.23605  3.25540  4.12831  3.30303  4.07572  2.60359  1.16386  2.98987  3.15064  3.38842  5.43192  4.20550    190 r - - -
          2.68618  4.42225  2.77519  2.73123  3.46354  2.40513  3.72494  3.29354  2.67741  2.69355  4.24690  2.90347  2.73739  3.18146  2.89801  2.37887  2.77519  2.98518  4.58477  3.61503
          0.02017  4.30924  5.03158  0.61958  0.77255  0.48576  0.95510
     59   2.47367  5.04782  2.76378  2.39766  4.36502  3.07572  3.64830  3.81831  2.39712  3.34866  4.12039  2.93447  2.57588  2.51813  2.21985  2.65171  2.73645  3.42852  5.52205  4.14429    191 r - - -
          2.68604  4.42226  2.77520  2.73124  3.46355  2.40514  3.72495  3.29355  2.67742  2.69356  4.24691  2.90347  2.73740  3.18147  2.89802  2.37888  2.77520  2.98519  4.58478  3.61504
          0.28561  2.78146  1.67933  0.41946  1.07119  0.48576  0.95510
     60   3.07455  4.47391  4.62049  4.17015  3.56263  4.25319  4.88392  1.90210  4.00458  1.97952  3.44627  4.37805  4.66058  4.32606  4.20826  3.66986  3.37034  0.91505  5.47308  4.21344    193 v - - -
          2.68610  4.42230  2.77498  2.73128  3.46359  2.40499  3.72500  3.29359  2.67746  2.69360  4.24695  2.90333  2.73745  3.18151  2.89806  2.37892  2.77525  2.98523  4.58482  3.61508
          0.61744  1.46517  1.47125  0.45642  1.00389  0.36637  1.18171
     61   1.73790  4.68491  2.59132  2.52614  4.34504  1.99126  3.87300  3.78005  2.77883  3.39163  4.21200  2.68074  3.80999  3.05485  3.24211  2.62252  2.91251  3.35177  5.61708  4.28257    196 a - - -
          2.68618  4.42225  2.77519  2.73123  3.46354  2.40513  3.72494  3.29354  2.67741  2.69355  4.24690  2.90347  2.73739  3.18146  2.89801  2.37887  2.77519  2.98518  4.58477  3.61503
          0.02471  4.10861  4.83096  0.61958  0.77255  0.36547  1.18375
     62   2.99010  5.51942  1.35468  2.07446  4.86756  2.13298  3.87461  4.37723  2.84190  3.87222  4.69094  2.85108  3.96301  3.02759  3.41946  2.45290  3.27476  3.93829  6.03485  4.55086    197 d - - -
          2.68618  4.42225  2.77519  2.73123  3.46354  2.40513  3.72494  3.29354  2.67741  2.69355  4.24690  2.90347  2.73739  3.18146  2.89801  2.37887  2.77519  2.98518  4.58477  3.61503
          0.02017  4.30924  5.03158  0.61958  0.77255  0.48576  0.95510
     63   2.39927  4.35085  3.56345  3.38947  4.67229  0.88151  4.52144  4.10648  3.54132  3.79688  4.61068  3.50734  3.87754  3.80494  3.83096  2.30211  2.45809  3.47137  6.00037  4.80157    198 g - - -
          2.68618  4.42225  2.77519  2.73123  3.46354  2.40513  3.72494  3.29354  2.67741  2.69355  4.24690  2.90347  2.73739  3.18146  2.89801  2.37887  2.77519  2.98518  4.58477  3.61503
          0.02017  4.30924  5.03158  0.61958  0.77255  0.48576  0.95510
     64   2.69144  4.92081  3.03715  2.51458  4.23443  2.40905  3.70550  3.65991  2.43501  3.23726  3.40068  2.03689  3.88971  2.84807  2.34597  2.71478  2.93404  3.31233  5.44528  4.11174    199 n - - -
          2.68618  4.42225  2.77519  2.73123  3.46354  2.40513  3.72494  3.29354  2.67741  2.69355  4.24690  2.90347  2.73739  3.18146  2.89801  2.37887  2.77519  2.98518  4.58477  3.61503
          0.02017  4.30924  5.03158  0.61958  0.77255  0.48576  0.95510
     65   3.04034  5.27792  3.35911  2.74795  4.64082  3.70731  3.05528  4.07069  2.09244  3.51847  4.35182  3.20355  4.07975  1.66266  1.57502  3.02120  3.22413  3.72314  5.56820  4.32037    200 r - - -
          2.68618  4.42225  2.77519  2.73123  3.46354  2.40513  3.72494  3.29354  2.67741  2.69355  4.24690  2.90347  2.73739  3.18146  2.89801  2.37887  2.77519  2.98518  4.58477  3.61503
          0.02017  4.30924  5.03158  0.61958  0.77255  0.48576  0.95510
     66   3.37041  4.95134  4.18695  3.69753  3.11751  4.01097  4.04973  3.60088  3.07653  3.09083  4.17482  3.93017  4.46595  3.70966  2.56839  3.54310  3.62656  3.42188  0.82233  3.10918    201 w - - -
          2.68618  4.42225  2.77519  2.73123  3.46354  2.40513  3.72494  3.29354  2.67741  2.69355  4.24690  2.90347  2.73739  3.18146  2.89801  2.37887  2.77519  2.98518  4.58477  3.61503
          0.02017  4.30924  5.03158  0.61958  0.77255  0.48576  0.95510
     67   1.97818  3.79676  3.35974  2.80819  3.81622  3.46689  3.85769  3.18670  2.75122  2.59631  3.73583  3.23513  3.92460  3.09675  2.59959  1.88948  2.87317  2.90381  5.19347  3.93044    202 s - - -
          2.68618  4.42225  2.77519  2.73123  3.46354  2.40513  3.72494  3.29354  2.67741  2.69355  4.24690  2.90347  2.73739  3.18146  2.89801  2.37887  2.77519  2.98518  4.58477  3.61503
          0.02017  4.30924  5.03158  0.61958  0.77255  0.48576  0.95510
     68   3.18964  5.26653  3.58640  2.96095  4.41738  3.80551  2.19207  4.07595  2.11459  3.52396  4.40869  3.36380  4.19013  2.94767  1.11293  3.19514  3.37023  3.76388  5.46026  4.18115    203 r - - -
          2.68618  4.42225  2.77519  2.73123  3.46354  2.40513  3.72494  3.29354  2.67741  2.69355  4.24690  2.90347  2.73739  3.18146  2.89801  2.37887  2.77519  2.98518  4.58477  3.61503
          0.02017  4.30924  5.03158  0.61958  0.77255  0.48576  0.95510
     69   3.87492  5.15282  4.84717  4.66338  0.50027  4.41926  4.15365  3.37034  4.56629  2.64636  4.04517  4.54450  4.88194  4.61699  4.57648  4.10741  4.18327  3.38995  4.30904  2.63618    204 F - - -
          2.68618  4.42225  2.77519  2.73123  3.46354  2.40513  3.72494  3.29354  2.67741  2.69355  4.24690  2.90347  2.73739  3.18146  2.89801  2.37887  2.77519  2.98518  4.58477  3.61503
          0.02017  4.30924  5.03158  0.61958  0.77255  0.48576  0.95510
     70   2.69088  4.63211  3.29004  2.72370  3.82421  3.19340  3.15483  3.20762  2.56548  1.95290  3.73292  3.18704  3.95468  2.98983  2.28901  2.80712  2.52755  2.94433  5.16924  3.89977    205 l - - -
          2.68618  4.42225  2.77519  2.73123  3.46354  2.40513  3.72494  3.29354  2.67741  2.69355  4.24690  2.90347  2.73739  3.18146  2.89801  2.37887  2.77519  2.98518  4.58477  3.61503
          0.02017  4.30924  5.03158  0.61958  0.77255  0.48576  0.95510
     71   3.04100  4.98801  3.54909  2.97191  4.10635  3.77543  3.87297  3.40817  1.21968  1.93680  4.00488  3.39022  4.16952  3.06010  2.58604  3.12610  3.25308  3.21280  5.39821  4.15047    206 k - - -
          2.68618  4.42225  2.77519  2.73123  3.46354  2.40513  3.72494  3.29354  2.67741  2.69355  4.24690  2.90347  2.73739  3.18146  2.89801  2.37887  2.77519  2.98518  4.58477  3.61503
          0.02017  4.30924  5.03158  0.61958  0.77255  0.48576  0.95510
     72   2.68204  5.05624  2.34908  2.21406  4.35253  3.44962  3.65031  3.80104  2.39396  3.33565  2.67492  2.93919  3.85243  2.58178  2.24729  2.66839  2.91306  3.42112  5.51362  4.14033    207 e - - -
          2.68618  4.42225  2.77519  2.73123  3.46354  2.40513  3.72494  3.29354  2.67741  2.69355  4.24690  2.90347  2.73739  3.18146  2.89801  2.37887  2.77519  2.98518  4.58477  3.61503
          0.02017  4.30924  5.03158  0.61958  0.77255  0.48576  0.95510
     73   3.61638  4.90471  5.02811  4.59319  1.05354  4.66385  4.32383  2.64912  4.42695  1.39043  3.26592  4.59348  4.90532  4.44991  4.47110  4.05412  3.84563  2.77211  4.48465  2.90608    208 f - - -
          2.68618  4.42225  2.77519  2.73123  3.46354  2.40513  3.72494  3.29354  2.67741  2.69355  4.24690  2.90347  2.73739  3.18146  2.89801  2.37887  2.77519  2.98518  4.58477  3.61503
          0.02017  4.30924  5.03158  0.61958  0.77255  0.48576  0.95510
     74   2.72168  5.09478  2.17608  2.38983  4.39010  3.43885  3.68648  3.84417  2.45983  3.05905  4.16881  2.93221  2.11537  2.52590  2.79520  2.70316  2.95995  3.46460  5.56389  4.18212    209 p - - -
          2.68618  4.42225  2.77519  2.73123  3.46354  2.40513  3.72494  3.29354  2.67741  2.69355  4.24690  2.90347  2.73739  3.18146  2.89801  2.37887  2.77519  2.98518  4.58477  3.61503
          0.02017  4.30924  5.03158  0.61958  0.77255  0.48576  0.95510
     75   3.27183  4.59455  4.97592  4.48179  3.55928  4.56950  5.10254  1.97034  4.33105  1.52714  3.38996  4.67726  4.87821  4.56971  4.49088  3.96538  3.53694  0.96221  5.54256  4.35109    210 v - - -
          2.68618  4.42225  2.77519  2.73123  3.46354  2.40513  3.72494  3.29354  2.67741  2.69355  4.24690  2.90347  2.73739  3.18146  2.89801  2.37887  2.77519  2.98518  4.58477  3.61503
          0.02017  4.30924  5.03158  0.61958  0.77255  0.48576  0.95510
     76   3.43944  5.09877  4.09599  4.01264  4.93516  3.76285  5.03286  4.62118  4.11302  4.18723  5.26968  4.26583  0.30869  4.48640  4.28845  3.62519  3.91806  4.21091  5.97559  5.06833    211 P - - -
          2.68618  4.42225  2.77519  2.73123  3.46354  2.40513  3.72494  3.29354  2.67741  2.69355  4.24690  2.90347  2.73739  3.18146  2.89801  2.37887  2.77519  2.98518  4.58477  3.61503
          0.02017  4.30924  5.03158  0.61958  0.77255  0.48576  0.95510
     77   2.37058  5.11940  1.84377  2.38634  4.47173  3.42042  3.69990  3.93181  2.47137  3.45527  4.23259  2.92811  3.26185  2.82214  2.17060  2.69978  2.97081  3.52845  5.62145  4.23159    212 d - - -
          2.68618  4.42225  2.77519  2.73123  3.46354  2.40513  3.72494  3.29354  2.67741  2.69355  4.24690  2.90347  2.73739  3.18146  2.89801  2.37887  2.77519  2.98518  4.58477  3.61503
          0.02017  4.30924  5.03158  0.61958  0.77255  0.48576  0.95510
     78   2.41996  4.80317  2.41623  2.60750  4.57606  1.59212  3.98710  4.03500  2.89569  3.61827  4.42107  3.07736  3.89328  3.15806  3.37367  1.83144  3.01155  3.55275  5.81612  4.46537    213 g - - -
          2.68590  4.42172  2.77522  2.73126  3.46356  2.40515  3.72497  3.29357  2.67743  2.69357  4.24692  2.90349  2.73742  3.18149  2.89803  2.37889  2.77522  2.98521  4.58479  3.61506
          0.10888  2.33685  5.03158  0.54721  0.86408  0.48576  0.95510
     79   2.81311  0.77883  2.72772  3.51359  4.22237  3.47916  4.52555  3.50170  3.61684  3.36136  4.32342  3.75592  4.15732  3.90335  3.89352  3.02287  3.24189  3.18343  5.60413  4.41080    216 c - - -
          2.68618  4.42225  2.77519  2.73123  3.46354  2.40513  3.72494  3.29354  2.67741  2.69355  4.24690  2.90347  2.73739  3.18146  2.89801  2.37887  2.77519  2.98518  4.58477  3.61503
          0.02017  4.30924  5.03158  0.61958  0.77255  0.48576  0.95510
     80   2.73550  5.57598  0.94439  2.28186  4.97597  3.35718  3.96686  4.50074  3.01700  4.01951  4.87677  2.38189  4.00385  3.14117  3.62284  2.97745  3.39139  4.05077  6.17845  4.66582    217 d - - -
          2.68618  4.42225  2.77519  2.73123  3.46354  2.40513  3.72494  3.29354  2.67741  2.69355  4.24690  2.90347  2.73739  3.18146  2.89801  2.37887  2.77519  2.98518  4.58477  3.61503
          0.02017  4.30924  5.03158  0.61958  0.77255  0.48576  0.95510
     81   1.16014  4.33746  3.75218  3.27837  3.86317  2.98089  4.20018  3.00173  3.21635  2.54565  3.81084  3.52899  3.98770  3.52590  3.52931  2.76313  2.91220  2.41023  5.32734  4.10401    218 a - - -
          2.68618  4.42225  2.77519  2.73123  3.46354  2.40513  3.72494  3.29354  2.67741  2.69355  4.24690  2.90347  2.73739  3.18146  2.89801  2.37887  2.77519  2.98518  4.58477  3.61503
          0.02017  4.30924  5.03158  0.61958  0.77255  0.48576  0.95510
     82   2.25898  4.80383  3.06715  2.59461  4.33714  2.04821  3.80809  3.76645  1.89535  3.34846  4.14863  3.07270  3.87479  2.95722  3.00913  2.41799  2.70167  3.36535  5.55449  4.22697    219 k - - -
          2.68618  4.42225  2.77519  2.73123  3.46354  2.40513  3.72494  3.29354  2.67741  2.69355  4.24690  2.90347  2.73739  3.18146  2.89801  2.37887  2.77519  2.98518  4.58477  3.61503
          0.02017  4.30924  5.03158  0.61958  0.77255  0.48576  0.95510
     83   0.92407  4.72833  2.41455  2.79111  4.49431  3.30135  4.16162  3.82862  3.13842  3.56007  4.43469  3.22114  3.96785  3.38252  3.57525  2.78933  3.09421  3.41409  5.81279  4.50451    220 a - - -
          2.68618  4.42225  2.77519  2.73123  3.46354  2.40513  3.72494  3.29354  2.67741  2.69355  4.24690  2.90347  2.73739  3.18146  2.89801  2.37887  2.77519  2.98518  4.58477  3.61503
          0.02017  4.30924  5.03158  0.61958  0.77255  0.48576  0.95510
     84   3.31926  4.57667  5.20677  4.73221  3.78702  4.77490  5.43714  0.89895  4.63176  2.23657  3.56040  4.91372  5.05276  4.88177  4.80339  4.19198  3.58617  1.32107  5.83858  4.63568    221 i - - -
          2.68618  4.42225  2.77519  2.73123  3.46354  2.40513  3.72494  3.29354  2.67741  2.69355  4.24690  2.90347  2.73739  3.18146  2.89801  2.37887  2.77519  2.98518  4.58477  3.61503
          0.02017  4.30924  5.03158  0.61958  0.77255  0.48576  0.95510
     85   2.87469  5.18238  3.21582  2.60606  4.55018  3.60625  2.52871  3.95781  1.92361  3.43956  4.24222  3.09633  3.97977  2.55170  1.75007  2.85837  2.57216  3.59197  5.54873  4.26145    222 r - - -
          2.68618  4.42225  2.77519  2.73123  3.46354  2.40513  3.72494  3.29354  2.67741  2.69355  4.24690  2.90347  2.73739  3.18146  2.89801  2.37887  2.77519  2.98518  4.58477  3.61503
          0.02017  4.30924  5.03158  0.61958  0.77255  0.48576  0.95510
     86   1.10940  4.33945  4.12350  3.73608  3.99410  3.45007  4.57913  2.67049  3.66264  2.84678  3.91081  3.82537  4.12377  3.95198  3.90692  2.88551  3.02748  1.68252  5.58388  4.37742    223 a - - -
          2.68618  4.42225  2.77519  2.73123  3.46354  2.40513  3.72494  3.29354  2.67741  2.69355  4.24690  2.90347  2.73739  3.18146  2.89801  2.37887  2.77519  2.98518  4.58477  3.61503
          0.02017  4.30924  5.03158  0.61958  0.77255  0.48576  0.95510
     87   2.84671  4.97492  3.29077  2.68857  4.26464  3.62026  3.71758  3.64081  2.17746  3.21491  4.05737  3.15971  3.99842  2.12936  1.82316  2.88227  3.05612  2.27156  5.41225  4.14689    224 r - - -
          2.68618  4.42225  2.77519  2.73123  3.46354  2.40513  3.72494  3.29354  2.67741  2.69355  4.24690  2.90347  2.73739  3.18146  2.89801  2.37887  2.77519  2.98518  4.58477  3.61503
          0.02017  4.30924  5.03158  0.61958  0.77255  0.48576  0.95510
     88   3.45233  4.75487  5.15129  4.57652  1.84590  4.68690  4.85845  2.41288  4.43076  1.09689  1.90194  4.74473  4.85159  4.43807  4.46790  4.03092  3.66371  2.59857  5.07232  3.89818    225 l - - -
          2.68618  4.42225  2.77519  2.73123  3.46354  2.40513  3.72494  3.29354  2.67741  2.69355  4.24690  2.90347  2.73739  3.18146  2.89801  2.37887  2.77519  2.98518  4.58477  3.61503
          0.02017  4.30924  5.03158  0.61958  0.77255  0.48576  0.95510
     89   2.71911  5.57035  1.08711  2.08684  4.84897  3.38725  3.13685  4.36438  2.83098  3.86182  4.68840  2.84681  3.97341  3.02413  3.40140  2.92357  3.29750  3.94250  6.02180  4.53598    226 d - - -
          2.68628  4.42235  2.77529  2.73076  3.46364  2.40523  3.72504  3.29364  2.67751  2.69365  4.24700  2.90289  2.73749  3.18156  2.89788  2.37883  2.77529  2.98528  4.58487  3.61513
          0.30248  1.36849  5.03158  0.67617  0.71041  0.48576  0.95510
     90   2.86971  5.42464  2.09407  1.73628  4.74382  3.40206  3.75427  4.24481  1.94172  3.71637  4.49339  2.14090  3.90956  2.87938  3.11641  2.79356  3.12099  3.80541  5.85231  4.40079    229 e - - -
          2.68618  4.42225  2.77519  2.73123  3.46354  2.40513  3.72494  3.29354  2.67741  2.69355  4.24690  2.90347  2.73739  3.18146  2.89801  2.37887  2.77519  2.98518  4.58477  3.61503
          0.02017  4.30924  5.03158  0.61958  0.77255  0.48576  0.95510
     91   1.73068  4.54367  3.35143  2.95976  4.36595  1.46242  4.08912  3.77561  2.90546  3.41848  4.24808  3.30351  3.90488  3.29708  2.63557  2.66897  2.93884  3.33003  5.64961  4.39208    230 g - - -
          2.68618  4.42225  2.77519  2.73123  3.46354  2.40513  3.72494  3.29354  2.67741  2.69355  4.24690  2.90347  2.73739  3.18146  2.89801  2.37887  2.77519  2.98518  4.58477  3.61503
          0.02017  4.30924  5.03158  0.61958  0.77255  0.48576  0.95510
     92   3.26061  4.57647  4.98531  4.42786  3.37031  4.56213  4.94997  2.09084  4.29218  1.37906  2.49836  4.62522  4.80578  4.44054  4.41197  3.91103  3.49592  1.21150  5.34018  4.22814    231 v - - -
          2.68618  4.42225  2.77519  2.73123  3.46354  2.40513  3.72494  3.29354  2.67741  2.69355  4.24690  2.90347  2.73739  3.18146  2.89801  2.37887  2.77519  2.98518  4.58477  3.61503
          0.02017  4.30924  5.03158  0.61958  0.77255  0.48576  0.95510
     93   3.39039  4.68141  5.15515  4.58664  2.80997  4.69712  5.01555  2.01188  4.46063  0.89380  3.03974  4.77519  4.87949  4.51227  4.52707  4.04837  3.61278  1.82995  5.27859  4.19234    232 l - - -
          2.68618  4.42225  2.77519  2.73123  3.46354  2.40513  3.72494  3.29354  2.67741  2.69355  4.24690  2.90347  2.73739  3.18146  2.89801  2.37887  2.77519  2.98518  4.58477  3.61503
          0.02017  4.30924  5.03158  0.61958  0.77255  0.48576  0.95510
     94   3.02682  4.92171  3.55871  2.99149  3.15287  3.80665  2.94023  3.54628  2.55277  3.09177  4.03140  3.38831  4.18017  3.13401  1.91294  3.09812  3.23756  3.29751  4.66747  1.57568    233 y - - -
          2.68618  4.42225  2.77519  2.73123  3.46354  2.40513  3.72494  3.29354  2.67741  2.69355  4.24690  2.90347  2.73739  3.18146  2.89801  2.37887  2.77519  2.98518  4.58477  3.61503
          0.02017  4.30924  5.03158  0.61958  0.77255  0.48576  0.95510
     95   3.29649  4.55845  5.17919  4.70422  3.82323  4.74851  5.41998  1.41109  4.60713  2.29614  3.59999  4.88515  5.03780  4.86956  4.78755  4.16309  3.56509  0.83341  5.85199  4.63594    234 v - - -
          2.68618  4.42225  2.77519  2.73123  3.46354  2.40513  3.72494  3.29354  2.67741  2.69355  4.24690  2.90347  2.73739  3.18146  2.89801  2.37887  2.77519  2.98518  4.58477  3.61503
          0.02017  4.30924  5.03158  0.61958  0.77255  0.48576  0.95510
     96   2.70756  4.52949  3.42514  2.89914  3.71582  3.60912  3.91020  2.13098  2.79142  2.69403  3.64213  3.32832  4.02637  2.28448  3.14619  2.88586  1.94744  2.70827  5.15482  3.90264    235 t - - -
          2.68618  4.42225  2.77519  2.73123  3.46354  2.40513  3.72494  3.29354  2.67741  2.69355  4.24690  2.90347  2.73739  3.18146  2.89801  2.37887  2.77519  2.98518  4.58477  3.61503
          0.02017  4.30924  5.03158  0.61958  0.77255  0.48576  0.95510
     97   3.31558  4.63692  5.01433  4.44466  3.25952  4.58622  4.93027  2.21446  4.30343  1.19311  1.88190  4.64784  4.80360  4.40870  4.40043  3.93027  3.54245  1.65839  5.26939  4.19415    236 l - - -
          2.68618  4.42225  2.77519  2.73123  3.46354  2.40513  3.72494  3.29354  2.67741  2.69355  4.24690  2.90347  2.73739  3.18146  2.89801  2.37887  2.77519  2.98518  4.58477  3.61503
          0.02017  4.30924  5.03158  0.61958  0.77255  0.48576  0.95510
     98   3.43944  5.09877  4.09599  4.01264  4.93516  3.76285  5.03286  4.62118  4.11302  4.18723  5.26968  4.26583  0.30869  4.48640  4.28845  3.62519  3.91806  4.21091  5.97559  5.06833    237 P - - -
          2.68618  4.42225  2.77519  2.73123  3.46354  2.40513  3.72494  3.29354  2.67741  2.69355  4.24690  2.90347  2.73739  3.18146  2.89801  2.37887  2.77519  2.98518  4.58477  3.61503
          0.02017  4.30924  5.03158  0.61958  0.77255  0.48576  0.95510
     99   2.58595  5.11102  3.07590  2.52282  4.45665  2.31376  3.29268  3.88277  1.67865  3.39369  4.18773  3.03278  3.92649  2.79549  2.30845  2.77672  3.00815  3.51078  5.53646  4.21302    238 k - - -
          2.68618  4.42225  2.77519  2.73123  3.46354  2.40513  3.72494  3.29354  2.67741  2.69355  4.24690  2.90347  2.73739  3.18146  2.89801  2.37887  2.77519  2.98518  4.58477  3.61503
          0.02017  4.30924  5.03158  0.61958  0.77255  0.48576  0.95510
    100   2.62763  4.45683  3.40665  2.86018  3.67444  2.41381  3.86399  3.01897  2.80115  2.45781  3.61632  3.28279  2.75252  3.13940  2.94367  2.80318  2.88416  2.06925  5.08670  3.83615    239 v - - -
          2.68694  4.42301  2.77476  2.73085  3.46430  2.40589  3.72416  3.29430  2.67708  2.69431  4.24766  2.90355  2.73816  3.18182  2.89809  2.37562  2.77595  2.98521  4.58553  3.61579
          0.59169  1.29300  1.75931  2.43082  0.09208  0.48576  0.95510
    101   2.72766  5.01524  2.86508  2.43554  4.36919  3.42050  3.66627  3.80149  2.16965  3.34003  4.14761  2.95239  3.29398  1.73227  2.73365  2.40249  2.96977  3.43319  5.50939  4.17235    260 q - - -
          2.68618  4.42225  2.77519  2.73123  3.46354  2.40513  3.72494  3.29354  2.67741  2.69355  4.24690  2.90347  2.73739  3.18146  2.89801  2.37887  2.77519  2.98518  4.58477  3.61503
          0.02423  4.12815  4.85050  0.61958  0.77255  0.69609  0.69021
    102   3.12793  4.83425  3.76393  3.64536  4.60609  3.50768  4.69515  4.22589  3.72629  3.82127  4.88699  3.92278  0.46509  4.10695  3.93615  3.30508  3.59094  3.84048  5.71430  4.73260    261 P - - -
          2.68618  4.42225  2.77519  2.73123  3.46354  2.40513  3.72494  3.29354  2.67741  2.69355  4.24690  2.90347  2.73739  3.18146  2.89801  2.37887  2.77519  2.98518  4.58477  3.61503
          0.02423  4.12815  4.85050  0.61958  0.77255  0.69609  0.69021
    103   2.41679  5.14271  2.63980  1.82606  4.46861  3.38058  3.69618  3.90919  2.45515  3.44513  4.25915  2.88230  3.86725  1.84157  2.89552  2.74895  3.02996  3.53221  5.62228  4.24411    262 e - - -
          2.68618  4.42225  2.77519  2.73123  3.46354  2.40513  3.72494  3.29354  2.67741  2.69355  4.24690  2.90347  2.73739  3.18146  2.89801  2.37887  2.77519  2.98518  4.58477  3.61503
          0.02423  4.12815  4.85050  0.61958  0.77255  0.69609  0.69021
    104   2.72257  5.06538  2.66077  2.10083  4.40252  2.20524  3.69044  3.85301  2.48925  3.39790  4.20069  2.87790  2.72322  2.36219  2.95822  2.70307  2.97790  3.47173  5.58470  4.20449    263 e - - -
          2.68618  4.42225  2.77519  2.73123  3.46354  2.40513  3.72494  3.29354  2.67741  2.69355  4.24690  2.90347  2.73739  3.18146  2.89801  2.37887  2.77519  2.98518  4.58477  3.61503
          0.02423  4.12815  4.85050  0.61958  0.77255  0.69609  0.69021
    105   2.71888  4.87376  2.84288  1.70013  4.11583  3.43470  3.72106  3.44854  2.51076  3.10720  3.97610  2.98331  3.88664  2.61029  2.93448  2.75276  2.96352  2.28812  5.40064  4.06977    264 e - - -
          2.68621  4.42228  2.77522  2.73107  3.46357  2.40516  3.72497  3.29357  2.67744  2.69333  4.24692  2.90349  2.73742  3.18149  2.89803  2.37890  2.77522  2.98521  4.58480  3.61506
          0.21599  1.67968  4.85050  0.25964  1.47548  0.69609  0.69021
    106   1.48010  4.31673  3.44143  3.15820  4.30722  3.09360  4.25433  3.63547  3.20573  3.37012  4.25275  3.37349  1.55921  3.52332  3.52310  2.55650  2.84977  3.17620  5.66162  4.44279    266 a - - -
          2.68618  4.42225  2.77519  2.73123  3.46354  2.40513  3.72494  3.29354  2.67741  2.69355  4.24690  2.90347  2.73739  3.18146  2.89801  2.37887  2.77519  2.98518  4.58477  3.61503
          0.02423  4.12815  4.85050  0.61958  0.77255  0.69609  0.69021
    107   1.90636  4.45641  3.29343  2.77777  3.76800  3.42749  3.82977  3.05612  2.40173  2.80446  3.68652  3.20130  3.26902  3.07468  3.09173  2.71794  2.84522  2.12542  5.15590  3.89712    267 a - - -
          2.68618  4.42225  2.77519  2.73123  3.46354  2.40513  3.72494  3.29354  2.67741  2.69355  4.24690  2.90347  2.73739  3.18146  2.89801  2.37887  2.77519  2.98518  4.58477  3.61503
          0.02423  4.12815  4.85050  0.61958  0.77255  0.69609  0.69021
    108   2.32791  4.22603  3.83748  3.28804  3.39083  3.64353  4.06059  2.49803  3.19804  2.33816  2.21063  3.58595  3.34118  3.48044  3.47231  2.94760  2.89380  1.84061  4.93336  3.72915    268 v - - -
          2.68618  4.42225  2.77519  2.73123  3.46354  2.40513  3.72494  3.29354  2.67741  2.69355  4.24690  2.90347  2.73739  3.18146  2.89801  2.37887  2.77519  2.98518  4.58477  3.61503
          0.02423  4.12815  4.85050  0.61958  0.77255  0.69609  0.69021
    109   0.69992  4.34015  3.74185  3.55429  4.32625  3.15616  4.54328  3.49152  3.57771  3.36057  4.37036  3.63296  3.92035  3.89643  3.80490  2.69141  2.98696  3.10059  5.72715  4.55893    269 a - - -
          2.68618  4.42225  2.77519  2.73123  3.46354  2.40513  3.72494  3.29354  2.67741  2.69355  4.24690  2.90347  2.73739  3.18146  2.89801  2.37887  2.77519  2.98518  4.58477  3.61503
          0.19107  4.12815  1.84634  0.61958  0.77255  0.69609  0.69021
    110   2.57084  4.66899  2.84681  2.52712  4.22783  2.44251  3.77801  3.65075  2.26960  3.25907  4.09695  2.99089  2.05329  2.96036  2.94750  2.63740  2.89669  3.26582  5.46740  4.16728    270 p - - -
          2.68618  4.42225  2.77519  2.73123  3.46354  2.40513  3.72494  3.29354  2.67741  2.69355  4.24690  2.90347  2.73739  3.18146  2.89801  2.37887  2.77519  2.98518  4.58477  3.61503
          0.02857  3.96565  4.68799  0.61958  0.77255  0.83002  0.57277
    111   2.63804  4.31902  3.74062  3.25179  3.45017  3.56116  4.11387  2.51848  3.10235  2.22069  2.00600  3.55571  4.05219  3.46097  3.38080  2.91746  2.10135  2.37766  5.08070  3.86527    271 m - - -
          2.68618  4.42225  2.77519  2.73123  3.46354  2.40513  3.72494  3.29354  2.67741  2.69355  4.24690  2.90347  2.73739  3.18146  2.89801  2.37887  2.77519  2.98518  4.58477  3.61503
          0.02857  3.96565  4.68799  0.61958  0.77255  0.41080  1.08803
    112   1.24292  4.63741  3.02452  2.70958  4.28741  2.75419  3.95807  3.70753  2.82474  3.33968  4.17275  2.80190  3.87963  2.82757  3.23460  2.68021  2.94406  3.30314  5.58158  4.28383    272 a - - -
          2.68561  4.42291  2.77419  2.73164  3.46420  2.40464  3.72491  3.29420  2.67758  2.69396  4.24756  2.90413  2.73697  3.17930  2.89837  2.37953  2.77532  2.98485  4.58543  3.61569
          0.35697  1.22679  4.96537  2.30058  0.10558  0.43514  1.04178
    113   1.64287  4.33776  3.66905  3.30133  4.52717  1.90906  4.36630  3.96083  3.33377  3.62029  4.41936  3.46091  3.84732  3.61220  3.67492  1.44909  2.53462  3.37729  5.84546  4.63207    306 s - - -
          2.68618  4.42225  2.77519  2.73123  3.46354  2.40513  3.72494  3.29354  2.67741  2.69355  4.24690  2.90347  2.73739  3.18146  2.89801  2.37887  2.77519  2.98518  4.58477  3.61503
          0.05371  4.30924  3.24803  0.61958  0.77255  0.48576  0.95510
    114   1.26003  4.33908  3.58995  3.23315  4.43669  3.11511  4.30819  3.85237  3.26709  3.52606  4.34173  3.42384  2.92009  3.55773  3.60824  1.53811  2.85028  3.31462  5.76721  4.54525    307 a - - -
          2.68618  4.42225  2.77519  2.73123  3.46354  2.40513  3.72494  3.29354  2.67741  2.69355  4.24690  2.90347  2.73739  3.18146  2.89801  2.37887  2.77519  2.98518  4.58477  3.61503
          0.02086  4.27638  4.99873  0.61958  0.77255  0.53043  0.88759
    115   1.10067  4.27875  3.75681  3.42229  4.45645  3.08489  4.42872  3.82594  3.43156  3.54890  4.37415  3.51245  3.84229  3.70999  3.73019  1.60366  2.50937  3.27973  5.81021  4.61633    308 a - - -
          2.68618  4.42225  2.77519  2.73123  3.46354  2.40513  3.72494  3.29354  2.67741  2.69355  4.24690  2.90347  2.73739  3.18146  2.89801  2.37887  2.77519  2.98518  4.58477  3.61503
          0.02086  4.27638  4.99873  0.61958  0.77255  0.53043  0.88759
    116   2.12865  4.87022  2.98021  2.38476  4.23298  2.82268  3.70568  3.66575  2.35178  3.24461  4.04177  2.98847  3.18998  2.84584  2.96349  2.04864  2.70564  3.29863  5.46024  4.11177    309 s - - -
          2.68618  4.42225  2.77519  2.73123  3.46354  2.40513  3.72494  3.29354  2.67741  2.69355  4.24690  2.90347  2.73739  3.18146  2.89801  2.37887  2.77519  2.98518  4.58477  3.61503
          0.02086  4.27638  4.99873  0.61958  0.77255  0.53043  0.88759
    117   1.99636  4.66588  3.14919  2.64588  4.09771  2.28609  3.81119  3.49326  2.63879  3.13141  3.96006  3.10951  3.87173  2.25397  3.06931  2.66920  2.67476  2.82002  5.39489  4.09158    310 a - - -
          2.68618  4.42225  2.77519  2.73123  3.46354  2.40513  3.72494  3.29354  2.67741  2.69355  4.24690  2.90347  2.73739  3.18146  2.89801  2.37887  2.77519  2.98518  4.58477  3.61503
          0.02086  4.27638  4.99873  0.61958  0.77255  0.53043  0.88759
    118   2.66410  4.80844  2.03503  2.51811  4.03258  2.21855  3.73181  3.48437  2.57144  3.10562  3.93779  3.02831  3.88448  2.90549  3.02893  2.71206  2.91364  2.86635  3.86344  3.99362    311 d - - -
          2.68618  4.42225  2.77519  2.73123  3.46354  2.40513  3.72494  3.29354  2.67741  2.69355  4.24690  2.90347  2.73739  3.18146  2.89801  2.37887  2.77519  2.98518  4.58477  3.61503
          0.11460  4.27638  2.36034  0.61958  0.77255  0.53043  0.88759
    119   2.75335  4.64000  3.30640  2.83830  3.36467  1.58905  2.95867  3.30069  2.73965  2.92864  3.83296  3.26238  4.00438  3.13463  3.09176  2.87338  3.01391  3.03510  3.47652  3.37418    312 g - - -
          2.68618  4.42225  2.77519  2.73123  3.46354  2.40513  3.72494  3.29354  2.67741  2.69355  4.24690  2.90347  2.73739  3.18146  2.89801  2.37887  2.77519  2.98518  4.58477  3.61503
          0.02288  4.18466  4.90700  0.61958  0.77255  0.40067  1.10828
    120   2.99317  5.00711  2.50387  2.90229  4.89029  0.66449  4.39980  4.45630  3.47220  4.06188  4.95110  3.36270  4.12909  3.65379  3.91443  3.06636  3.42618  3.94864  6.05442  4.83796    313 G - - -
          2.68618  4.42225  2.77519  2.73123  3.46354  2.40513  3.72494  3.29354  2.67741  2.69355  4.24690  2.90347  2.73739  3.18146  2.89801  2.37887  2.77519  2.98518  4.58477  3.61503
          0.33737  4.30924  1.29861  0.61958  0.77255  0.48576  0.95510
    121   2.89521  5.36371  1.56189  2.14831  4.68507  3.22106  3.78049  4.23980  2.78477  3.76398  4.61681  1.68337  3.84229  2.95366  3.35624  2.80803  3.19717  3.81339  5.89346  4.40763    314 d - - -
          2.68624  4.42231  2.77525  2.73129  3.46360  2.40518  3.72500  3.29360  2.67746  2.69306  4.24695  2.90352  2.73745  3.18152  2.89767  2.37893  2.77525  2.98524  4.58483  3.61509
          0.64755  0.89807  2.66908  0.16432  1.88696  0.71807  0.66883
    122   2.82806  4.90464  1.87853  2.48712  3.36853  3.42828  3.69277  3.53914  2.75883  3.12486  4.06014  2.99655  3.93250  3.03177  3.21217  2.84816  3.09062  3.25906  4.87513  1.93392    316 d - - -
          2.68618  4.42225  2.77519  2.73123  3.46354  2.40513  3.72494  3.29354  2.67741  2.69355  4.24690  2.90347  2.73739  3.18146  2.89801  2.37887  2.77519  2.98518  4.58477  3.61503
          0.02778  3.99311  4.71545  0.61958  0.77255  0.81005  0.58849
    123   2.78219  4.50497  3.63679  3.06559  3.58758  3.67353  3.91079  1.81405  2.60863  2.46382  3.54119  3.43703  4.07759  3.18953  2.01289  3.00443  3.02541  2.51892  5.08421  3.83778    317 i - - -
          2.68618  4.42225  2.77519  2.73123  3.46354  2.40513  3.72494  3.29354  2.67741  2.69355  4.24690  2.90347  2.73739  3.18146  2.89801  2.37887  2.77519  2.98518  4.58477  3.61503
          0.02778  3.99311  4.71545  0.61958  0.77255  0.67875  0.70775
    124   0.75867  4.30435  3.67789  3.48397  4.26345  3.12248  4.48068  3.41988  3.50571  3.29175  4.30523  3.57918  3.88121  3.82915  3.73908  2.65484  2.94641  3.03901  5.67024  4.49454    318 a - - -
          2.68618  4.42225  2.77519  2.73123  3.46354  2.40513  3.72494  3.29354  2.67741  2.69355  4.24690  2.90347  2.73739  3.18146  2.89801  2.37887  2.77519  2.98518  4.58477  3.61503
          0.02561  4.07357  4.79591  0.61958  0.77255  0.74560  0.64331
    125   1.67484  4.67727  2.98562  2.64017  4.17369  3.30798  3.83911  3.55431  2.59620  3.18959  4.07742  3.08592  3.86314  1.90956  2.95839  2.70101  2.94506  3.20988  5.46160  4.15904    319 a - - -
          2.68618  4.42225  2.77519  2.73123  3.46354  2.40513  3.72494  3.29354  2.67741  2.69355  4.24690  2.90347  2.73739  3.18146  2.89801  2.37887  2.77519  2.98518  4.58477  3.61503
          0.02561  4.07357  4.79591  0.61958  0.77255  0.74560  0.64331
    126   2.72808  5.11127  2.73671  1.77837  4.43686  2.71189  3.62955  3.88472  2.33201  3.39769  4.19080  2.87867  3.83571  2.42807  2.41309  2.69760  2.96243  3.49942  5.55147  4.18496    320 e - - -
          2.68618  4.42225  2.77519  2.73123  3.46354  2.40513  3.72494  3.29354  2.67741  2.69355  4.24690  2.90347  2.73739  3.18146  2.89801  2.37887  2.77519  2.98518  4.58477  3.61503
          0.02561  4.07357  4.79591  0.61958  0.77255  0.74560  0.64331
    127   2.26950  4.96666  1.66395  2.33008  4.55462  2.07549  3.83082  4.01008  2.77771  3.58817  4.41181  2.85988  3.82483  2.99959  3.29909  2.69740  3.03272  3.56857  5.78180  4.37997    321 d - - -
          2.68618  4.42225  2.77519  2.73123  3.46354  2.40513  3.72494  3.29354  2.67741  2.69355  4.24690  2.90347  2.73739  3.18146  2.89801  2.37887  2.77519  2.98518  4.58477  3.61503
          0.02561  4.07357  4.79591  0.61958  0.77255  0.74560  0.64331
    128   2.76215  5.14182  2.80000  1.78880  4.46717  3.42560  3.30079  3.91512  2.26051  3.41150  4.20776  2.90592  3.85634  2.09596  2.43875  2.72886  2.98678  3.53247  5.54336  4.19296    322 e - - -
          2.68619  4.42227  2.77494  2.73125  3.46355  2.40514  3.72496  3.29356  2.67742  2.69356  4.24691  2.90348  2.73741  3.18148  2.89802  2.37888  2.77521  2.98520  4.58478  3.61505
          0.22961  2.12374  2.45838  0.34536  1.23088  0.42317  1.06411
    129   2.79119  5.21235  2.36790  1.41233  4.54891  3.35527  3.73728  4.01393  2.59679  3.54628  4.34553  2.85202  3.86930  2.87665  3.11227  2.44812  2.49322  3.61169  5.72487  4.30580    324 e - - -
          2.68618  4.42225  2.77519  2.73123  3.46354  2.40513  3.72494  3.29354  2.67741  2.69355  4.24690  2.90347  2.73739  3.18146  2.89801  2.37887  2.77519  2.98518  4.58477  3.61503
          0.06023  4.19786  3.13665  0.61958  0.77255  0.62462  0.76672
    130   2.61326  4.63759  2.62445  2.43941  3.82883  3.47738  3.70100  3.20365  2.55520  2.73848  2.53438  3.06059  3.86936  2.65951  2.98934  2.70209  2.84541  2.54873  5.17404  3.87823    325 e - - -
          2.68618  4.42225  2.77519  2.73123  3.46354  2.40513  3.72494  3.29354  2.67741  2.69355  4.24690  2.90347  2.73739  3.18146  2.89801  2.37887  2.77519  2.98518  4.58477  3.61503
          0.02343  4.16106  4.88340  0.61958  0.77255  0.66361  0.72359
    131   2.87130  5.35648  1.80797  2.22883  4.69102  1.86802  3.77285  4.18841  2.69312  3.69572  4.50752  2.51242  3.88052  2.54219  3.23972  2.79807  3.14604  3.76648  5.86123  4.40486    326 d - - -
          2.68618  4.42225  2.77519  2.73123  3.46354  2.40513  3.72494  3.29354  2.67741  2.69355  4.24690  2.90347  2.73739  3.18146  2.89801  2.37887  2.77519  2.98518  4.58477  3.61503
          0.02343  4.16106  4.88340  0.61958  0.77255  0.53231  0.88490
    132   2.82027  5.27491  2.54447  2.17119  4.61711  3.44321  3.68085  4.07769  1.49768  3.55427  4.33820  2.91149  3.89583  2.25829  2.78579  2.76922  3.05195  3.66885  5.67804  4.29778    327 k - - -
          2.68618  4.42225  2.77519  2.73123  3.46354  2.40513  3.72494  3.29354  2.67741  2.69355  4.24690  2.90347  2.73739  3.18146  2.89801  2.37887  2.77519  2.98518  4.58477  3.61503
          0.02187  4.22950  4.95184  0.61958  0.77255  0.51699  0.90712
    133   2.65852  4.73204  3.12686  2.45279  3.94387  3.50533  2.79624  2.40976  2.50025  2.97389  3.81381  3.07061  3.89441  2.45569  2.78930  2.72833  2.47185  3.04939  5.24826  3.94786    328 i - - -
          2.68618  4.42225  2.77519  2.73123  3.46354  2.40513  3.72494  3.29354  2.67741  2.69355  4.24690  2.90347  2.73739  3.18146  2.89801  2.37887  2.77519  2.98518  4.58477  3.61503
          0.02112  4.26390  4.98625  0.61958  0.77255  0.54652  0.86503
    134   2.48143  5.40003  1.82862  1.70842  4.71058  3.37871  3.75069  4.20758  2.61387  3.69251  4.47738  2.83794  3.89608  2.18017  3.14836  2.78585  3.11575  3.77669  5.84052  4.38727    329 e - - -
          2.68618  4.42225  2.77519  2.73123  3.46354  2.40513  3.72494  3.29354  2.67741  2.69355  4.24690  2.90347  2.73739  3.18146  2.89801  2.37887  2.77519  2.98518  4.58477  3.61503
          0.02112  4.26390  4.98625  0.61958  0.77255  0.54652  0.86503
    135   2.43761  5.06637  2.81354  1.79828  4.38636  3.42327  3.68927  3.82687  2.45794  3.37393  4.16560  2.93132  3.86570  2.25019  2.92344  2.70180  2.28051  3.44898  5.56076  4.18640    330 e - - -
          2.68618  4.42225  2.77519  2.73123  3.46354  2.40513  3.72494  3.29354  2.67741  2.69355  4.24690  2.90347  2.73739  3.18146  2.89801  2.37887  2.77519  2.98518  4.58477  3.61503
          0.02112  4.26390  4.98625  0.61958  0.77255  0.54652  0.86503
    136   2.76723  5.01650  3.03754  2.52171  4.29329  3.51493  3.68229  3.73102  1.82268  3.28165  4.09676  3.03039  2.10251  2.55589  2.70258  2.77405  2.99102  3.38936  5.45507  3.56906    331 k - - -
          2.68618  4.42225  2.77519  2.73123  3.46354  2.40513  3.72494  3.29354  2.67741  2.69355  4.24690  2.90347  2.73739  3.18146  2.89801  2.37887  2.77519  2.98518  4.58477  3.61503
          0.02112  4.26390  4.98625  0.61958  0.77255  0.54652  0.86503
    137   2.19158  5.03280  2.97336  1.94021  4.33514  3.46746  3.64807  3.76946  2.34479  3.05276  4.09757  2.96560  3.86587  2.54449  2.22420  2.69315  2.92719  3.40197  5.48544  4.13435    332 e - - -
          2.68618  4.42225  2.77519  2.73123  3.46354  2.40513  3.72494  3.29354  2.67741  2.69355  4.24690  2.90347  2.73739  3.18146  2.89801  2.37887  2.77519  2.98518  4.58477  3.61503
          0.02112  4.26390  4.98625  0.61958  0.77255  0.54652  0.86503
    138   2.91358  5.45080  2.18752  1.34048  4.76484  3.39159  3.77245  4.25876  1.96605  3.73797  4.53448  2.84983  3.92156  2.90714  3.12389  2.83174  3.16887  3.83083  5.87735  4.42980    333 e - - -
          2.68609  4.42226  2.77520  2.73124  3.46354  2.40513  3.72495  3.29354  2.67741  2.69355  4.24690  2.90347  2.73740  3.18147  2.89801  2.37887  2.77520  2.98519  4.58477  3.61504
          0.15486  3.03888  2.34787  0.46983  0.98112  0.54652  0.86503
    139   2.51789  4.73645  3.03029  2.35734  3.97827  3.47240  3.73291  3.30035  2.52695  2.98545  3.85012  3.05933  3.89745  2.04790  2.93387  2.74717  2.91734  2.16915  5.29199  3.99126    335 q - - -
          2.68618  4.42225  2.77519  2.73123  3.46354  2.40513  3.72494  3.29354  2.67741  2.69355  4.24690  2.90347  2.73739  3.18146  2.89801  2.37887  2.77519  2.98518  4.58477  3.61503
          0.02320  4.17097  4.89332  0.61958  0.77255  0.65339  0.73455
    140   2.82149  4.73786  3.08702  1.61243  3.89656  3.59680  3.93225  1.95895  2.78005  2.77294  3.80505  3.22313  4.05049  3.15074  3.17228  2.95020  3.07489  2.67122  5.36219  4.06115    336 e - - -
          2.68618  4.42225  2.77519  2.73123  3.46354  2.40513  3.72494  3.29354  2.67741  2.69355  4.24690  2.90347  2.73739  3.18146  2.89801  2.37887  2.77519  2.98518  4.58477  3.61503
          0.02320  4.17097  4.89332  0.61958  0.77255  0.65339  0.73455
    141   1.48961  4.45875  3.38603  2.90399  3.86676  3.41804  3.94090  3.02814  2.41661  2.86648  3.78093  3.29031  3.93399  3.18973  3.14275  2.75203  2.89672  2.29726  5.26840  4.01685    337 a - - -
          2.68618  4.42225  2.77519  2.73123  3.46354  2.40513  3.72494  3.29354  2.67741  2.69355  4.24690  2.90347  2.73739  3.18146  2.89801  2.37887  2.77519  2.98518  4.58477  3.61503
          0.02320  4.17097  4.89332  0.61958  0.77255  0.65339  0.73455
    142   2.66724  4.79384  3.07445  2.30468  4.02226  3.48065  3.67180  3.43358  2.40879  3.04615  3.87987  3.03215  3.87617  2.83784  2.21990  2.71667  2.16199  3.12902  5.28695  3.08727    338 t - - -
          2.68618  4.42225  2.77519  2.73123  3.46354  2.40513  3.72494  3.29354  2.67741  2.69355  4.24690  2.90347  2.73739  3.18146  2.89801  2.37887  2.77519  2.98518  4.58477  3.61503
          0.02320  4.17097  4.89332  0.61958  0.77255  0.55643  0.85156
    143   2.91835  5.43692  2.13794  1.93849  4.73663  3.36965  3.77521  4.23207  2.64214  3.72296  4.53218  2.83146  3.91389  1.45072  3.15676  2.83592  3.17820  3.81426  5.87218  4.42260    339 q - - -
          2.68618  4.42225  2.77519  2.73123  3.46354  2.40513  3.72494  3.29354  2.67741  2.69355  4.24690  2.90347  2.73739  3.18146  2.89801  2.37887  2.77519  2.98518  4.58477  3.61503
          0.02206  4.22061  4.94296  0.61958  0.77255  0.59896  0.79713
    144   2.81758  5.23954  1.76766  2.38186  4.57899  3.44306  3.68819  4.03738  2.13741  3.52779  4.31910  2.92240  3.89857  2.81244  1.97421  2.77356  3.05185  3.63781  5.65762  4.28415    340 d - - -
          2.68618  4.42225  2.77519  2.73123  3.46354  2.40513  3.72494  3.29354  2.67741  2.69355  4.24690  2.90347  2.73739  3.18146  2.89801  2.37887  2.77519  2.98518  4.58477  3.61503
          0.14733  4.22061  2.10127  0.61958  0.77255  0.59896  0.79713
    145   2.13287  4.30066  4.18507  3.79257  3.78259  3.64379  4.61573  2.16146  3.70314  2.51440  3.66554  3.93150  4.24146  4.01058  3.93622  3.07353  3.06989  1.07111  5.48989  4.26997    341 v - - -
          2.68618  4.42225  2.77519  2.73123  3.46354  2.40513  3.72494  3.29354  2.67741  2.69355  4.24690  2.90347  2.73739  3.18146  2.89801  2.37887  2.77519  2.98518  4.58477  3.61503
          0.02497  4.09826  4.82060  0.61958  0.77255  0.72385  0.66336
    146   2.68546  4.34670  3.76219  3.25200  3.51203  3.64835  4.12885  2.46811  3.15162  2.10890  3.45277  3.58180  2.27035  3.48181  3.45374  2.97741  2.97451  1.70391  5.10417  3.86881    342 v - - -
          2.68635  4.42242  2.77536  2.73140  3.46371  2.40511  3.72357  3.29371  2.67757  2.69372  4.24706  2.90363  2.73756  3.18163  2.89720  2.37896  2.77477  2.98502  4.58494  3.61520
          0.68473  1.08277  1.85076  1.04423  0.43381  0.54585  0.86595
    147   2.71335  4.97874  1.82242  2.31162  4.58962  1.67305  3.85275  4.07675  2.83220  3.64484  4.47699  2.84289  3.82386  3.03088  3.36063  2.50126  3.06262  3.62081  5.82470  4.41215    347 g - - -
          2.68618  4.42225  2.77519  2.73123  3.46354  2.40513  3.72494  3.29354  2.67741  2.69355  4.24690  2.90347  2.73739  3.18146  2.89801  2.37887  2.77519  2.98518  4.58477  3.61503
          0.02615  4.05292  4.77526  0.61958  0.77255  0.41410  1.08156
    148   2.95755  5.51524  1.69509  1.51561  4.83118  3.35993  3.82464  4.34176  2.76571  3.82893  4.63903  2.82345  3.93280  2.97101  3.33437  2.04244  3.23097  3.90472  5.98301  4.49992    348 e - - -
          2.68618  4.42225  2.77519  2.73123  3.46354  2.40513  3.72494  3.29354  2.67741  2.69355  4.24690  2.90347  2.73739  3.18146  2.89801  2.37887  2.77519  2.98518  4.58477  3.61503
          0.02112  4.26390  4.98625  0.61958  0.77255  0.54652  0.86503
    149   2.63625  4.38303  3.47454  2.60704  3.54554  3.60157  3.87152  2.56989  2.86958  2.45957  3.49774  3.33095  3.98997  3.18280  3.23315  2.26072  2.49634  2.01707  4.99045  3.74993    349 v - - -
          2.68604  4.42227  2.77521  2.73125  3.46356  2.40503  3.72496  3.29356  2.67743  2.69357  4.24692  2.90349  2.73741  3.18148  2.89803  2.37889  2.77521  2.98520  4.58479  3.61505
          0.35376  2.69872  1.46679  0.64997  0.73828  0.54652  0.86503
    150   1.85526  4.64403  2.80127  2.16452  4.21430  2.37730  3.79592  3.62970  2.66933  3.25248  4.07968  2.96749  3.78050  2.97787  3.11500  2.39100  2.86352  3.23726  5.49274  4.16983    352 a - - -
          2.68618  4.42225  2.77519  2.73123  3.46354  2.40513  3.72494  3.29354  2.67741  2.69355  4.24690  2.90347  2.73739  3.18146  2.89801  2.37887  2.77519  2.98518  4.58477  3.61503
          0.02729  4.01051  4.73286  0.61958  0.77255  0.39718  1.11539
    151   2.81219  5.29358  1.63964  2.20983  4.62449  3.42555  3.69803  4.09777  2.05505  3.57974  4.35791  2.89171  3.89039  2.81834  2.40492  2.75732  3.05060  3.68073  5.71328  4.30933    353 d - - -
          2.68618  4.42225  2.77519  2.73123  3.46354  2.40513  3.72494  3.29354  2.67741  2.69355  4.24690  2.90347  2.73739  3.18146  2.89801  2.37887  2.77519  2.98518  4.58477  3.61503
          0.02112  4.26390  4.98625  0.61958  0.77255  0.54652  0.86503
    152   2.85168  5.34114  1.42299  2.16655  4.63694  3.39993  2.84682  4.12964  2.56351  3.62586  4.41699  2.86494  3.90163  2.87238  2.68460  2.78800  3.10081  3.71697  5.77271  4.34274    354 d - - -
          2.68618  4.42225  2.77519  2.73123  3.46354  2.40513  3.72494  3.29354  2.67741  2.69355  4.24690  2.90347  2.73739  3.18146  2.89801  2.37887  2.77519  2.98518  4.58477  3.61503
          0.02112  4.26390  4.98625  0.61958  0.77255  0.54652  0.86503
    153   2.13375  5.05363  2.53392  2.26143  4.37497  2.28489  3.66946  3.82931  2.45383  3.36747  4.14722  2.91398  3.37343  2.79350  2.66930  2.66488  2.92341  3.44100  5.54977  4.16573    355 a - - -
          2.68618  4.42225  2.77519  2.73123  3.46354  2.40513  3.72494  3.29354  2.67741  2.69355  4.24690  2.90347  2.73739  3.18146  2.89801  2.37887  2.77519  2.98518  4.58477  3.61503
          0.23713  4.26390  1.62433  0.61958  0.77255  0.54652  0.86503
    154   2.11437  4.83567  2.78544  2.43905  4.14594  3.33451  2.78633  3.64789  2.51600  3.23991  4.07140  1.99868  3.83362  2.88636  2.94288  2.68404  2.93152  3.29286  5.41466  4.05072    356 n - - -
          2.68618  4.42225  2.77519  2.73123  3.46354  2.40513  3.72494  3.29354  2.67741  2.69355  4.24690  2.90347  2.73739  3.18146  2.89801  2.37887  2.77519  2.98518  4.58477  3.61503
          0.02615  4.05292  4.77526  0.61958  0.77255  0.76305  0.62781
    155   1.93699  4.25810  3.34891  3.18773  4.44565  1.07754  4.33968  3.82561  3.35216  3.56282  4.42602  3.35819  3.76151  3.63181  3.64442  2.50062  2.82940  3.27495  5.76718  4.57480    357 g - - -
          2.68606  4.42254  2.77548  2.73152  3.46264  2.40534  3.72341  3.29365  2.67770  2.69329  4.24719  2.90363  2.73768  3.18175  2.89724  2.37916  2.77537  2.98533  4.58008  3.61532
          0.52714  0.91311  4.77526  1.42040  0.27657  0.41410  1.08156
    156   3.22673  4.94464  3.97882  3.93600  5.03579  0.31927  5.01355  4.74922  4.16933  4.34623  5.33792  4.14516  4.34614  4.46322  4.34489  3.41256  3.73770  4.20143  6.00895  5.15711    363 G - - -
          2.68618  4.42225  2.77519  2.73123  3.46354  2.40513  3.72494  3.29354  2.67741  2.69355  4.24690  2.90347  2.73739  3.18146  2.89801  2.37887  2.77519  2.98518  4.58477  3.61503
          0.02112  4.26390  4.98625  0.61958  0.77255  0.54652  0.86503
    157   2.08869  4.28616  3.77398  3.39757  4.07235  1.48099  4.34180  3.17578  3.38391  3.09835  4.01431  3.55282  3.92758  3.66936  3.67473  2.66388  2.88357  1.78701  5.52046  4.31249    364 g - - -
          2.68623  4.42230  2.77524  2.73128  3.46358  2.40506  3.72470  3.29359  2.67745  2.69345  4.24694  2.90351  2.73744  3.18151  2.89793  2.37891  2.77513  2.98510  4.58482  3.61508
          0.48213  2.00873  1.39283  0.66472  0.72241  0.54652  0.86503
    158   1.38267  4.15319  3.43604  3.15545  4.24692  2.94273  4.21700  3.59554  3.20075  3.34392  4.19556  3.30436  3.69123  3.49752  3.50395  1.57087  2.70650  3.08856  5.61161  4.39127    367 a - - -
          2.68599  4.42241  2.77536  2.73139  3.46370  2.40505  3.72510  3.29370  2.67745  2.69371  4.24706  2.90363  2.73756  3.18162  2.89713  2.37856  2.77536  2.98534  4.58424  3.61519
          0.48788  0.97534  4.70978  1.00951  0.45318  0.81425  0.58514
    159   2.74282  5.13955  1.96578  2.20043  4.56150  2.46166  3.72464  4.04953  2.65168  3.57973  4.39414  1.97342  3.79848  2.87951  3.18978  2.51265  3.03760  3.62299  5.75647  4.32026    371 d - - -
          2.68618  4.42225  2.77519  2.73123  3.46354  2.40513  3.72494  3.29354  2.67741  2.69355  4.24690  2.90347  2.73739  3.18146  2.89801  2.37887  2.77519  2.98518  4.58477  3.61503
          0.02794  3.98743  4.70978  0.61958  0.77255  0.71729  0.66957
    160   2.90074  5.22012  1.16827  2.27498  4.74204  2.18993  3.90135  4.27541  2.94035  3.82269  4.68839  2.83429  3.88259  3.09033  3.50312  2.85209  3.23856  3.82902  5.92544  4.51627    372 d - - -
          2.68459  4.42279  2.77519  2.73122  3.46408  2.40387  3.72520  3.29408  2.67794  2.69409  4.24626  2.90400  2.73793  3.18144  2.89836  2.37923  2.77510  2.98476  4.58531  3.61557
          0.69486  0.70852  4.76913  1.82837  0.17516  0.65760  0.73001
    161   2.08098  4.62134  3.01594  2.59262  4.11160  2.85847  2.32648  3.54393  2.63080  3.16637  3.99348  3.05010  3.81730  2.97853  3.05519  2.11463  2.85337  3.17522  5.40397  4.09201    388 a - - -
          2.68624  4.42231  2.77525  2.73129  3.46360  2.40518  3.72500  3.29360  2.67747  2.69361  4.24695  2.90352  2.73654  3.18152  2.89806  2.37893  2.77525  2.98524  4.58483  3.61509
          0.69729  1.00629  1.99147  0.16393  1.88917  0.71238  0.67428
    162   2.27379  4.26568  3.50103  2.96612  3.52939  3.44518  3.90058  2.70326  2.90076  2.07141  3.47065  3.32802  3.28761  3.21993  3.24061  2.74686  2.34347  2.31582  5.00188  3.77206    390 l - - -
          2.68618  4.42225  2.77519  2.73123  3.46354  2.40513  3.72494  3.29354  2.67741  2.69355  4.24690  2.90347  2.73739  3.18146  2.89801  2.37887  2.77519  2.98518  4.58477  3.61503
          0.02835  3.97324  4.69559  0.61958  0.77255  0.72763  0.65981
    163   2.63288  4.71828  3.08332  2.35248  3.93320  3.45433  3.64473  3.35405  2.37769  2.97307  3.81388  3.02270  3.84986  2.82140  2.26433  2.12890  2.86213  3.05753  3.75204  3.90889    391 s - - -
          2.68618  4.42225  2.77519  2.73123  3.46354  2.40513  3.72494  3.29354  2.67741  2.69355  4.24690  2.90347  2.73739  3.18146  2.89801  2.37887  2.77519  2.98518  4.58477  3.61503
          0.02667  4.03342  4.75577  0.61958  0.77255  0.77893  0.61415
    164   2.73513  4.91008  3.06521  2.55725  4.29066  3.44944  3.65091  3.70931  2.21187  3.25405  4.08532  3.03141  3.88336  2.47283  1.87665  2.03901  2.97479  3.36314  5.41175  4.12605    392 r - - -
          2.68618  4.42225  2.77519  2.73123  3.46354  2.40513  3.72494  3.29354  2.67741  2.69355  4.24690  2.90347  2.73739  3.18146  2.89801  2.37887  2.77519  2.98518  4.58477  3.61503
          0.02667  4.03342  4.75577  0.61958  0.77255  0.77893  0.61415
    165   2.61450  3.04720  3.75824  3.18214  2.96741  3.64326  3.92047  2.57498  3.04365  1.86634  3.26218  3.50152  4.02293  3.35534  2.56040  2.92087  2.85225  2.39798  4.77464  3.53804    393 l - - -
          2.68618  4.42225  2.77519  2.73123  3.46354  2.40513  3.72494  3.29354  2.67741  2.69355  4.24690  2.90347  2.73739  3.18146  2.89801  2.37887  2.77519  2.98518  4.58477  3.61503
          0.02667  4.03342  4.75577  0.61958  0.77255  0.43292  1.04587
    166   2.14845  4.43884  3.44075  2.90115  2.37862  3.58260  3.86701  2.91415  2.84638  2.59360  3.53570  3.31825  3.99020  2.22216  3.20994  2.84644  2.90145  2.53468  4.99348  3.71233    394 a - - -
          2.68622  4.42229  2.77524  2.73127  3.46358  2.40493  3.72499  3.29358  2.67745  2.69359  4.24694  2.90351  2.73744  3.18151  2.89805  2.37891  2.77524  2.98523  4.58481  3.61426
          0.19938  2.06668  2.91583  0.66322  0.72400  0.56856  0.83550
    167   1.93773  4.77935  3.07486  2.58780  4.20926  2.18348  3.75029  3.61748  2.31916  3.21447  4.03688  3.06355  3.87392  2.91056  2.40531  2.69850  2.91999  3.26255  5.43478  4.13150    397 a - - -
          2.68618  4.42225  2.77519  2.73123  3.46354  2.40513  3.72494  3.29354  2.67741  2.69355  4.24690  2.90347  2.73739  3.18146  2.89801  2.37887  2.77519  2.98518  4.58477  3.61503
          0.02258  4.19786  4.92020  0.61958  0.77255  0.40780  1.09396
    168   2.25830  4.30208  3.74270  3.21805  2.23843  2.04809  4.01846  2.80275  3.15771  2.27104  3.48089  3.52919  4.05233  3.43950  3.45446  2.90638  2.91716  2.58892  4.92272  3.65218    398 g - - -
          2.68618  4.42225  2.77519  2.73123  3.46354  2.40513  3.72494  3.29354  2.67741  2.69355  4.24690  2.90347  2.73739  3.18146  2.89801  2.37887  2.77519  2.98518  4.58477  3.61503
          0.02017  4.30924  5.03158  0.61958  0.77255  0.48576  0.95510
    169   3.43333  4.77184  5.03736  4.53253  3.30131  4.65133  5.08628  2.21946  4.35178  0.75894  3.11297  4.75333  4.90414  4.51234  4.46933  4.05057  3.68640  1.85848  5.39313  4.27835    399 l - - -
          2.68618  4.42225  2.77519  2.73123  3.46354  2.40513  3.72494  3.29354  2.67741  2.69355  4.24690  2.90347  2.73739  3.18146  2.89801  2.37887  2.77519  2.98518  4.58477  3.61503
          0.02017  4.30924  5.03158  0.61958  0.77255  0.48576  0.95510
    170   2.69184  5.06699  2.90776  1.93301  4.37468  3.44777  2.85332  3.82557  2.39990  3.35720  4.13509  2.94162  3.85788  2.77876  2.65107  2.03354  2.62939  3.44183  5.53054  4.15682    400 e - - -
          2.68618  4.42225  2.77519  2.73123  3.46354  2.40513  3.72494  3.29354  2.67741  2.69355  4.24690  2.90347  2.73739  3.18146  2.89801  2.37887  2.77519  2.98518  4.58477  3.61503
          0.02017  4.30924  5.03158  0.61958  0.77255  0.48576  0.95510
    171   2.69684  5.08891  2.91094  2.26438  4.40496  2.99113  3.65404  3.85738  2.38178  3.37928  4.15310  2.33485  3.85833  2.61856  2.31884  2.67791  2.22601  3.46719  5.54406  4.16916    401 t - - -
          2.68618  4.42225  2.77519  2.73123  3.46354  2.40513  3.72494  3.29354  2.67741  2.69355  4.24690  2.90347  2.73739  3.18146  2.89801  2.37887  2.77519  2.98518  4.58477  3.61503
          0.02017  4.30924  5.03158  0.61958  0.77255  0.48576  0.95510
    172   2.06711  4.93879  3.09920  2.55403  4.25193  3.50296  2.51696  3.67631  2.38248  3.24585  4.05884  3.05521  3.39847  2.84876  2.00918  2.74892  2.96088  3.33341  5.44126  4.12179    402 r - - -
          2.68618  4.42225  2.77519  2.73123  3.46354  2.40513  3.72494  3.29354  2.67741  2.69355  4.24690  2.90347  2.73739  3.18146  2.89801  2.37887  2.77519  2.98518  4.58477  3.61503
          0.08778  4.30924  2.65078  0.61958  0.77255  0.48576  0.95510
    173   2.76030  4.82741  3.25772  2.67530  4.10833  3.10230  3.71977  3.47647  2.06464  3.09389  3.94160  3.14273  3.95541  2.88877  1.86781  2.82312  2.98512  2.21876  5.32837  4.06036    403 r - - -
          2.68618  4.42225  2.77519  2.73123  3.46354  2.40513  3.72494  3.29354  2.67741  2.69355  4.24690  2.90347  2.73739  3.18146  2.89801  2.37887  2.77519  2.98518  4.58477  3.61503
          0.02157  4.24302  4.96537  0.61958  0.77255  0.43514  1.04178
    174   3.09349  5.35282  3.48199  2.79500  4.81772  3.75390  3.21418  4.17835  1.40054  3.58404  4.41187  3.23602  4.10485  2.12291  1.68028  3.06290  3.26110  3.82029  5.61343  4.40686    404 k - - -
          2.68618  4.42225  2.77519  2.73123  3.46354  2.40513  3.72494  3.29354  2.67741  2.69355  4.24690  2.90347  2.73739  3.18146  2.89801  2.37887  2.77519  2.98518  4.58477  3.61503
          0.02017  4.30924  5.03158  0.61958  0.77255  0.48576  0.95510
    175   2.99182  4.38738  4.56595  4.01131  3.50835  4.20925  4.62834  2.06477  3.88701  2.04121  2.76947  4.23016  4.55040  4.12985  4.07842  3.53736  2.70869  1.08428  5.25023  4.06712    405 v - - -
          2.68618  4.42225  2.77519  2.73123  3.46354  2.40513  3.72494  3.29354  2.67741  2.69355  4.24690  2.90347  2.73739  3.18146  2.89801  2.37887  2.77519  2.98518  4.58477  3.61503
          0.02017  4.30924  5.03158  0.61958  0.77255  0.48576  0.95510
    176   2.29913  4.51743  3.31580  2.77324  3.75375  3.50945  2.51541  3.11819  2.73965  2.81099  3.68019  3.21826  3.22925  3.07430  3.13834  2.76601  2.39821  2.18877  5.14177  3.87649    406 v - - -
          2.68618  4.42225  2.77519  2.73123  3.46354  2.40513  3.72494  3.29354  2.67741  2.69355  4.24690  2.90347  2.73739  3.18146  2.89801  2.37887  2.77519  2.98518  4.58477  3.61503
          0.02017  4.30924  5.03158  0.61958  0.77255  0.48576  0.95510
    177   2.81743  4.24832  4.36518  3.78665  2.51778  3.93271  4.14428  2.54019  3.63971  1.33541  3.18284  3.93933  4.27847  3.82331  3.77523  3.23344  2.39885  2.43121  3.38522  3.36108    407 l - - -
          2.68618  4.42225  2.77519  2.73123  3.46354  2.40513  3.72494  3.29354  2.67741  2.69355  4.24690  2.90347  2.73739  3.18146  2.89801  2.37887  2.77519  2.98518  4.58477  3.61503
          0.02017  4.30924  5.03158  0.61958  0.77255  0.48576  0.95510
    178   2.73668  5.12564  2.84063  1.89028  4.44930  3.44622  3.68572  3.90165  2.42588  3.42532  4.20676  2.22192  3.87837  2.80788  2.57050  2.71363  2.16654  3.51129  5.59080  4.21277    408 e - - -
          2.68618  4.42225  2.77519  2.73123  3.46354  2.40513  3.72494  3.29354  2.67741  2.69355  4.24690  2.90347  2.73739  3.18146  2.89801  2.37887  2.77519  2.98518  4.58477  3.61503
          0.02017  4.30924  5.03158  0.61958  0.77255  0.48576  0.95510
    179   2.83053  4.59823  2.22511  2.99131  3.79578  3.73205  4.10417  2.57070  3.06161  2.44329  3.71786  3.44299  4.16840  3.37063  3.45715  3.05247  3.09154  1.39841  5.33402  4.04657    409 v - - -
          2.68618  4.42225  2.77519  2.73123  3.46354  2.40513  3.72494  3.29354  2.67741  2.69355  4.24690  2.90347  2.73739  3.18146  2.89801  2.37887  2.77519  2.98518  4.58477  3.61503
          0.02017  4.30924  5.03158  0.61958  0.77255  0.48576  0.95510
    180   3.27778  4.59975  4.98194  4.48409  3.53798  4.57448  5.09581  1.98333  4.33329  1.45446  3.36633  4.68005  4.87701  4.56331  4.48885  3.96807  3.54080  1.00415  5.52593  4.34236    410 v - - -
          2.68618  4.42225  2.77519  2.73123  3.46354  2.40513  3.72494  3.29354  2.67741  2.69355  4.24690  2.90347  2.73739  3.18146  2.89801  2.37887  2.77519  2.98518  4.58477  3.61503
          0.36865  4.30924  1.22116  0.61958  0.77255  0.48576  0.95510
    181   2.67069  4.29028  3.75122  3.23514  3.34820  2.72691  4.05655  2.18389  3.11853  1.63067  3.31420  3.56237  4.08340  3.44439  3.40119  2.97760  2.93899  2.28555  4.95450  3.71709    411 l - - -
          2.68618  4.42225  2.77519  2.73123  3.46354  2.40513  3.72494  3.29354  2.67741  2.69355  4.24690  2.90347  2.73739  3.18146  2.89801  2.37887  2.77519  2.98518  4.58477  3.61503
          0.02847  3.96905  4.69140  0.61958  0.77255  0.31934  1.29693
    182   1.24550  4.34263  3.71870  3.51768  4.65396  1.23857  4.58544  4.04963  3.63542  3.77271  4.60167  3.58440  3.89755  3.88641  3.90881  2.59916  2.93211  3.44056  5.98396  4.81524    412 g - - -
          2.68618  4.42225  2.77519  2.73123  3.46354  2.40513  3.72494  3.29354  2.67741  2.69355  4.24690  2.90347  2.73739  3.18146  2.89801  2.37887  2.77519  2.98518  4.58477  3.61503
          0.02017  4.30924  5.03158  0.61958  0.77255  0.48576  0.95510
    183   2.62478  4.46452  4.56450  4.21377  3.93003  3.96117  5.00156  2.08710  4.11028  2.56589  3.78456  4.30452  4.54292  4.42332  4.30755  3.41782  3.31467  0.74948  5.75140  4.52182    413 v - - -
          2.68618  4.42225  2.77519  2.73123  3.46354  2.40513  3.72494  3.29354  2.67741  2.69355  4.24690  2.90347  2.73739  3.18146  2.89801  2.37887  2.77519  2.98518  4.58477  3.61503
          0.22307  4.30924  1.67933  0.61958  0.77255  0.48576  0.95510
    184   2.27065  4.33889  4.28198  3.79657  3.62910  3.90975  4.57554  2.03097  3.68414  2.16824  3.50436  4.02013  4.38012  3.98744  3.92776  3.28558  3.13851  1.14010  5.36332  4.14552    414 v - - -
          2.68618  4.42225  2.77519  2.73123  3.46354  2.40513  3.72494  3.29354  2.67741  2.69355  4.24690  2.90347  2.73739  3.18146  2.89801  2.37887  2.77519  2.98518  4.58477  3.61503
          0.02466  4.11082  4.83317  0.61958  0.77255  0.71238  0.67428
    185   3.43339  4.82875  4.57143  4.21889  3.24389  4.28219  4.80055  2.46737  3.98451  0.62881  3.20395  4.47134  4.68070  4.29503  4.11888  3.89101  3.71908  2.56537  5.20274  3.97890    415 L - - -
          2.68618  4.42225  2.77519  2.73123  3.46354  2.40513  3.72494  3.29354  2.67741  2.69355  4.24690  2.90347  2.73739  3.18146  2.89801  2.37887  2.77519  2.98518  4.58477  3.61503
          0.02466  4.11082  4.83317  0.61958  0.77255  0.71238  0.67428
    186   2.44333  4.35570  4.35743  3.83505  3.46374  4.03615  4.54451  2.04884  3.71570  1.57825  3.33334  4.07650  4.43001  3.98674  3.93858  3.38422  3.17147  1.40472  5.23442  4.04443    416 v - - -
          2.68618  4.42225  2.77519  2.73123  3.46354  2.40513  3.72494  3.29354  2.67741  2.69355  4.24690  2.90347  2.73739  3.18146  2.89801  2.37887  2.77519  2.98518  4.58477  3.61503
          0.02466  4.11082  4.83317  0.61958  0.77255  0.71238  0.67428
    187   3.16129  4.57717  4.44278  3.93184  2.69853  4.15437  4.07251  2.64204  3.66999  1.19011  3.24670  4.07742  4.48208  3.92752  3.81548  3.52061  3.39470  2.65782  2.13414  2.90780    417 l - - -
          2.68618  4.42225  2.77519  2.73123  3.46354  2.40513  3.72494  3.29354  2.67741  2.69355  4.24690  2.90347  2.73739  3.18146  2.89801  2.37887  2.77519  2.98518  4.58477  3.61503
          0.02466  4.11082  4.83317  0.61958  0.77255  0.71238  0.67428
    188   3.18588  4.49587  4.91773  4.35390  2.73084  4.48462  4.82439  1.56024  4.23383  1.27010  3.03294  4.54390  4.71029  4.34166  4.33589  3.82755  3.41465  1.79657  5.17619  4.05185    418 l - - -
          2.68604  4.42230  2.77524  2.73128  3.46358  2.40517  3.72499  3.29359  2.67745  2.69359  4.24694  2.90351  2.73744  3.18151  2.89805  2.37891  2.77524  2.98455  4.58481  3.61508
          0.35785  1.22805  4.83317  0.19337  1.73828  0.36637  1.18171
    189   1.96318  4.77397  3.11737  2.61803  4.27387  3.38857  3.80394  3.68793  1.92674  3.28748  4.09601  3.09068  3.87962  2.95842  2.99087  1.95578  2.60741  3.30613  5.50725  4.18960    420 k - - -
          2.68618  4.42225  2.77519  2.73123  3.46354  2.40513  3.72494  3.29354  2.67741  2.69355  4.24690  2.90347  2.73739  3.18146  2.89801  2.37887  2.77519  2.98518  4.58477  3.61503
          0.02017  4.30924  5.03158  0.61958  0.77255  0.48576  0.95510
    190   2.45797  4.36339  3.87491  3.32715  1.96107  3.79458  2.40079  2.79102  3.22856  2.00467  3.43018  3.62330  4.16868  3.50105  3.49599  3.07381  3.02189  2.61265  4.59729  3.16827    421 f - - -
          2.68618  4.42225  2.77519  2.73123  3.46354  2.40513  3.72494  3.29354  2.67741  2.69355  4.24690  2.90347  2.73739  3.18146  2.89801  2.37887  2.77519  2.98518  4.58477  3.61503
          0.02017  4.30924  5.03158  0.61958  0.77255  0.48576  0.95510
    191   1.72718  4.30642  3.78184  3.46066  4.39174  1.14117  4.45583  3.66724  3.47597  3.46292  4.32480  3.55633  3.88976  3.75342  3.76618  2.59115  2.88350  2.65544  5.77860  4.58048    422 g - - -
          2.68618  4.42225  2.77519  2.73123  3.46354  2.40513  3.72494  3.29354  2.67741  2.69355  4.24690  2.90347  2.73739  3.18146  2.89801  2.37887  2.77519  2.98518  4.58477  3.61503
          0.02017  4.30924  5.03158  0.61958  0.77255  0.48576  0.95510
    192   2.69201  4.55815  3.35111  2.79441  3.10549  3.59716  3.81303  2.21600  1.80941  2.75554  3.65052  2.89328  3.98361  3.06732  3.05152  2.84143  2.92295  2.80195  5.09074  3.81052    423 k - - -
          2.68618  4.42225  2.77519  2.73123  3.46354  2.40513  3.72494  3.29354  2.67741  2.69355  4.24690  2.90347  2.73739  3.18146  2.89801  2.37887  2.77519  2.98518  4.58477  3.61503
          0.02017  4.30924  5.03158  0.61958  0.77255  0.48576  0.95510
    193   2.75499  4.84107  3.11333  2.61323  3.81162  3.55234  2.27048  3.47146  2.32268  3.07926  3.93139  2.88346  3.95557  2.93693  2.91590  2.63034  2.98417  3.17798  5.17174  2.20940    424 y - - -
          2.68618  4.42225  2.77519  2.73123  3.46354  2.40513  3.72494  3.29354  2.67741  2.69355  4.24690  2.90347  2.73739  3.18146  2.89801  2.37887  2.77519  2.98518  4.58477  3.61503
          0.07347  4.30924  2.85782  0.61958  0.77255  0.48576  0.95510
    194   2.15772  4.44584  3.11186  2.79902  3.60217  3.56584  3.80593  2.71983  2.54655  2.08151  3.54394  3.24187  3.94898  3.08169  2.92629  2.80130  2.85897  2.45388  5.01795  3.76515    425 l - - -
          2.68618  4.42225  2.77519  2.73123  3.46354  2.40513  3.72494  3.29354  2.67741  2.69355  4.24690  2.90347  2.73739  3.18146  2.89801  2.37887  2.77519  2.98518  4.58477  3.61503
          0.15311  4.25703  2.05730  0.61958  0.77255  0.55518  0.85324
    195   2.78980  4.78712  3.33176  2.73956  4.05796  3.58227  3.71521  3.35024  1.65059  3.01733  3.90174  3.18231  3.97405  2.89462  2.33479  2.87128  3.00938  2.09380  5.28425  4.03829    426 k - - -
          2.68618  4.42225  2.77519  2.73123  3.46354  2.40513  3.72494  3.29354  2.67741  2.69355  4.24690  2.90347  2.73739  3.18146  2.89801  2.37887  2.77519  2.98518  4.58477  3.61503
          0.02423  4.12815  4.85050  0.61958  0.77255  0.69609  0.69021
    196   2.80860  5.04533  1.84033  2.37558  3.85970  3.39919  3.72003  3.73457  2.67251  3.30811  4.16973  2.61635  3.90352  2.94585  3.16200  2.79709  3.06560  3.40591  5.26129  2.08975    427 d - - -
          2.68618  4.42225  2.77519  2.73123  3.46354  2.40513  3.72494  3.29354  2.67741  2.69355  4.24690  2.90347  2.73739  3.18146  2.89801  2.37887  2.77519  2.98518  4.58477  3.61503
          0.02423  4.12815  4.85050  0.61958  0.77255  0.69609  0.69021
    197   1.71684  4.48426  3.25082  2.79725  4.16327  3.23067  3.91099  3.56349  2.71406  3.20994  4.04377  3.17507  3.81784  3.11144  2.54943  1.74346  2.83603  3.16320  5.45703  4.18660    428 a - - -
          2.68618  4.42225  2.77519  2.73123  3.46354  2.40513  3.72494  3.29354  2.67741  2.69355  4.24690  2.90347  2.73739  3.18146  2.89801  2.37887  2.77519  2.98518  4.58477  3.61503
          0.02423  4.12815  4.85050  0.61958  0.77255  0.69609  0.69021
    198   3.15261  4.51282  4.73760  4.23492  3.41035  4.39118  4.88015  1.95828  4.08038  1.40903  3.25463  4.45969  4.71137  4.33021  4.25870  3.77346  3.41647  1.18604  5.36976  4.17891    429 v - - -
          2.68618  4.42225  2.77519  2.73123  3.46354  2.40513  3.72494  3.29354  2.67741  2.69355  4.24690  2.90347  2.73739  3.18146  2.89801  2.37887  2.77519  2.98518  4.58477  3.61503
          0.02423  4.12815  4.85050  0.61958  0.77255  0.69609  0.69021
    199   2.64537  4.59825  3.24410  2.66274  3.78361  3.52047  3.70437  3.17170  2.31429  2.82696  3.09014  3.12815  3.90163  2.91736  2.13001  2.39948  2.87055  2.90735  3.59397  3.84767    430 r - - -
          2.68646  4.42253  2.77408  2.73152  3.46382  2.40417  3.72523  3.29382  2.67769  2.69273  4.24630  2.90375  2.73768  3.18175  2.89829  2.37915  2.77548  2.98547  4.58505  3.61531
          0.37518  1.18740  4.85050  1.57142  0.23288  0.52265  0.89881
    200   3.28635  4.96914  3.93321  3.83274  4.77456  3.63763  4.86812  4.42748  3.92354  4.00840  5.08243  4.09771  0.37568  4.30064  4.11631  3.46785  3.75758  4.02945  5.84863  4.90436    438 P - - -
          2.68618  4.42225  2.77519  2.73123  3.46354  2.40513  3.72494  3.29354  2.67741  2.69355  4.24690  2.90347  2.73739  3.18146  2.89801  2.37887  2.77519  2.98518  4.58477  3.61503
          0.25928  4.22238  1.54304  0.61958  0.77255  0.59692  0.79963
    201   2.27406  4.23893  3.19333  3.00919  4.38435  1.38511  4.20056  3.86104  3.18682  3.53097  4.36039  3.23330  3.70121  3.46800  3.51335  1.77354  2.76585  3.28173  5.70195  4.46441    439 g - - -
          2.68618  4.42225  2.77519  2.73123  3.46354  2.40513  3.72494  3.29354  2.67741  2.69355  4.24690  2.90347  2.73739  3.18146  2.89801  2.37887  2.77519  2.98518  4.58477  3.61503
          0.02784  3.99094  4.71329  0.61958  0.77255  0.81166  0.58721
    202   1.84163  4.21529  3.30448  3.12451  4.37290  1.22549  4.27108  3.74181  3.27425  3.48172  4.34391  3.30444  3.71759  3.55791  3.57346  2.45519  2.77851  3.20591  5.70099  4.50136    440 g - - -
          2.68614  4.42295  2.77449  2.73078  3.46423  2.40499  3.72357  3.29189  2.67810  2.69241  4.24759  2.90416  2.73809  3.18126  2.89870  2.37956  2.77529  2.98441  4.58546  3.61573
          0.44448  1.05019  4.71329  2.40675  0.09443  0.81166  0.58721
    203   2.81806  4.58056  3.51600  3.43106  4.56893  0.56765  4.54303  4.19839  3.62837  3.83736  4.81489  3.68045  3.97545  3.94325  3.85037  2.99356  3.30853  3.70386  5.63170  4.67521    457 G - - -
          2.68618  4.42225  2.77519  2.73123  3.46354  2.40513  3.72494  3.29354  2.67741  2.69355  4.24690  2.90347  2.73739  3.18146  2.89801  2.37887  2.77519  2.98518  4.58477  3.61503
          0.02784  3.99094  4.71329  0.61958  0.77255  0.70115  0.68521
    204   2.60440  4.48253  3.24977  2.71684  2.97245  3.49446  3.74147  3.02014  2.66374  2.44019  3.58625  3.16538  3.90027  2.53676  3.05015  2.04442  2.84728  2.77902  4.97485  3.65282    458 s - - -
          2.68618  4.42225  2.77519  2.73123  3.46354  2.40513  3.72494  3.29354  2.67741  2.69355  4.24690  2.90347  2.73739  3.18146  2.89801  2.37887  2.77519  2.98518  4.58477  3.61503
          0.02600  4.05854  4.78088  0.61958  0.77255  0.75837  0.63192
    205   2.12583  4.30612  3.37269  2.90461  3.95098  1.96512  3.96002  2.89641  2.89252  3.01445  3.86710  3.22964  3.78315  3.20888  3.26562  2.18750  2.39375  2.94176  5.32153  4.07530    459 g - - -
          2.68618  4.42225  2.77519  2.73123  3.46354  2.40513  3.72494  3.29354  2.67741  2.69355  4.24690  2.90347  2.73739  3.18146  2.89801  2.37887  2.77519  2.98518  4.58477  3.61503
          0.02600  4.05854  4.78088  0.61958  0.77255  0.75837  0.63192
    206   2.60727  4.57079  2.74849  2.60826  3.76477  3.48000  3.71819  3.04442  2.25520  2.78212  3.16948  3.08980  3.87700  2.93024  2.98783  2.71996  2.84248  2.10164  5.13578  3.85099    460 v - - -
          2.68618  4.42225  2.77519  2.73123  3.46354  2.40513  3.72494  3.29354  2.67741  2.69355  4.24690  2.90347  2.73739  3.18146  2.89801  2.37887  2.77519  2.98518  4.58477  3.61503
          0.02600  4.05854  4.78088  0.61958  0.77255  0.75837  0.63192
    207   2.70117  4.64156  3.12815  2.66780  3.54697  3.50731  2.64308  3.21762  2.55571  2.00815  3.75444  2.52753  3.92845  2.98082  2.91352  2.80305  2.93987  2.96172  4.97347  3.57388    461 l - - -
          2.68618  4.42225  2.77519  2.73123  3.46354  2.40513  3.72494  3.29354  2.67741  2.69355  4.24690  2.90347  2.73739  3.18146  2.89801  2.37887  2.77519  2.98518  4.58477  3.61503
          0.10998  4.05854  2.44335  0.61958  0.77255  0.75837  0.63192
    208   2.96491  5.52085  1.27081  1.69738  4.80616  3.21208  3.77778  4.32353  2.81513  3.83638  4.70405  2.68111  3.84505  2.95051  3.41603  2.84523  3.25900  3.90267  5.98747  4.48420    462 d - - -
          2.68579  4.42241  2.77535  2.73139  3.46370  2.40435  3.72510  3.29370  2.67756  2.69371  4.24705  2.90362  2.73698  3.18162  2.89816  2.37902  2.77535  2.98534  4.58493  3.61519
          0.41615  1.07758        *  1.09566  0.40694  0.00000        *
//
