HMMER3/f [3.1b2 | February 2015]
NAME  Mafft_Group_2
LENG  156
ALPH  amino
RF    no
MM    no
CONS  yes
CS    no
MAP   yes
DATE  Fri Oct 14 16:34:10 2016
NSEQ  82
EFFN  0.683167
CKSUM 2579387414
STATS LOCAL MSV      -10.2937  0.70881
STATS LOCAL VITERBI  -10.9716  0.70881
STATS LOCAL FORWARD   -4.7962  0.70881
HMM          A        C        D        E        F        G        H        I        K        L        M        N        P        Q        R        S        T        V        W        Y   
            m->m     m->i     m->d     i->m     i->i     d->m     d->d
  COMPO   2.55237  4.53539  2.77146  2.59209  3.47677  2.96418  3.88248  2.84751  2.54484  2.48873  3.47856  3.12306  3.17842  3.14661  2.80788  2.76726  2.89395  2.50195  5.17534  3.66045
          2.68577  4.42301  2.77590  2.73189  3.46394  2.40589  3.72429  3.29307  2.67701  2.69212  4.24534  2.90381  2.73745  3.18140  2.89773  2.37840  2.77559  2.98572  4.58553  3.61537
          0.18727  1.82085  4.72270  3.05472  0.04828  0.00000        *
      1   3.05087  4.50238  4.40336  3.86294  3.08711  4.17302  4.53117  2.18840  3.71186  1.63494  1.54813  4.14553  4.48820  3.95292  3.91869  3.51162  3.30127  2.01528  5.08355  3.90670     66 m - - -
          2.68618  4.42225  2.77519  2.73123  3.46354  2.40513  3.72494  3.29354  2.67741  2.69355  4.24690  2.90347  2.73739  3.18146  2.89801  2.37887  2.77519  2.98518  4.58477  3.61503
          0.02758  4.00035  4.72270  0.61958  0.77255  0.48576  0.95510
      2   2.53820  5.35277  1.47087  1.82342  4.67018  3.23828  3.73323  4.15143  2.69807  3.67807  4.50876  2.71511  3.82639  2.89095  3.26486  2.67524  3.13609  3.73818  5.85685  4.38477     67 d - - -
          2.68618  4.42225  2.77519  2.73123  3.46354  2.40513  3.72494  3.29354  2.67741  2.69355  4.24690  2.90347  2.73739  3.18146  2.89801  2.37887  2.77519  2.98518  4.58477  3.61503
          0.02758  4.00035  4.72270  0.61958  0.77255  0.48576  0.95510
      3   2.47909  4.07154  3.93522  3.35438  2.78286  3.47127  3.95114  2.41613  3.24541  1.81522  3.12924  3.60012  4.02643  3.48302  3.45745  2.83453  2.80302  2.06336  4.37348  3.46340     68 l - - -
          2.68615  4.42225  2.77520  2.73123  3.46354  2.40513  3.72495  3.29354  2.67741  2.69355  4.24690  2.90347  2.73740  3.18146  2.89801  2.37887  2.77520  2.98518  4.58477  3.61503
          0.03983  3.50143  4.72270  0.57041  0.83309  0.48576  0.95510
      4   2.61394  4.77777  3.13138  2.59061  4.17728  3.21581  3.66012  3.56362  2.18201  3.14833  3.98350  3.05034  3.86031  2.81817  1.71374  2.59057  2.67448  3.17295  5.34775  4.07725     70 r - - -
          2.68618  4.42225  2.77519  2.73123  3.46354  2.40513  3.72494  3.29354  2.67741  2.69355  4.24690  2.90347  2.73739  3.18146  2.89801  2.37887  2.77519  2.98518  4.58477  3.61503
          0.02758  4.00035  4.72270  0.61958  0.77255  0.48576  0.95510
      5   2.55054  4.23037  3.22866  2.92673  3.15080  3.54724  3.75540  2.37991  2.87143  2.31907  2.81781  3.03655  3.92525  3.16729  3.07829  2.77467  2.78246  2.34255  4.81748  3.58917     71 l - - -
          2.68618  4.42225  2.77519  2.73123  3.46354  2.40513  3.72494  3.29354  2.67741  2.69355  4.24690  2.90347  2.73739  3.18146  2.89801  2.37887  2.77519  2.98518  4.58477  3.61503
          0.02758  4.00035  4.72270  0.61958  0.77255  0.48576  0.95510
      6   2.27789  4.10955  3.81634  3.24043  2.69622  3.37978  3.92899  2.43284  3.15059  2.14152  2.66141  3.53002  3.84492  3.40584  3.40066  2.90708  2.77074  2.22609  4.72547  3.52263     72 l - - -
          2.68618  4.42225  2.77519  2.73123  3.46354  2.40513  3.72494  3.29354  2.67741  2.69355  4.24690  2.90347  2.73739  3.18146  2.89801  2.37887  2.77519  2.98518  4.58477  3.61503
          0.05102  4.00035  3.46006  0.61958  0.77255  0.48576  0.95510
      7   2.61591  4.72776  2.46978  2.35553  4.31140  1.47233  3.85667  3.74442  2.78732  3.30688  4.24693  2.92105  3.80204  3.06224  3.23136  2.63328  2.97439  3.34623  5.60320  4.25621     73 g - - -
          2.68618  4.42225  2.77519  2.73123  3.46354  2.40513  3.72494  3.29354  2.67741  2.69355  4.24690  2.90347  2.73739  3.18146  2.89801  2.37887  2.77519  2.98518  4.58477  3.61503
          0.07372  3.97756  2.95005  0.61958  0.77255  0.50888  0.91921
      8   3.21687  4.58049  4.63419  4.10167  2.18359  4.37471  4.44811  2.15885  3.96662  1.06362  2.91624  4.32030  4.60570  4.09610  4.10907  3.71501  3.44287  2.32084  4.76067  3.40166     74 l - - -
          2.68618  4.42225  2.77519  2.73123  3.46354  2.40513  3.72494  3.29354  2.67741  2.69355  4.24690  2.90347  2.73739  3.18146  2.89801  2.37887  2.77519  2.98518  4.58477  3.61503
          0.02952  3.93336  4.65570  0.61958  0.77255  0.50584  0.92381
      9   2.89218  5.42917  1.43304  1.77554  4.73998  2.70547  3.73994  4.24893  2.74271  3.75508  4.59663  2.67944  3.81988  2.90360  3.33071  2.78867  3.17995  3.82355  5.91972  4.42806     75 d - - -
          2.68619  4.42226  2.77513  2.73118  3.46355  2.40514  3.72495  3.29355  2.67742  2.69356  4.24691  2.90346  2.73740  3.18147  2.89801  2.37888  2.77520  2.98519  4.58478  3.61504
          0.09785  2.47717  4.68447  0.42679  1.05727  0.52395  0.89692
     10   2.31829  4.24862  3.16333  2.71458  4.09713  3.12399  3.85692  3.50843  2.72209  3.15246  3.97508  2.75958  2.70864  3.05725  3.12472  1.81639  2.40580  3.09084  5.40350  4.12678     77 s - - -
          2.68618  4.42225  2.77519  2.73123  3.46354  2.40513  3.72494  3.29354  2.67741  2.69355  4.24690  2.90347  2.73739  3.18146  2.89801  2.37887  2.77519  2.98518  4.58477  3.61503
          0.02867  3.96212  4.68447  0.61958  0.77255  0.46260  0.99329
     11   2.33875  4.43848  3.13906  2.69268  3.95631  3.18468  3.82152  3.33664  2.68770  2.75472  3.85648  2.92797  2.08052  3.03711  3.08142  2.44798  2.55138  2.99069  5.29326  4.01885     78 p - - -
          2.68618  4.42225  2.77519  2.73123  3.46354  2.40513  3.72494  3.29354  2.67741  2.69355  4.24690  2.90347  2.73739  3.18146  2.89801  2.37887  2.77519  2.98518  4.58477  3.61503
          0.02758  4.00035  4.72270  0.61958  0.77255  0.48576  0.95510
     12   3.01114  4.40852  4.51110  3.93152  2.67385  4.18578  4.45909  2.02625  3.80763  1.18637  2.48077  4.16948  4.45005  3.95966  3.76648  3.49602  3.23383  2.29847  4.92951  3.79514     79 l - - -
          2.68618  4.42225  2.77519  2.73123  3.46354  2.40513  3.72494  3.29354  2.67741  2.69355  4.24690  2.90347  2.73739  3.18146  2.89801  2.37887  2.77519  2.98518  4.58477  3.61503
          0.03112  4.00035  4.39560  0.61958  0.77255  0.48576  0.95510
     13   2.56345  4.14854  4.10263  3.52422  2.23578  3.79603  4.09284  2.18413  3.41082  1.84837  2.85432  3.75805  4.14691  3.63188  3.60612  2.91127  2.91347  2.15850  4.74965  3.54671     80 l - - -
          2.68618  4.42225  2.77519  2.73123  3.46354  2.40513  3.72494  3.29354  2.67741  2.69355  4.24690  2.90347  2.73739  3.18146  2.89801  2.37887  2.77519  2.98518  4.58477  3.61503
          0.02767  3.99691  4.71925  0.61958  0.77255  0.48354  0.95867
     14   2.37592  4.66143  2.94568  2.45282  3.90323  3.39738  3.38146  3.30508  2.47260  2.93773  3.61033  2.82598  3.80568  2.80438  2.91669  2.09378  2.71339  2.83260  5.21002  3.89853     81 s - - -
          2.68618  4.42225  2.77519  2.73123  3.46354  2.40513  3.72494  3.29354  2.67741  2.69355  4.24690  2.90347  2.73739  3.18146  2.89801  2.37887  2.77519  2.98518  4.58477  3.61503
          0.02758  4.00035  4.72270  0.61958  0.77255  0.48576  0.95510
     15   1.77167  4.25254  3.53627  3.02256  3.70474  3.31966  3.98221  2.66999  2.95922  2.70696  3.56843  3.33888  3.86822  3.28030  3.30056  2.58679  2.10816  2.41462  5.15779  3.92581     82 a - - -
          2.68618  4.42225  2.77519  2.73123  3.46354  2.40513  3.72494  3.29354  2.67741  2.69355  4.24690  2.90347  2.73739  3.18146  2.89801  2.37887  2.77519  2.98518  4.58477  3.61503
          0.02758  4.00035  4.72270  0.61958  0.77255  0.48576  0.95510
     16   3.24650  4.59228  4.75809  4.19658  3.13122  4.49873  4.81792  1.93199  4.05755  0.96650  2.71716  4.48000  4.70155  4.21426  4.21588  3.84061  3.47310  2.02862  5.19721  4.11489     83 l - - -
          2.68618  4.42225  2.77519  2.73123  3.46354  2.40513  3.72494  3.29354  2.67741  2.69355  4.24690  2.90347  2.73739  3.18146  2.89801  2.37887  2.77519  2.98518  4.58477  3.61503
          0.02758  4.00035  4.72270  0.61958  0.77255  0.48576  0.95510
     17   2.77560  5.06775  2.82343  2.26559  4.34610  3.43111  2.69740  3.80658  2.23020  3.32596  4.14707  2.92694  3.86435  1.87142  2.52264  2.75736  2.99759  3.45415  5.45956  4.12729     84 q - - -
          2.68618  4.42225  2.77519  2.73123  3.46354  2.40513  3.72494  3.29354  2.67741  2.69355  4.24690  2.90347  2.73739  3.18146  2.89801  2.37887  2.77519  2.98518  4.58477  3.61503
          0.02758  4.00035  4.72270  0.61958  0.77255  0.48576  0.95510
     18   2.71177  5.13195  2.14575  2.21396  4.41647  3.32897  2.38378  3.89106  2.41549  3.41092  4.20479  2.78328  3.80121  2.43735  2.81486  2.65013  2.95412  3.50148  5.57289  4.17112     85 d - - -
          2.68618  4.42225  2.77519  2.73123  3.46354  2.40513  3.72494  3.29354  2.67741  2.69355  4.24690  2.90347  2.73739  3.18146  2.89801  2.37887  2.77519  2.98518  4.58477  3.61503
          0.02758  4.00035  4.72270  0.61958  0.77255  0.48576  0.95510
     19   3.03261  4.42923  4.50284  3.93030  3.14245  4.22527  4.53309  1.85361  3.68600  1.35728  2.07566  4.19268  4.49266  3.98689  3.96411  3.54169  3.26014  2.13081  5.04629  3.92768     86 l - - -
          2.68619  4.42226  2.77514  2.73124  3.46355  2.40513  3.72495  3.29355  2.67741  2.69349  4.24690  2.90347  2.73740  3.18147  2.89801  2.37887  2.77520  2.98519  4.58478  3.61504
          0.05603  3.08783  4.72270  0.63555  0.75426  0.48576  0.95510
     20   3.25652  4.62009  4.71630  4.15140  3.06698  4.46736  4.74981  2.09615  3.98898  1.04885  1.98680  4.43765  4.66905  4.15122  4.14160  3.80573  3.47884  2.28376  5.12722  4.04245     89 l - - -
          2.68618  4.42225  2.77519  2.73123  3.46354  2.40513  3.72494  3.29354  2.67741  2.69355  4.24690  2.90347  2.73739  3.18146  2.89801  2.37887  2.77519  2.98518  4.58477  3.61503
          0.02758  4.00035  4.72270  0.61958  0.77255  0.48576  0.95510
     21   2.98627  5.54348  1.20066  1.75099  4.82947  3.22198  3.79608  4.34949  2.84194  3.86265  4.73445  2.69199  3.85948  2.97062  3.44681  2.86444  3.28254  3.92795  6.01186  4.50630     90 d - - -
          2.68618  4.42225  2.77519  2.73123  3.46354  2.40513  3.72494  3.29354  2.67741  2.69355  4.24690  2.90347  2.73739  3.18146  2.89801  2.37887  2.77519  2.98518  4.58477  3.61503
          0.03206  4.00035  4.32415  0.61958  0.77255  0.48576  0.95510
     22   2.48697  4.16805  4.19537  3.61587  2.45651  3.81020  4.17441  2.13888  3.50188  1.74297  2.79925  3.84036  4.20210  3.71159  3.68486  3.15766  2.91487  2.00306  4.80696  3.62939     91 l - - -
          2.68618  4.42225  2.77519  2.73123  3.46354  2.40513  3.72494  3.29354  2.67741  2.69355  4.24690  2.90347  2.73739  3.18146  2.89801  2.37887  2.77519  2.98518  4.58477  3.61503
          0.02770  3.99599  4.71834  0.61958  0.77255  0.48296  0.95961
     23   2.41245  4.46849  3.17943  2.63345  3.68962  3.31791  3.71095  2.88106  2.60629  2.74462  3.60716  3.09418  2.82490  2.87580  3.01640  2.51775  2.41717  2.76953  5.06529  3.51465     92 a - - -
          2.68618  4.42225  2.77518  2.73123  3.46354  2.40511  3.72492  3.29354  2.67741  2.69355  4.24690  2.90347  2.73740  3.18146  2.89801  2.37887  2.77520  2.98518  4.58477  3.61503
          0.04414  3.37282  4.72270  0.57457  0.82770  0.48576  0.95510
     24   2.96126  5.53766  1.27311  1.72115  4.80250  3.22309  3.67067  4.33802  2.79647  3.83446  4.69159  2.68285  3.84936  2.94014  3.39458  2.84058  3.25069  3.91242  5.98681  4.47403     95 d - - -
          2.68618  4.42225  2.77519  2.73123  3.46354  2.40513  3.72494  3.29354  2.67741  2.69355  4.24690  2.90347  2.73739  3.18146  2.89801  2.37887  2.77519  2.98518  4.58477  3.61503
          0.03807  4.00035  3.96111  0.61958  0.77255  0.48576  0.95510
     25   2.82697  5.34892  1.85988  1.55927  4.64888  2.80606  3.69822  4.14427  2.62703  3.64715  4.46114  2.71429  3.81339  2.74661  3.18237  2.74159  2.97440  3.72557  5.81375  4.34747     96 e - - -
          2.68618  4.42225  2.77519  2.73123  3.46354  2.40513  3.72494  3.29354  2.67741  2.69355  4.24690  2.90347  2.73739  3.18146  2.89801  2.37887  2.77519  2.98518  4.58477  3.61503
          0.03226  3.99015  4.32405  0.61958  0.77255  0.47927  0.96558
     26   2.44931  4.81426  2.79311  2.25269  4.06889  3.27853  3.48886  3.49147  2.40318  2.83337  3.89337  2.90459  2.99808  2.67470  2.86955  2.44879  2.64683  3.15788  5.31802  3.97408     97 e - - -
          2.68601  4.42232  2.77521  2.73129  3.46360  2.40489  3.72501  3.29361  2.67742  2.69361  4.24696  2.90346  2.73743  3.18153  2.89807  2.37891  2.77518  2.98516  4.58483  3.61510
          0.22781  1.63579  4.71847  0.82238  0.57872  0.49013  0.94815
     27   2.79993  5.32988  1.82137  1.68093  4.62800  3.10786  3.67724  4.12428  2.57838  3.61950  4.42080  2.61845  3.55486  2.63321  3.12536  2.71872  2.96849  3.70220  5.77939  4.31920    106 e - - -
          2.68618  4.42225  2.77519  2.73123  3.46354  2.40513  3.72494  3.29354  2.67741  2.69355  4.24690  2.90347  2.73739  3.18146  2.89801  2.37887  2.77519  2.98518  4.58477  3.61503
          0.08351  3.99612  2.78502  0.61958  0.77255  0.49013  0.94815
     28   2.87156  5.03406  3.15490  2.61918  4.45431  3.37236  3.60179  3.83338  1.35052  3.32861  4.17537  3.00869  3.93114  2.74179  2.06241  2.81710  3.07732  3.49658  5.42535  4.19582    107 k - - -
          2.68618  4.42225  2.77519  2.73123  3.46354  2.40513  3.72494  3.29354  2.67741  2.69355  4.24690  2.90347  2.73739  3.18146  2.89801  2.37887  2.77519  2.98518  4.58477  3.61503
          0.02926  3.94188  4.66423  0.61958  0.77255  0.53594  0.87977
     29   2.45702  4.70032  2.90121  2.44097  4.04721  3.32232  3.65435  3.46146  2.43379  3.07141  3.89444  2.84499  3.18787  2.57862  2.89448  2.06571  2.63280  3.12323  5.31521  3.92046    108 s - - -
          2.68618  4.42225  2.77519  2.73123  3.46354  2.40513  3.72494  3.29354  2.67741  2.69355  4.24690  2.90347  2.73739  3.18146  2.89801  2.37887  2.77519  2.98518  4.58477  3.61503
          0.05089  3.94635  3.49673  0.61958  0.77255  0.53889  0.87562
     30   2.55332  4.27925  3.41429  2.84683  2.77264  3.52268  3.40026  2.77594  2.76673  2.24475  3.37737  3.25075  3.90135  2.89891  2.89233  2.74255  2.75544  2.42788  4.80413  3.41523    109 l - - -
          2.68619  4.42226  2.77521  2.73124  3.46355  2.40514  3.72496  3.29355  2.67742  2.69356  4.24691  2.90327  2.73741  3.18148  2.89798  2.37888  2.77521  2.98520  4.58478  3.61504
          0.04653  3.32753  4.64756  0.87034  0.54268  0.46698  0.98589
     31   2.67310  4.94496  2.64681  2.33073  4.25883  2.95767  2.89613  3.73325  2.46450  3.29731  4.11526  1.97579  3.80664  2.75322  2.91361  2.46401  2.93556  3.36744  5.48009  4.10808    116 n - - -
          2.68618  4.42225  2.77519  2.73123  3.46354  2.40513  3.72494  3.29354  2.67741  2.69355  4.24690  2.90347  2.73739  3.18146  2.89801  2.37887  2.77519  2.98518  4.58477  3.61503
          0.06826  3.98446  3.04958  0.61958  0.77255  0.47575  0.97133
     32   1.55857  4.43552  3.00526  2.65193  4.10003  2.94211  3.85426  3.50980  2.73656  3.15520  3.98948  2.73424  3.34674  2.95966  3.14019  2.46405  2.72012  3.11016  5.41319  4.13142    117 a - - -
          2.68617  4.42228  2.77523  2.73124  3.46357  2.40492  3.72498  3.29357  2.67741  2.69358  4.24693  2.90350  2.73743  3.18145  2.89804  2.37889  2.77520  2.98518  4.58480  3.61506
          0.09224  2.53990  4.68423  0.96398  0.48025  0.46247  0.99352
     33   2.20554  4.29809  3.23735  2.99831  4.21526  3.05058  4.13936  3.50097  3.04393  3.24731  4.16850  3.25767  1.35619  3.40039  3.35586  2.52247  2.66553  3.08015  5.58767  4.34330    127 p - - -
          2.68618  4.42225  2.77519  2.73123  3.46354  2.40513  3.72494  3.29354  2.67741  2.69355  4.24690  2.90347  2.73739  3.18146  2.89801  2.37887  2.77519  2.98518  4.58477  3.61503
          0.02758  4.00035  4.72270  0.61958  0.77255  0.48576  0.95510
     34   2.27886  4.21053  3.39301  3.08044  4.16830  3.01032  4.14482  3.50228  3.08404  3.25330  4.11928  3.28610  3.72725  3.41589  3.39625  1.78343  1.46524  3.04855  5.53617  4.30108    128 t - - -
          2.68618  4.42225  2.77519  2.73123  3.46354  2.40513  3.72494  3.29354  2.67741  2.69355  4.24690  2.90347  2.73739  3.18146  2.89801  2.37887  2.77519  2.98518  4.58477  3.61503
          0.02758  4.00035  4.72270  0.61958  0.77255  0.48576  0.95510
     35   3.00701  4.95956  3.57630  2.93006  4.12683  3.64710  3.70195  3.70044  2.04559  3.19842  4.14079  3.30342  4.05375  2.89164  1.10981  3.06326  3.21266  3.43195  4.85218  4.00614    129 r - - -
          2.68618  4.42225  2.77519  2.73123  3.46354  2.40513  3.72494  3.29354  2.67741  2.69355  4.24690  2.90347  2.73739  3.18146  2.89801  2.37887  2.77519  2.98518  4.58477  3.61503
          0.02758  4.00035  4.72270  0.61958  0.77255  0.48576  0.95510
     36   1.84992  4.29622  3.31398  2.88890  3.95823  3.15481  3.95319  3.28950  2.83086  3.01508  3.87635  3.18209  3.77041  3.11781  3.21668  2.41564  1.75676  2.85331  5.32607  4.08225    130 t - - -
          2.68618  4.42225  2.77519  2.73123  3.46354  2.40513  3.72494  3.29354  2.67741  2.69355  4.24690  2.90347  2.73739  3.18146  2.89801  2.37887  2.77519  2.98518  4.58477  3.61503
          0.02758  4.00035  4.72270  0.61958  0.77255  0.48576  0.95510
     37   3.51751  4.85162  4.38018  4.04324  1.84330  4.25692  3.49858  3.28003  3.90173  2.65024  3.90679  3.96078  4.60233  3.98677  4.01563  3.63673  3.75458  3.19263  3.67947  0.91765    131 y - - -
          2.68618  4.42225  2.77519  2.73123  3.46354  2.40513  3.72494  3.29354  2.67741  2.69355  4.24690  2.90347  2.73739  3.18146  2.89801  2.37887  2.77519  2.98518  4.58477  3.61503
          0.02758  4.00035  4.72270  0.61958  0.77255  0.48576  0.95510
     38   3.06248  4.41177  4.63931  4.10551  3.45721  4.36056  4.81708  1.72259  3.98233  1.91972  3.05299  4.36442  4.65781  4.24366  4.19599  3.71337  3.31516  1.08054  5.38139  4.19300    132 v - - -
          2.68618  4.42225  2.77519  2.73123  3.46354  2.40513  3.72494  3.29354  2.67741  2.69355  4.24690  2.90347  2.73739  3.18146  2.89801  2.37887  2.77519  2.98518  4.58477  3.61503
          0.02758  4.00035  4.72270  0.61958  0.77255  0.48576  0.95510
     39   3.05426  4.99968  3.50746  2.95641  4.26222  3.61239  3.61403  3.87128  2.09962  3.34687  4.28972  3.32495  4.06466  2.94451  1.00410  3.10398  3.28157  3.57617  5.33498  4.10565    133 r - - -
          2.68618  4.42225  2.77519  2.73123  3.46354  2.40513  3.72494  3.29354  2.67741  2.69355  4.24690  2.90347  2.73739  3.18146  2.89801  2.37887  2.77519  2.98518  4.58477  3.61503
          0.02758  4.00035  4.72270  0.61958  0.77255  0.48576  0.95510
     40   3.03022  5.38096  0.93008  2.17742  4.72315  3.24833  3.90266  4.25956  2.97987  3.84029  4.76854  2.80388  3.90479  3.10636  3.55397  2.94397  3.35313  3.86858  5.91964  4.49928    134 d - - -
          2.68618  4.42225  2.77519  2.73123  3.46354  2.40513  3.72494  3.29354  2.67741  2.69355  4.24690  2.90347  2.73739  3.18146  2.89801  2.37887  2.77519  2.98518  4.58477  3.61503
          0.02758  4.00035  4.72270  0.61958  0.77255  0.48576  0.95510
     41   1.71320  4.60789  3.02333  2.57184  4.01407  3.18011  3.57544  3.41754  2.50821  3.04799  3.88817  2.80266  3.81247  2.91535  2.60900  2.63781  2.74863  3.08473  5.30177  4.01057    135 a - - -
          2.68618  4.42225  2.77519  2.73123  3.46354  2.40513  3.72494  3.29354  2.67741  2.69355  4.24690  2.90347  2.73739  3.18146  2.89801  2.37887  2.77519  2.98518  4.58477  3.61503
          0.02758  4.00035  4.72270  0.61958  0.77255  0.48576  0.95510
     42   3.05173  5.16074  3.44412  2.79545  4.61186  3.66045  3.61934  3.96416  1.21076  3.40964  4.28327  3.19855  4.03540  2.75591  1.74794  3.04813  3.22154  3.64636  5.45204  4.28256    136 k - - -
          2.68618  4.42225  2.77519  2.73123  3.46354  2.40513  3.72494  3.29354  2.67741  2.69355  4.24690  2.90347  2.73739  3.18146  2.89801  2.37887  2.77519  2.98518  4.58477  3.61503
          0.02758  4.00035  4.72270  0.61958  0.77255  0.48576  0.95510
     43   0.84409  4.25987  3.59595  3.39493  4.18308  3.08064  4.40138  3.32800  3.41456  3.20355  4.22264  3.51109  3.83211  3.74430  3.65523  2.60973  2.89603  2.96021  5.59745  4.41240    137 a - - -
          2.68618  4.42225  2.77519  2.73123  3.46354  2.40513  3.72494  3.29354  2.67741  2.69355  4.24690  2.90347  2.73739  3.18146  2.89801  2.37887  2.77519  2.98518  4.58477  3.61503
          0.02758  4.00035  4.72270  0.61958  0.77255  0.48576  0.95510
     44   3.07360  4.60312  4.18850  3.79316  3.26922  3.93037  4.49877  2.45782  3.55375  1.84604  1.15263  4.05440  4.39306  3.92804  3.74375  3.43533  3.38215  2.47843  5.12618  3.89842    138 m - - -
          2.68618  4.42225  2.77519  2.73123  3.46354  2.40513  3.72494  3.29354  2.67741  2.69355  4.24690  2.90347  2.73739  3.18146  2.89801  2.37887  2.77519  2.98518  4.58477  3.61503
          0.02758  4.00035  4.72270  0.61958  0.77255  0.48576  0.95510
     45   1.30822  4.46043  3.06542  2.76287  4.10825  3.19366  3.92294  3.43225  2.49243  3.16039  4.03779  3.01927  3.81245  3.15214  3.06654  2.62276  2.86871  3.06810  5.43297  4.16298    139 a - - -
          2.68618  4.42225  2.77519  2.73123  3.46354  2.40513  3.72494  3.29354  2.67741  2.69355  4.24690  2.90347  2.73739  3.18146  2.89801  2.37887  2.77519  2.98518  4.58477  3.61503
          0.02758  4.00035  4.72270  0.61958  0.77255  0.48576  0.95510
     46   1.45477  4.31489  3.15105  2.84674  4.21623  3.04451  4.02130  3.62498  2.94317  3.30036  4.13249  2.65370  3.72602  3.25381  3.31357  1.91899  2.76206  3.15572  5.54224  4.28008    140 a - - -
          2.68618  4.42225  2.77519  2.73123  3.46354  2.40513  3.72494  3.29354  2.67741  2.69355  4.24690  2.90347  2.73739  3.18146  2.89801  2.37887  2.77519  2.98518  4.58477  3.61503
          0.02758  4.00035  4.72270  0.61958  0.77255  0.48576  0.95510
     47   2.48567  4.33045  3.54599  3.30589  4.08607  3.16501  4.31289  3.22895  3.25138  3.08787  4.13146  3.49344  3.87943  3.64016  3.50287  2.68854  0.97222  2.91009  5.51258  4.30320    141 t - - -
          2.68618  4.42225  2.77519  2.73123  3.46354  2.40513  3.72494  3.29354  2.67741  2.69355  4.24690  2.90347  2.73739  3.18146  2.89801  2.37887  2.77519  2.98518  4.58477  3.61503
          0.02758  4.00035  4.72270  0.61958  0.77255  0.48576  0.95510
     48   2.63657  4.62374  2.98883  2.71233  4.01430  3.28589  3.88699  3.50765  2.66989  3.00544  4.05962  3.13269  1.47269  2.83727  2.99815  2.73923  2.98432  3.18936  5.36870  4.04807    142 p - - -
          2.68618  4.42225  2.77519  2.73123  3.46354  2.40513  3.72494  3.29354  2.67741  2.69355  4.24690  2.90347  2.73739  3.18146  2.89801  2.37887  2.77519  2.98518  4.58477  3.61503
          0.02758  4.00035  4.72270  0.61958  0.77255  0.48576  0.95510
     49   1.39823  4.28534  3.67762  3.21097  3.65872  3.38168  4.13550  2.65166  3.10752  2.50109  2.96048  3.48256  3.95648  3.45123  3.41006  2.76029  2.87795  2.39763  5.22746  3.99631    143 a - - -
          2.68618  4.42225  2.77519  2.73123  3.46354  2.40513  3.72494  3.29354  2.67741  2.69355  4.24690  2.90347  2.73739  3.18146  2.89801  2.37887  2.77519  2.98518  4.58477  3.61503
          0.02758  4.00035  4.72270  0.61958  0.77255  0.48576  0.95510
     50   3.13104  5.27396  0.75061  2.42274  4.66911  3.31119  4.04943  4.28726  3.15864  3.87344  4.85583  2.98495  3.97318  3.28985  3.69107  3.08002  3.47287  3.91333  5.81250  4.52283    144 d - - -
          2.68618  4.42225  2.77519  2.73123  3.46354  2.40513  3.72494  3.29354  2.67741  2.69355  4.24690  2.90347  2.73739  3.18146  2.89801  2.37887  2.77519  2.98518  4.58477  3.61503
          0.02758  4.00035  4.72270  0.61958  0.77255  0.48576  0.95510
     51   2.79404  4.36439  4.40393  3.96479  3.61700  4.00448  4.75308  1.83970  3.82670  2.22067  3.47705  4.16577  4.47907  4.15583  4.05387  3.41562  3.21587  0.99566  5.47188  4.23011    145 v - - -
          2.68618  4.42225  2.77519  2.73123  3.46354  2.40513  3.72494  3.29354  2.67741  2.69355  4.24690  2.90347  2.73739  3.18146  2.89801  2.37887  2.77519  2.98518  4.58477  3.61503
          0.02758  4.00035  4.72270  0.61958  0.77255  0.48576  0.95510
     52   2.74117  4.69634  3.30302  2.74239  3.90364  3.55839  3.75054  2.67366  1.54013  2.80072  3.77971  3.18834  3.96326  2.94069  2.67489  2.85069  2.97628  2.64009  5.24886  3.97902    146 k - - -
          2.68618  4.42225  2.77519  2.73123  3.46354  2.40513  3.72494  3.29354  2.67741  2.69355  4.24690  2.90347  2.73739  3.18146  2.89801  2.37887  2.77519  2.98518  4.58477  3.61503
          0.02758  4.00035  4.72270  0.61958  0.77255  0.48576  0.95510
     53   2.96235  5.29536  2.26643  1.03295  4.62337  3.28370  3.83206  4.09855  2.76970  3.67958  4.57601  2.82482  3.89380  3.01758  3.26294  2.89547  3.25720  3.72789  5.80382  4.40965    147 e - - -
          2.68618  4.42225  2.77519  2.73123  3.46354  2.40513  3.72494  3.29354  2.67741  2.69355  4.24690  2.90347  2.73739  3.18146  2.89801  2.37887  2.77519  2.98518  4.58477  3.61503
          0.02758  4.00035  4.72270  0.61958  0.77255  0.48576  0.95510
     54   2.76421  4.41807  3.72998  3.22208  2.67238  3.75066  3.39140  2.88600  3.06393  1.94953  3.51076  3.50908  4.12825  3.38915  3.32804  2.99003  3.05111  2.70091  4.27067  1.79736    148 y - - -
          2.68613  4.42226  2.77521  2.73124  3.46355  2.40514  3.72496  3.29355  2.67742  2.69356  4.24691  2.90348  2.73734  3.18147  2.89794  2.37888  2.77521  2.98519  4.58478  3.61504
          0.08640  2.60531  4.72270  0.54745  0.86376  0.48576  0.95510
     55   2.29056  4.38851  3.05355  2.78519  4.21020  3.08659  3.98675  3.63022  2.86732  3.29042  4.14305  3.13301  1.58670  3.11543  3.22514  2.20503  2.81481  3.18599  5.53212  4.25644    151 p - - -
          2.68618  4.42225  2.77519  2.73123  3.46354  2.40513  3.72494  3.29354  2.67741  2.69355  4.24690  2.90347  2.73739  3.18146  2.89801  2.37887  2.77519  2.98518  4.58477  3.61503
          0.02758  4.00035  4.72270  0.61958  0.77255  0.48576  0.95510
     56   2.66603  4.90553  2.38714  2.32143  4.46690  2.38930  3.79909  3.94403  2.72181  3.51929  4.34931  1.62576  3.79928  2.97484  3.21258  2.64251  2.96348  3.51270  5.70549  4.31323    152 n - - -
          2.68618  4.42225  2.77519  2.73123  3.46354  2.40513  3.72494  3.29354  2.67741  2.69355  4.24690  2.90347  2.73739  3.18146  2.89801  2.37887  2.77519  2.98518  4.58477  3.61503
          0.02758  4.00035  4.72270  0.61958  0.77255  0.48576  0.95510
     57   1.60391  4.24020  3.32797  2.99876  4.12273  3.03473  4.08802  3.49091  3.03211  3.21874  4.07905  3.24716  3.73116  3.35033  3.36880  1.52763  2.74420  3.04954  5.49158  4.08089    153 s - - -
          2.68618  4.42225  2.77519  2.73123  3.46354  2.40513  3.72494  3.29354  2.67741  2.69355  4.24690  2.90347  2.73739  3.18146  2.89801  2.37887  2.77519  2.98518  4.58477  3.61503
          0.02758  4.00035  4.72270  0.61958  0.77255  0.48576  0.95510
     58   3.14310  4.59308  4.19181  3.71402  2.25614  4.07546  3.68592  2.60641  3.56633  2.19346  3.52698  3.83948  4.41200  3.76551  3.76114  3.39154  3.37417  2.72598  3.99427  1.25323    154 y - - -
          2.68618  4.42225  2.77519  2.73123  3.46354  2.40513  3.72494  3.29354  2.67741  2.69355  4.24690  2.90347  2.73739  3.18146  2.89801  2.37887  2.77519  2.98518  4.58477  3.61503
          0.02758  4.00035  4.72270  0.61958  0.77255  0.48576  0.95510
     59   2.26083  4.26682  3.50397  2.96135  3.48443  3.50798  3.87715  2.59980  2.88781  2.51695  3.34285  3.06592  3.93689  3.12833  3.22220  2.77478  2.72210  1.81257  4.94829  3.71689    155 v - - -
          2.68618  4.42225  2.77519  2.73123  3.46354  2.40513  3.72494  3.29354  2.67741  2.69355  4.24690  2.90347  2.73739  3.18146  2.89801  2.37887  2.77519  2.98518  4.58477  3.61503
          0.02758  4.00035  4.72270  0.61958  0.77255  0.48576  0.95510
     60   3.33028  4.69473  4.54451  4.13118  1.18620  4.28564  3.98589  2.57019  3.97595  1.69909  3.26831  4.18563  4.60725  4.10001  4.09260  3.68037  3.57949  2.61487  4.20990  2.59197    156 f - - -
          2.68618  4.42225  2.77519  2.73123  3.46354  2.40513  3.72494  3.29354  2.67741  2.69355  4.24690  2.90347  2.73739  3.18146  2.89801  2.37887  2.77519  2.98518  4.58477  3.61503
          0.02758  4.00035  4.72270  0.61958  0.77255  0.48576  0.95510
     61   2.42290  4.25420  3.94860  3.22504  3.46485  3.83013  4.20516  1.96456  3.31007  2.22866  3.37649  3.72219  4.21051  3.60928  3.59255  3.12980  2.90462  1.46090  5.06922  3.85411    157 v - - -
          2.68618  4.42225  2.77519  2.73123  3.46354  2.40513  3.72494  3.29354  2.67741  2.69355  4.24690  2.90347  2.73739  3.18146  2.89801  2.37887  2.77519  2.98518  4.58477  3.61503
          0.02758  4.00035  4.72270  0.61958  0.77255  0.48576  0.95510
     62   3.06051  4.40690  4.70004  4.21257  3.56414  4.35273  4.94755  1.53233  4.09174  2.08841  3.38574  4.43721  4.69817  4.37524  4.30240  3.74362  3.33571  1.03792  5.50900  4.28970    158 v - - -
          2.68618  4.42225  2.77519  2.73123  3.46354  2.40513  3.72494  3.29354  2.67741  2.69355  4.24690  2.90347  2.73739  3.18146  2.89801  2.37887  2.77519  2.98518  4.58477  3.61503
          0.02758  4.00035  4.72270  0.61958  0.77255  0.48576  0.95510
     63   3.13104  5.27396  0.75061  2.42274  4.66911  3.31119  4.04943  4.28726  3.15864  3.87344  4.85583  2.98495  3.97318  3.28985  3.69107  3.08002  3.47287  3.91333  5.81250  4.52283    159 d - - -
          2.68618  4.42225  2.77519  2.73123  3.46354  2.40513  3.72494  3.29354  2.67741  2.69355  4.24690  2.90347  2.73739  3.18146  2.89801  2.37887  2.77519  2.98518  4.58477  3.61503
          0.02758  4.00035  4.72270  0.61958  0.77255  0.48576  0.95510
     64   3.00932  4.54905  4.22510  3.77978  3.21281  3.97063  4.48595  2.34135  3.54124  1.75352  1.33041  4.03709  4.40284  3.89293  3.74240  3.38823  3.31010  2.31436  5.11642  3.88803    160 m - - -
          2.68618  4.42225  2.77519  2.73123  3.46354  2.40513  3.72494  3.29354  2.67741  2.69355  4.24690  2.90347  2.73739  3.18146  2.89801  2.37887  2.77519  2.98518  4.58477  3.61503
          0.02758  4.00035  4.72270  0.61958  0.77255  0.48576  0.95510
     65   2.92890  4.66340  3.55015  3.40873  4.39050  3.34374  4.47451  3.97025  3.47725  3.58265  4.63893  3.70187  0.62081  3.86214  3.70709  3.10072  3.38083  3.60080  5.54060  4.51338    161 P - - -
          2.68618  4.42225  2.77519  2.73123  3.46354  2.40513  3.72494  3.29354  2.67741  2.69355  4.24690  2.90347  2.73739  3.18146  2.89801  2.37887  2.77519  2.98518  4.58477  3.61503
          0.02758  4.00035  4.72270  0.61958  0.77255  0.48576  0.95510
     66   2.83095  4.59221  3.53079  3.44719  4.58432  0.55648  4.55831  4.21634  3.64576  3.85404  4.83185  3.69528  3.98738  3.95993  3.86647  3.00676  3.32215  3.71999  5.64432  4.69102    162 G - - -
          2.68618  4.42225  2.77519  2.73123  3.46354  2.40513  3.72494  3.29354  2.67741  2.69355  4.24690  2.90347  2.73739  3.18146  2.89801  2.37887  2.77519  2.98518  4.58477  3.61503
          0.02758  4.00035  4.72270  0.61958  0.77255  0.48576  0.95510
     67   3.20701  4.56330  4.71634  4.17587  3.18881  4.44765  4.81364  1.89030  4.02434  1.01546  3.00074  4.44781  4.69032  4.22112  4.19554  3.80354  3.44724  1.85654  5.23036  4.10246    163 l - - -
          2.68618  4.42225  2.77519  2.73123  3.46354  2.40513  3.72494  3.29354  2.67741  2.69355  4.24690  2.90347  2.73739  3.18146  2.89801  2.37887  2.77519  2.98518  4.58477  3.61503
          0.02758  4.00035  4.72270  0.61958  0.77255  0.48576  0.95510
     68   2.57227  4.92371  2.91801  2.39930  4.28652  3.14999  3.62945  3.69707  1.60706  3.24918  4.06615  2.95431  3.84061  2.77109  2.56355  2.51438  2.86383  3.34379  5.42727  4.11634    164 k - - -
          2.68618  4.42225  2.77519  2.73123  3.46354  2.40513  3.72494  3.29354  2.67741  2.69355  4.24690  2.90347  2.73739  3.18146  2.89801  2.37887  2.77519  2.98518  4.58477  3.61503
          0.02758  4.00035  4.72270  0.61958  0.77255  0.48576  0.95510
     69   1.95725  4.26594  3.31636  2.90199  4.17415  2.79746  4.00756  3.58630  2.92437  3.24525  4.06485  3.19007  2.79810  3.23309  3.30149  1.63300  2.49477  3.06011  5.49755  4.24991    165 s - - -
          2.68618  4.42225  2.77519  2.73123  3.46354  2.40513  3.72494  3.29354  2.67741  2.69355  4.24690  2.90347  2.73739  3.18146  2.89801  2.37887  2.77519  2.98518  4.58477  3.61503
          0.02758  4.00035  4.72270  0.61958  0.77255  0.48576  0.95510
     70   2.38847  4.85555  2.21185  2.34317  4.24951  2.05491  3.71298  3.69134  2.59155  3.28593  4.10774  2.83927  3.79367  2.87759  3.07862  2.59011  2.91604  3.31956  5.50722  3.82616    166 g - - -
          2.68618  4.42225  2.77519  2.73123  3.46354  2.40513  3.72494  3.29354  2.67741  2.69355  4.24690  2.90347  2.73739  3.18146  2.89801  2.37887  2.77519  2.98518  4.58477  3.61503
          0.02758  4.00035  4.72270  0.61958  0.77255  0.48576  0.95510
     71   2.76665  5.22242  1.62407  2.11971  4.51186  3.29803  3.65948  3.98471  2.43318  3.50252  4.10511  2.76844  3.81099  2.37950  3.00586  2.70700  3.01910  3.58851  5.67206  4.24837    167 d - - -
          2.68618  4.42225  2.77519  2.73123  3.46354  2.40513  3.72494  3.29354  2.67741  2.69355  4.24690  2.90347  2.73739  3.18146  2.89801  2.37887  2.77519  2.98518  4.58477  3.61503
          0.02758  4.00035  4.72270  0.61958  0.77255  0.48576  0.95510
     72   3.09845  4.42771  4.76404  4.27568  3.52615  4.41277  4.99137  1.12468  4.15185  2.01697  3.33840  4.49814  4.73597  4.42056  4.34967  3.80596  3.36870  1.41065  5.50460  4.30054    168 i - - -
          2.68618  4.42225  2.77519  2.73123  3.46354  2.40513  3.72494  3.29354  2.67741  2.69355  4.24690  2.90347  2.73739  3.18146  2.89801  2.37887  2.77519  2.98518  4.58477  3.61503
          0.02758  4.00035  4.72270  0.61958  0.77255  0.48576  0.95510
     73   2.97100  5.16480  3.25956  2.66757  4.58798  3.60607  3.59716  3.95374  1.29303  3.40326  4.24961  3.03660  3.98379  2.43600  2.00279  2.95478  3.14857  3.61820  5.46528  4.25632    169 k - - -
          2.68618  4.42225  2.77519  2.73123  3.46354  2.40513  3.72494  3.29354  2.67741  2.69355  4.24690  2.90347  2.73739  3.18146  2.89801  2.37887  2.77519  2.98518  4.58477  3.61503
          0.02758  4.00035  4.72270  0.61958  0.77255  0.48576  0.95510
     74   2.90978  4.41869  4.30094  3.96950  3.64616  3.85456  4.74994  2.05173  3.83922  2.31196  3.59334  4.13838  4.40902  4.19049  4.03917  3.36730  3.26890  0.87784  5.45171  4.19062    170 v - - -
          2.68618  4.42225  2.77519  2.73123  3.46354  2.40513  3.72494  3.29354  2.67741  2.69355  4.24690  2.90347  2.73739  3.18146  2.89801  2.37887  2.77519  2.98518  4.58477  3.61503
          0.02758  4.00035  4.72270  0.61958  0.77255  0.48576  0.95510
     75   2.81306  5.09381  2.77474  2.30736  4.36623  3.42943  2.94679  3.83078  2.20396  3.35006  4.18162  2.92632  3.87937  1.70125  2.58746  2.79123  3.03681  3.48303  5.47952  4.14856    171 q - - -
          2.68618  4.42225  2.77519  2.73123  3.46354  2.40513  3.72494  3.29354  2.67741  2.69355  4.24690  2.90347  2.73739  3.18146  2.89801  2.37887  2.77519  2.98518  4.58477  3.61503
          0.02758  4.00035  4.72270  0.61958  0.77255  0.48576  0.95510
     76   3.07163  4.42053  4.66309  4.15064  3.49545  4.36534  4.87225  1.68728  4.01891  1.90356  3.32646  4.39834  4.68306  4.29850  4.23327  3.73622  3.33473  1.05100  5.43362  4.21885    172 v - - -
          2.68618  4.42225  2.77519  2.73123  3.46354  2.40513  3.72494  3.29354  2.67741  2.69355  4.24690  2.90347  2.73739  3.18146  2.89801  2.37887  2.77519  2.98518  4.58477  3.61503
          0.02758  4.00035  4.72270  0.61958  0.77255  0.48576  0.95510
     77   3.00141  5.19126  2.48753  0.92925  4.58963  3.21973  3.91059  4.06576  2.80602  3.66284  4.58904  2.94944  3.93618  3.11257  3.24194  2.96684  3.30789  3.70931  5.73636  4.42806    173 e - - -
          2.68618  4.42225  2.77519  2.73123  3.46354  2.40513  3.72494  3.29354  2.67741  2.69355  4.24690  2.90347  2.73739  3.18146  2.89801  2.37887  2.77519  2.98518  4.58477  3.61503
          0.02758  4.00035  4.72270  0.61958  0.77255  0.48576  0.95510
     78   2.94428  5.52336  1.26469  1.88534  4.81318  3.14989  3.76550  4.33645  2.79154  3.83152  4.68087  2.44067  3.84239  2.93220  3.39434  2.79617  3.23492  3.90474  5.99496  4.47958    174 d - - -
          2.68618  4.42225  2.77519  2.73123  3.46354  2.40513  3.72494  3.29354  2.67741  2.69355  4.24690  2.90347  2.73739  3.18146  2.89801  2.37887  2.77519  2.98518  4.58477  3.61503
          0.02758  4.00035  4.72270  0.61958  0.77255  0.48576  0.95510
     79   2.86392  5.38472  1.50768  1.84999  4.70316  2.53369  3.73361  4.20527  2.70455  3.71088  4.53786  2.70778  3.61045  2.89022  3.27883  2.77226  3.14526  3.78113  5.87935  4.40067    175 d - - -
          2.68618  4.42225  2.77519  2.73123  3.46354  2.40513  3.72494  3.29354  2.67741  2.69355  4.24690  2.90347  2.73739  3.18146  2.89801  2.37887  2.77519  2.98518  4.58477  3.61503
          0.02758  4.00035  4.72270  0.61958  0.77255  0.48576  0.95510
     80   2.78299  4.97773  2.76482  2.46257  4.30850  3.37230  3.69977  3.81787  2.34379  3.36264  4.21562  1.56880  3.88007  2.78545  2.38364  2.78933  3.04862  3.46060  5.48070  4.14192    176 n - - -
          2.68618  4.42225  2.77519  2.73123  3.46354  2.40513  3.72494  3.29354  2.67741  2.69355  4.24690  2.90347  2.73739  3.18146  2.89801  2.37887  2.77519  2.98518  4.58477  3.61503
          0.03983  4.00035  3.87588  0.61958  0.77255  0.48576  0.95510
     81   3.01843  4.41290  4.52927  4.01405  3.45945  4.24173  4.74524  1.83728  3.85750  1.95779  3.11800  4.26898  4.59102  4.16040  4.08043  3.60864  3.28827  1.05493  5.36266  4.14187    177 v - - -
          2.68618  4.42225  2.77519  2.73123  3.46354  2.40513  3.72494  3.29354  2.67741  2.69355  4.24690  2.90347  2.73739  3.18146  2.89801  2.37887  2.77519  2.98518  4.58477  3.61503
          0.02791  3.98844  4.71078  0.61958  0.77255  0.47820  0.96732
     82   3.30091  4.72614  4.39436  4.03630  3.18834  4.14357  4.65201  2.40099  3.80278  0.73242  3.17408  4.29932  4.55792  4.14044  3.95732  3.73160  3.58990  2.47124  5.11246  3.86480    178 l - - -
          2.68618  4.42225  2.77519  2.73123  3.46354  2.40513  3.72494  3.29354  2.67741  2.69355  4.24690  2.90347  2.73739  3.18146  2.89801  2.37887  2.77519  2.98518  4.58477  3.61503
          0.02758  4.00035  4.72270  0.61958  0.77255  0.48576  0.95510
     83   2.63470  4.28754  4.12118  3.58230  3.41841  3.89229  4.33527  2.09188  3.45910  1.76358  3.26865  3.86316  4.28456  3.70949  3.70889  3.21787  2.85092  1.45961  5.11449  3.91815    179 v - - -
          2.68618  4.42225  2.77519  2.73123  3.46354  2.40513  3.72494  3.29354  2.67741  2.69355  4.24690  2.90347  2.73739  3.18146  2.89801  2.37887  2.77519  2.98518  4.58477  3.61503
          0.02758  4.00035  4.72270  0.61958  0.77255  0.48576  0.95510
     84   3.11548  4.42663  4.80282  4.29354  3.51011  4.46943  4.99535  1.18313  4.17438  1.94805  3.31566  4.52494  4.75912  4.42943  4.37002  3.84833  3.37449  1.36307  5.49078  4.29670    180 i - - -
          2.68618  4.42225  2.77519  2.73123  3.46354  2.40513  3.72494  3.29354  2.67741  2.69355  4.24690  2.90347  2.73739  3.18146  2.89801  2.37887  2.77519  2.98518  4.58477  3.61503
          0.02758  4.00035  4.72270  0.61958  0.77255  0.48576  0.95510
     85   2.44944  3.56422  3.44228  2.91170  3.46361  3.33268  3.86998  2.95351  2.85885  2.68642  3.57548  3.26348  3.84176  3.17469  3.21238  1.76002  2.42818  2.68055  5.03146  3.56133    181 s - - -
          2.68618  4.42225  2.77519  2.73123  3.46354  2.40513  3.72494  3.29354  2.67741  2.69355  4.24690  2.90347  2.73739  3.18146  2.89801  2.37887  2.77519  2.98518  4.58477  3.61503
          0.02758  4.00035  4.72270  0.61958  0.77255  0.48576  0.95510
     86   2.83095  4.59221  3.53079  3.44719  4.58432  0.55648  4.55831  4.21634  3.64576  3.85404  4.83185  3.69528  3.98738  3.95993  3.86647  3.00676  3.32215  3.71999  5.64432  4.69102    182 G - - -
          2.68618  4.42225  2.77519  2.73123  3.46354  2.40513  3.72494  3.29354  2.67741  2.69355  4.24690  2.90347  2.73739  3.18146  2.89801  2.37887  2.77519  2.98518  4.58477  3.61503
          0.02758  4.00035  4.72270  0.61958  0.77255  0.48576  0.95510
     87   2.94400  5.24215  2.41204  1.09424  4.56527  3.31459  3.80069  4.00619  2.53898  3.58596  4.48750  2.85646  3.90161  2.98029  3.05937  2.89128  3.22700  3.65399  5.73620  4.36306    183 e - - -
          2.68618  4.42225  2.77519  2.73123  3.46354  2.40513  3.72494  3.29354  2.67741  2.69355  4.24690  2.90347  2.73739  3.18146  2.89801  2.37887  2.77519  2.98518  4.58477  3.61503
          0.02758  4.00035  4.72270  0.61958  0.77255  0.48576  0.95510
     88   3.15387  4.98120  3.65797  3.14425  4.36836  3.61543  3.92332  3.92016  2.29780  3.41292  4.41105  3.49355  4.11295  3.13842  0.79966  3.23265  3.41186  3.63890  5.40028  4.26930    184 r - - -
          2.68618  4.42225  2.77519  2.73123  3.46354  2.40513  3.72494  3.29354  2.67741  2.69355  4.24690  2.90347  2.73739  3.18146  2.89801  2.37887  2.77519  2.98518  4.58477  3.61503
          0.02758  4.00035  4.72270  0.61958  0.77255  0.48576  0.95510
     89   3.02188  5.18187  3.39096  2.73851  4.62906  3.65125  3.59454  3.97762  1.32932  3.41296  4.26787  3.11260  4.01431  2.59259  1.70606  3.00789  3.18702  3.64975  5.45833  4.27627    185 k - - -
          2.68618  4.42225  2.77519  2.73123  3.46354  2.40513  3.72494  3.29354  2.67741  2.69355  4.24690  2.90347  2.73739  3.18146  2.89801  2.37887  2.77519  2.98518  4.58477  3.61503
          0.02758  4.00035  4.72270  0.61958  0.77255  0.48576  0.95510
     90   3.01563  5.06567  3.38786  2.80485  4.33544  3.63149  3.45513  3.85146  1.96738  3.32149  4.21641  3.20416  4.03151  2.68753  1.19566  3.03460  3.20535  3.54999  5.35306  4.11603    186 r - - -
          2.68608  4.42227  2.77522  2.73125  3.46356  2.40509  3.72497  3.29356  2.67743  2.69357  4.24692  2.90349  2.73729  3.18148  2.89803  2.37889  2.77522  2.98520  4.58479  3.61505
          0.15124  2.46208  2.89856  0.68390  0.70248  0.48576  0.95510
     91   2.74982  5.19772  2.23664  1.55087  4.50009  2.97275  3.64833  3.97322  2.49575  3.49122  4.29624  2.72276  3.79449  2.76547  2.75404  2.69166  3.00524  3.57502  5.66105  4.23894    190 e - - -
          2.68618  4.42225  2.77519  2.73123  3.46354  2.40513  3.72494  3.29354  2.67741  2.69355  4.24690  2.90347  2.73739  3.18146  2.89801  2.37887  2.77519  2.98518  4.58477  3.61503
          0.07052  3.95304  3.01816  0.61958  0.77255  0.45755  1.00194
     92   2.78011  5.26715  2.16344  1.53448  4.56527  3.27132  3.65674  4.04671  2.31375  3.55166  4.35679  2.63297  3.80063  2.79745  2.97360  2.62413  3.03639  3.63935  5.71353  4.27728    191 e - - -
          2.68602  4.42235  2.77504  2.73123  3.46363  2.40485  3.72504  3.29364  2.67741  2.69364  4.24699  2.90356  2.73749  3.18125  2.89810  2.37896  2.77529  2.98519  4.58486  3.61513
          0.13081  2.17704  4.68423  1.45681  0.26524  0.46247  0.99352
     93   2.89334  5.38314  2.10656  1.23897  4.67405  3.25997  3.73385  4.15585  2.52253  3.67757  4.51875  2.73041  3.84436  2.89355  3.18278  2.80335  3.16698  3.75481  5.84240  4.38604    208 e - - -
          2.68618  4.42225  2.77519  2.73123  3.46354  2.40513  3.72494  3.29354  2.67741  2.69355  4.24690  2.90347  2.73739  3.18146  2.89801  2.37887  2.77519  2.98518  4.58477  3.61503
          0.02758  4.00035  4.72270  0.61958  0.77255  0.48576  0.95510
     94   2.78480  4.98945  3.09391  2.45296  4.32994  3.24125  3.60492  3.48458  1.45743  3.24996  4.07960  3.02290  3.89589  2.74284  2.28137  2.79200  2.99419  3.38438  5.39944  4.12808    209 k - - -
          2.68618  4.42225  2.77519  2.73123  3.46354  2.40513  3.72494  3.29354  2.67741  2.69355  4.24690  2.90347  2.73739  3.18146  2.89801  2.37887  2.77519  2.98518  4.58477  3.61503
          0.05603  4.00035  3.31917  0.61958  0.77255  0.48576  0.95510
     95   2.77351  5.25573  2.15512  1.52029  4.54781  3.27550  3.65793  4.02846  2.45604  3.53830  4.34231  2.61968  3.80121  2.63976  3.04043  2.70518  3.02926  3.47151  5.70426  4.26805    210 e - - -
          2.68622  4.42229  2.77521  2.73097  3.46358  2.40512  3.72498  3.29358  2.67731  2.69359  4.24694  2.90351  2.73743  3.18142  2.89805  2.37887  2.77523  2.98522  4.58481  3.61507
          0.25072  1.54826  4.69503  0.45940  0.99875  0.51369  0.91201
     96   2.57482  4.70462  2.58872  2.37683  4.03873  2.05731  3.68824  3.43129  2.53595  3.07197  3.67951  2.93858  3.79480  2.86368  2.98803  2.58082  2.84653  2.92599  5.33299  4.00541    214 g - - -
          2.68618  4.42225  2.77519  2.73123  3.46354  2.40513  3.72494  3.29354  2.67741  2.69355  4.24690  2.90347  2.73739  3.18146  2.89801  2.37887  2.77519  2.98518  4.58477  3.61503
          0.02836  3.97268  4.69503  0.61958  0.77255  0.46869  0.98303
     97   1.78867  3.89044  3.82735  3.32598  3.62555  3.08751  4.14977  2.51956  3.24324  2.60749  3.56968  3.52938  3.92628  3.53010  3.52236  2.71880  2.80136  1.68677  5.13672  3.92734    215 v - - -
          2.68618  4.42225  2.77519  2.73123  3.46354  2.40513  3.72494  3.29354  2.67741  2.69355  4.24690  2.90347  2.73739  3.18146  2.89801  2.37887  2.77519  2.98518  4.58477  3.61503
          0.02758  4.00035  4.72270  0.61958  0.77255  0.48576  0.95510
     98   3.02726  5.08703  3.26675  2.78161  4.49991  3.58356  3.70204  3.90462  1.03226  3.40175  4.30924  3.19896  4.02627  2.86027  2.20726  3.04203  3.24008  3.59303  5.46030  4.26351    216 k - - -
          2.68618  4.42225  2.77519  2.73123  3.46354  2.40513  3.72494  3.29354  2.67741  2.69355  4.24690  2.90347  2.73739  3.18146  2.89801  2.37887  2.77519  2.98518  4.58477  3.61503
          0.02758  4.00035  4.72270  0.61958  0.77255  0.48576  0.95510
     99   3.51207  4.84904  4.35220  4.00187  1.79259  4.25565  3.34149  3.37457  3.85966  2.74259  3.95902  3.92305  4.59054  3.94661  3.98100  3.61230  3.73994  3.26126  3.63763  0.93403    217 y - - -
          2.68618  4.42225  2.77519  2.73123  3.46354  2.40513  3.72494  3.29354  2.67741  2.69355  4.24690  2.90347  2.73739  3.18146  2.89801  2.37887  2.77519  2.98518  4.58477  3.61503
          0.02758  4.00035  4.72270  0.61958  0.77255  0.48576  0.95510
    100   3.12176  4.48287  4.65202  4.10729  3.27258  4.37544  4.76448  1.92025  3.96759  1.26054  3.02743  4.37192  4.64407  4.18816  4.15516  3.72277  3.36517  1.47588  5.25068  4.10255    218 l - - -
          2.68618  4.42225  2.77519  2.73123  3.46354  2.40513  3.72494  3.29354  2.67741  2.69355  4.24690  2.90347  2.73739  3.18146  2.89801  2.37887  2.77519  2.98518  4.58477  3.61503
          0.02758  4.00035  4.72270  0.61958  0.77255  0.48576  0.95510
    101   3.01516  5.08087  3.48305  2.81746  4.48207  3.65690  3.62519  3.72008  1.73460  3.32080  4.20576  3.21195  4.03190  2.76991  1.27130  3.03201  3.19235  3.53446  5.40432  4.22299    219 r - - -
          2.68618  4.42225  2.77519  2.73123  3.46354  2.40513  3.72494  3.29354  2.67741  2.69355  4.24690  2.90347  2.73739  3.18146  2.89801  2.37887  2.77519  2.98518  4.58477  3.61503
          0.02758  4.00035  4.72270  0.61958  0.77255  0.48576  0.95510
    102   3.08098  4.56052  4.35686  3.85572  3.16691  4.13642  4.53647  2.15278  3.62908  1.66224  1.40229  4.13471  4.48853  3.94146  3.82928  3.51324  3.34783  2.27332  5.10957  3.91090    220 m - - -
          2.68618  4.42225  2.77519  2.73123  3.46354  2.40513  3.72494  3.29354  2.67741  2.69355  4.24690  2.90347  2.73739  3.18146  2.89801  2.37887  2.77519  2.98518  4.58477  3.61503
          0.02758  4.00035  4.72270  0.61958  0.77255  0.48576  0.95510
    103   3.06687  5.19946  2.54799  0.85637  4.56243  3.35980  3.95970  4.04193  2.85666  3.63921  4.60921  3.01186  3.97094  3.17372  3.27757  3.03722  3.37260  3.71319  5.70993  4.43413    221 e - - -
          2.68618  4.42225  2.77519  2.73123  3.46354  2.40513  3.72494  3.29354  2.67741  2.69355  4.24690  2.90347  2.73739  3.18146  2.89801  2.37887  2.77519  2.98518  4.58477  3.61503
          0.02758  4.00035  4.72270  0.61958  0.77255  0.48576  0.95510
    104   3.15387  4.98120  3.65797  3.14425  4.36836  3.61543  3.92332  3.92016  2.29780  3.41292  4.41105  3.49355  4.11295  3.13842  0.79966  3.23265  3.41186  3.63890  5.40028  4.26930    222 r - - -
          2.68618  4.42225  2.77519  2.73123  3.46354  2.40513  3.72494  3.29354  2.67741  2.69355  4.24690  2.90347  2.73739  3.18146  2.89801  2.37887  2.77519  2.98518  4.58477  3.61503
          0.02758  4.00035  4.72270  0.61958  0.77255  0.48576  0.95510
    105   3.15387  4.98120  3.65797  3.14425  4.36836  3.61543  3.92332  3.92016  2.29780  3.41292  4.41105  3.49355  4.11295  3.13842  0.79966  3.23265  3.41186  3.63890  5.40028  4.26930    223 r - - -
          2.68618  4.42225  2.77519  2.73123  3.46354  2.40513  3.72494  3.29354  2.67741  2.69355  4.24690  2.90347  2.73739  3.18146  2.89801  2.37887  2.77519  2.98518  4.58477  3.61503
          0.02758  4.00035  4.72270  0.61958  0.77255  0.48576  0.95510
    106   3.00350  4.37389  4.58716  4.01406  2.73272  4.22424  4.54230  2.01537  3.89888  1.56276  2.26179  4.23411  4.49386  4.05235  4.04438  3.54319  3.23192  1.63150  5.01277  3.87783    224 l - - -
          2.68618  4.42225  2.77519  2.73123  3.46354  2.40513  3.72494  3.29354  2.67741  2.69355  4.24690  2.90347  2.73739  3.18146  2.89801  2.37887  2.77519  2.98518  4.58477  3.61503
          0.02758  4.00035  4.72270  0.61958  0.77255  0.48576  0.95510
    107   2.83095  4.59221  3.53079  3.44719  4.58432  0.55648  4.55831  4.21634  3.64576  3.85404  4.83185  3.69528  3.98738  3.95993  3.86647  3.00676  3.32215  3.71999  5.64432  4.69102    225 G - - -
          2.68618  4.42225  2.77519  2.73123  3.46354  2.40513  3.72494  3.29354  2.67741  2.69355  4.24690  2.90347  2.73739  3.18146  2.89801  2.37887  2.77519  2.98518  4.58477  3.61503
          0.02758  4.00035  4.72270  0.61958  0.77255  0.48576  0.95510
    108   3.09227  5.05774  3.27655  2.87607  4.47345  3.56622  3.83531  3.91112  0.87583  3.44911  4.40518  3.29434  4.05878  3.02063  2.46309  3.12676  3.33679  3.61224  5.47672  4.30857    226 k - - -
          2.68618  4.42225  2.77519  2.73123  3.46354  2.40513  3.72494  3.29354  2.67741  2.69355  4.24690  2.90347  2.73739  3.18146  2.89801  2.37887  2.77519  2.98518  4.58477  3.61503
          0.02758  4.00035  4.72270  0.61958  0.77255  0.48576  0.95510
    109   3.01861  4.43483  4.34643  3.81608  1.49902  4.07829  3.95887  2.53000  3.68476  1.84071  2.84016  3.96412  4.38743  3.84299  3.84387  3.38758  3.24490  2.44830  4.31288  2.57442    227 f - - -
          2.68618  4.42225  2.77519  2.73123  3.46354  2.40513  3.72494  3.29354  2.67741  2.69355  4.24690  2.90347  2.73739  3.18146  2.89801  2.37887  2.77519  2.98518  4.58477  3.61503
          0.02758  4.00035  4.72270  0.61958  0.77255  0.48576  0.95510
    110   3.17800  4.60696  4.49184  3.96013  3.09467  4.29095  4.59898  2.23885  3.74254  1.34594  1.54610  4.25155  4.56970  4.00744  3.92646  3.64905  3.41879  2.32086  5.08717  3.92362    228 l - - -
          2.68618  4.42225  2.77519  2.73123  3.46354  2.40513  3.72494  3.29354  2.67741  2.69355  4.24690  2.90347  2.73739  3.18146  2.89801  2.37887  2.77519  2.98518  4.58477  3.61503
          0.02758  4.00035  4.72270  0.61958  0.77255  0.48576  0.95510
    111   3.07438  5.14453  3.50352  2.84054  4.59381  3.67649  3.62863  3.94425  1.62595  3.39596  4.27945  3.22908  4.05204  2.76957  1.25610  3.07906  3.24261  3.63560  5.43919  4.28082    229 r - - -
          2.68618  4.42225  2.77519  2.73123  3.46354  2.40513  3.72494  3.29354  2.67741  2.69355  4.24690  2.90347  2.73739  3.18146  2.89801  2.37887  2.77519  2.98518  4.58477  3.61503
          0.02758  4.00035  4.72270  0.61958  0.77255  0.48576  0.95510
    112   2.98088  5.10651  3.35030  2.74012  4.54675  3.61534  3.61978  3.89404  1.21641  3.36915  4.23569  3.15849  4.00301  2.75753  1.92976  2.98413  3.05448  3.57252  5.44634  4.25395    230 k - - -
          2.68618  4.42225  2.77519  2.73123  3.46354  2.40513  3.72494  3.29354  2.67741  2.69355  4.24690  2.90347  2.73739  3.18146  2.89801  2.37887  2.77519  2.98518  4.58477  3.61503
          0.02758  4.00035  4.72270  0.61958  0.77255  0.48576  0.95510
    113   3.42470  4.78947  4.41406  4.15421  0.82359  4.08173  3.93944  2.93418  4.05838  2.27543  3.64633  4.16508  4.53850  4.19146  4.14645  3.68713  3.72643  2.93402  4.15319  2.50524    231 f - - -
          2.68618  4.42225  2.77519  2.73123  3.46354  2.40513  3.72494  3.29354  2.67741  2.69355  4.24690  2.90347  2.73739  3.18146  2.89801  2.37887  2.77519  2.98518  4.58477  3.61503
          0.02758  4.00035  4.72270  0.61958  0.77255  0.48576  0.95510
    114   2.48951  4.47908  3.08428  2.50426  3.67556  3.44680  3.71156  3.03520  2.61033  2.72722  3.49138  3.09419  3.34688  2.84476  3.01739  2.61844  2.74675  2.07597  5.05644  3.78488    232 v - - -
          2.68618  4.42225  2.77519  2.73123  3.46354  2.40513  3.72494  3.29354  2.67741  2.69355  4.24690  2.90347  2.73739  3.18146  2.89801  2.37887  2.77519  2.98518  4.58477  3.61503
          0.02758  4.00035  4.72270  0.61958  0.77255  0.48576  0.95510
    115   3.30091  4.72614  4.39436  4.03630  3.18834  4.14357  4.65201  2.40099  3.80278  0.73242  3.17408  4.29932  4.55792  4.14044  3.95732  3.73160  3.58990  2.47124  5.11246  3.86480    233 l - - -
          2.68618  4.42225  2.77519  2.73123  3.46354  2.40513  3.72494  3.29354  2.67741  2.69355  4.24690  2.90347  2.73739  3.18146  2.89801  2.37887  2.77519  2.98518  4.58477  3.61503
          0.02758  4.00035  4.72270  0.61958  0.77255  0.48576  0.95510
    116   2.36657  4.41044  3.26953  3.08375  4.23005  3.13126  4.22547  3.61372  3.14978  3.31543  4.29563  3.35764  1.06760  3.52030  3.43873  2.67283  2.96855  3.21438  5.56836  4.35315    234 p - - -
          2.68618  4.42225  2.77519  2.73123  3.46354  2.40513  3.72494  3.29354  2.67741  2.69355  4.24690  2.90347  2.73739  3.18146  2.89801  2.37887  2.77519  2.98518  4.58477  3.61503
          0.02758  4.00035  4.72270  0.61958  0.77255  0.48576  0.95510
    117   2.90808  5.46084  1.82637  1.32569  4.74618  3.24149  3.73789  4.24880  2.59607  3.75061  4.58747  2.70101  3.83820  2.89618  3.26750  2.80272  3.18556  3.82892  5.91084  4.42443    235 e - - -
          2.68618  4.42225  2.77519  2.73123  3.46354  2.40513  3.72494  3.29354  2.67741  2.69355  4.24690  2.90347  2.73739  3.18146  2.89801  2.37887  2.77519  2.98518  4.58477  3.61503
          0.02758  4.00035  4.72270  0.61958  0.77255  0.48576  0.95510
    118   2.54936  4.64633  2.71161  2.53380  4.33788  3.14234  3.89318  3.82883  2.76584  3.46090  4.30974  1.42753  3.79074  3.09772  3.16932  2.30121  2.83174  3.38119  5.62163  4.26693    236 n - - -
          2.68618  4.42225  2.77519  2.73123  3.46354  2.40513  3.72494  3.29354  2.67741  2.69355  4.24690  2.90347  2.73739  3.18146  2.89801  2.37887  2.77519  2.98518  4.58477  3.61503
          0.02758  4.00035  4.72270  0.61958  0.77255  0.48576  0.95510
    119   1.02577  4.18638  3.65435  3.37148  4.04108  3.07323  4.33641  3.05769  3.33161  2.99164  4.01943  3.47383  3.80992  3.66048  3.58875  2.54283  2.80337  2.58834  5.54279  4.31125    237 a - - -
          2.68618  4.42225  2.77519  2.73123  3.46354  2.40513  3.72494  3.29354  2.67741  2.69355  4.24690  2.90347  2.73739  3.18146  2.89801  2.37887  2.77519  2.98518  4.58477  3.61503
          0.02758  4.00035  4.72270  0.61958  0.77255  0.48576  0.95510
    120   2.90254  5.37967  1.47906  2.14310  4.69917  3.21972  3.78261  4.25528  2.79270  3.77722  4.63120  1.76968  3.84349  2.95606  3.36867  2.81225  3.20492  3.82727  5.90666  4.41687    238 d - - -
          2.68618  4.42225  2.77519  2.73123  3.46354  2.40513  3.72494  3.29354  2.67741  2.69355  4.24690  2.90347  2.73739  3.18146  2.89801  2.37887  2.77519  2.98518  4.58477  3.61503
          0.02758  4.00035  4.72270  0.61958  0.77255  0.48576  0.95510
    121   2.53365  4.22845  3.56577  2.99672  3.36686  3.58149  3.85707  2.55342  2.75261  2.16553  3.04788  3.37028  3.80947  3.22526  3.24203  2.81488  2.40170  2.11850  4.84488  3.62242    239 v - - -
          2.68618  4.42225  2.77519  2.73123  3.46354  2.40513  3.72494  3.29354  2.67741  2.69355  4.24690  2.90347  2.73739  3.18146  2.89801  2.37887  2.77519  2.98518  4.58477  3.61503
          0.02758  4.00035  4.72270  0.61958  0.77255  0.48576  0.95510
    122   2.97264  5.54387  1.32786  1.59448  4.82838  3.22332  3.78323  4.34909  2.81687  3.85398  4.71662  2.68844  3.85386  2.95351  3.41951  2.85105  3.26497  3.92341  6.00424  4.49665    240 d - - -
          2.68618  4.42225  2.77519  2.73123  3.46354  2.40512  3.72494  3.29354  2.67741  2.69355  4.24690  2.90347  2.73739  3.18146  2.89801  2.37887  2.77519  2.98518  4.58477  3.61503
          0.03152  3.81029  4.72270  0.60274  0.79255  0.48576  0.95510
    123   1.96413  4.64729  2.99529  2.55472  4.15759  3.02867  3.73341  3.55426  1.88244  3.17129  3.99802  3.01394  3.79724  2.90354  2.86903  2.48661  2.73892  3.18579  5.40062  4.10216    242 k - - -
          2.68618  4.42225  2.77519  2.73123  3.46354  2.40513  3.72494  3.29354  2.67741  2.69355  4.24690  2.90347  2.73739  3.18146  2.89801  2.37887  2.77519  2.98518  4.58477  3.61503
          0.02758  4.00035  4.72270  0.61958  0.77255  0.48576  0.95510
    124   3.09845  4.42775  4.76396  4.27562  3.52608  4.41270  4.99131  1.12449  4.15175  2.01689  3.33835  4.49808  4.73593  4.42049  4.34957  3.80591  3.36872  1.41101  5.50454  4.30048    243 i - - -
          2.68618  4.42225  2.77519  2.73123  3.46354  2.40513  3.72494  3.29354  2.67741  2.69355  4.24690  2.90347  2.73739  3.18146  2.89801  2.37887  2.77519  2.98518  4.58477  3.61503
          0.02758  4.00035  4.72270  0.61958  0.77255  0.48576  0.95510
    125   2.31084  4.44632  3.15909  2.77630  4.16019  3.16645  3.89433  3.57241  2.66236  3.22055  4.06966  3.13944  3.78110  3.10384  2.58719  1.41109  2.82528  3.16236  5.44794  4.17640    244 s - - -
          2.68618  4.42225  2.77519  2.73123  3.46354  2.40513  3.72494  3.29354  2.67741  2.69355  4.24690  2.90347  2.73739  3.18146  2.89801  2.37887  2.77519  2.98518  4.58477  3.61503
          0.02758  4.00035  4.72270  0.61958  0.77255  0.48576  0.95510
    126   0.84409  4.25987  3.59595  3.39493  4.18308  3.08064  4.40138  3.32800  3.41456  3.20355  4.22264  3.51109  3.83211  3.74430  3.65523  2.60973  2.89603  2.96021  5.59745  4.41240    245 a - - -
          2.68618  4.42225  2.77519  2.73123  3.46354  2.40513  3.72494  3.29354  2.67741  2.69355  4.24690  2.90347  2.73739  3.18146  2.89801  2.37887  2.77519  2.98518  4.58477  3.61503
          0.02758  4.00035  4.72270  0.61958  0.77255  0.48576  0.95510
    127   2.56864  4.32924  3.61952  2.72507  3.56408  3.68057  4.05645  2.21531  3.04563  2.45622  3.47486  3.49690  4.09451  3.38290  3.37363  2.98314  2.86395  1.49627  5.10936  3.87558    246 v - - -
          2.68618  4.42225  2.77519  2.73123  3.46354  2.40513  3.72494  3.29354  2.67741  2.69355  4.24690  2.90347  2.73739  3.18146  2.89801  2.37887  2.77519  2.98518  4.58477  3.61503
          0.02758  4.00035  4.72270  0.61958  0.77255  0.48576  0.95510
    128   2.47440  1.96675  3.84957  3.34668  3.15867  3.48372  3.96457  2.67429  3.19976  2.45989  3.43048  3.55326  3.98799  3.50248  3.43305  2.80589  2.85661  2.45845  4.70756  2.55617    247 c - - -
          2.68618  4.42225  2.77519  2.73123  3.46354  2.40513  3.72494  3.29354  2.67741  2.69355  4.24690  2.90347  2.73739  3.18146  2.89801  2.37887  2.77519  2.98518  4.58477  3.61503
          0.02758  4.00035  4.72270  0.61958  0.77255  0.48576  0.95510
    129   2.79368  5.08965  3.01478  2.34674  4.44453  3.48861  3.44198  3.85236  1.99255  3.29918  4.15463  2.92150  3.88237  1.90165  2.14204  2.77537  2.99926  3.49344  5.46018  4.17032    248 q - - -
          2.68618  4.42225  2.77519  2.73123  3.46354  2.40513  3.72494  3.29354  2.67741  2.69355  4.24690  2.90347  2.73739  3.18146  2.89801  2.37887  2.77519  2.98518  4.58477  3.61503
          0.02758  4.00035  4.72270  0.61958  0.77255  0.48576  0.95510
    130   3.13104  5.27396  0.75061  2.42274  4.66911  3.31119  4.04943  4.28726  3.15864  3.87344  4.85583  2.98495  3.97318  3.28985  3.69107  3.08002  3.47287  3.91333  5.81250  4.52283    249 d - - -
          2.68618  4.42225  2.77519  2.73123  3.46354  2.40513  3.72494  3.29354  2.67741  2.69355  4.24690  2.90347  2.73739  3.18146  2.89801  2.37887  2.77519  2.98518  4.58477  3.61503
          0.02758  4.00035  4.72270  0.61958  0.77255  0.48576  0.95510
    131   2.83095  4.59221  3.53079  3.44719  4.58432  0.55648  4.55831  4.21634  3.64576  3.85404  4.83185  3.69528  3.98738  3.95993  3.86647  3.00676  3.32215  3.71999  5.64432  4.69102    250 G - - -
          2.68618  4.42225  2.77519  2.73123  3.46354  2.40513  3.72494  3.29354  2.67741  2.69355  4.24690  2.90347  2.73739  3.18146  2.89801  2.37887  2.77519  2.98518  4.58477  3.61503
          0.02758  4.00035  4.72270  0.61958  0.77255  0.48576  0.95510
    132   2.90978  4.41869  4.30094  3.96950  3.64616  3.85456  4.74994  2.05173  3.83922  2.31196  3.59334  4.13838  4.40902  4.19049  4.03917  3.36730  3.26890  0.87784  5.45171  4.19062    251 v - - -
          2.68618  4.42225  2.77519  2.73123  3.46354  2.40513  3.72494  3.29354  2.67741  2.69355  4.24690  2.90347  2.73739  3.18146  2.89801  2.37887  2.77519  2.98518  4.58477  3.61503
          0.02758  4.00035  4.72270  0.61958  0.77255  0.48576  0.95510
    133   3.30091  4.72614  4.39436  4.03630  3.18834  4.14357  4.65201  2.40099  3.80278  0.73242  3.17408  4.29932  4.55792  4.14044  3.95732  3.73160  3.58990  2.47124  5.11246  3.86480    252 l - - -
          2.68618  4.42225  2.77519  2.73123  3.46354  2.40513  3.72494  3.29354  2.67741  2.69355  4.24690  2.90347  2.73739  3.18146  2.89801  2.37887  2.77519  2.98518  4.58477  3.61503
          0.02758  4.00035  4.72270  0.61958  0.77255  0.48576  0.95510
    134   2.44731  4.39036  3.17481  2.84259  4.06449  3.17466  3.95431  3.37367  2.62052  3.11469  3.99586  3.18673  3.80287  3.19495  3.10080  2.41785  1.40721  3.01049  5.40801  4.15072    253 t - - -
          2.68618  4.42225  2.77519  2.73123  3.46354  2.40513  3.72494  3.29354  2.67741  2.69355  4.24690  2.90347  2.73739  3.18146  2.89801  2.37887  2.77519  2.98518  4.58477  3.61503
          0.02758  4.00035  4.72270  0.61958  0.77255  0.48576  0.95510
    135   2.90978  4.41869  4.30094  3.96950  3.64616  3.85456  4.74994  2.05173  3.83922  2.31196  3.59334  4.13838  4.40902  4.19049  4.03917  3.36730  3.26890  0.87784  5.45171  4.19062    254 v - - -
          2.68618  4.42225  2.77519  2.73123  3.46354  2.40513  3.72494  3.29354  2.67741  2.69355  4.24690  2.90347  2.73739  3.18146  2.89801  2.37887  2.77519  2.98518  4.58477  3.61503
          0.02758  4.00035  4.72270  0.61958  0.77255  0.48576  0.95510
    136   2.45427  4.33693  3.35898  2.88979  3.82192  3.27015  3.90417  3.05928  2.77342  2.87021  3.76229  3.11880  3.83014  3.16562  2.98387  2.58188  1.57705  2.57792  5.21372  3.96237    255 t - - -
          2.68618  4.42225  2.77519  2.73123  3.46354  2.40513  3.72494  3.29354  2.67741  2.69355  4.24690  2.90347  2.73739  3.18146  2.89801  2.37887  2.77519  2.98518  4.58477  3.61503
          0.02758  4.00035  4.72270  0.61958  0.77255  0.48576  0.95510
    137   2.93207  4.39910  4.42335  4.01441  3.57381  4.01599  4.77678  1.87821  3.85984  2.18733  3.47550  4.20298  4.50145  4.20037  4.07407  3.45202  3.26024  0.95452  5.44879  4.17471    256 v - - -
          2.68618  4.42225  2.77519  2.73123  3.46354  2.40513  3.72494  3.29354  2.67741  2.69355  4.24690  2.90347  2.73739  3.18146  2.89801  2.37887  2.77519  2.98518  4.58477  3.61503
          0.02758  4.00035  4.72270  0.61958  0.77255  0.48576  0.95510
    138   2.76525  5.35580  1.94713  1.54680  4.65098  3.26343  3.68575  4.14905  2.58981  3.64211  4.44777  2.62032  3.66127  2.49948  3.13490  2.73396  3.08229  3.72675  5.80009  4.33680    257 e - - -
          2.68618  4.42225  2.77519  2.73123  3.46354  2.40513  3.72494  3.29354  2.67741  2.69355  4.24690  2.90347  2.73739  3.18146  2.89801  2.37887  2.77519  2.98518  4.58477  3.61503
          0.02758  4.00035  4.72270  0.61958  0.77255  0.48576  0.95510
    139   3.09227  5.05774  3.27655  2.87607  4.47345  3.56622  3.83531  3.91112  0.87583  3.44911  4.40518  3.29434  4.05878  3.02063  2.46309  3.12676  3.33679  3.61224  5.47672  4.30857    258 k - - -
          2.68618  4.42225  2.77519  2.73123  3.46354  2.40513  3.72494  3.29354  2.67741  2.69355  4.24690  2.90347  2.73739  3.18146  2.89801  2.37887  2.77519  2.98518  4.58477  3.61503
          0.02758  4.00035  4.72270  0.61958  0.77255  0.48576  0.95510
    140   2.68176  4.51818  3.32715  2.81564  3.67699  3.52825  3.78088  2.97891  2.12152  1.79544  3.63100  3.23222  3.95111  3.03444  2.81330  2.64493  2.92709  2.73920  5.07872  3.81836    259 l - - -
          2.68618  4.42225  2.77519  2.73123  3.46354  2.40513  3.72494  3.29354  2.67741  2.69355  4.24690  2.90347  2.73739  3.18146  2.89801  2.37887  2.77519  2.98518  4.58477  3.61503
          0.02758  4.00035  4.72270  0.61958  0.77255  0.48576  0.95510
    141   2.70341  4.58554  3.20225  2.93256  3.74988  3.33514  4.00235  3.43854  2.92335  3.05698  4.06930  3.30948  1.19211  3.33050  3.23697  2.83957  3.07038  3.15158  5.18368  3.40856    260 p - - -
          2.68618  4.42225  2.77519  2.73123  3.46354  2.40513  3.72494  3.29354  2.67741  2.69355  4.24690  2.90347  2.73739  3.18146  2.89801  2.37887  2.77519  2.98518  4.58477  3.61503
          0.02758  4.00035  4.72270  0.61958  0.77255  0.48576  0.95510
    142   2.65537  4.50969  3.36709  3.08021  3.88141  3.30967  4.12091  3.29907  3.00878  2.63595  4.02884  3.40487  1.17393  3.43274  3.29762  2.82213  3.05099  3.03409  5.31956  4.03114    261 p - - -
          2.68618  4.42225  2.77519  2.73123  3.46354  2.40513  3.72494  3.29354  2.67741  2.69355  4.24690  2.90347  2.73739  3.18146  2.89801  2.37887  2.77519  2.98518  4.58477  3.61503
          0.02758  4.00035  4.72270  0.61958  0.77255  0.48576  0.95510
    143   2.92890  4.66340  3.55015  3.40873  4.39050  3.34374  4.47451  3.97025  3.47725  3.58265  4.63893  3.70187  0.62081  3.86214  3.70709  3.10072  3.38083  3.60080  5.54060  4.51338    262 P - - -
          2.68618  4.42225  2.77519  2.73123  3.46354  2.40513  3.72494  3.29354  2.67741  2.69355  4.24690  2.90347  2.73739  3.18146  2.89801  2.37887  2.77519  2.98518  4.58477  3.61503
          0.02758  4.00035  4.72270  0.61958  0.77255  0.48576  0.95510
    144   2.82371  5.24546  2.40784  1.30734  4.54080  3.30977  3.71925  4.00243  2.52063  3.53165  4.39257  2.80654  3.86351  2.49220  2.95677  2.81067  3.13404  3.63420  5.70661  4.30585    263 e - - -
          2.68618  4.42225  2.77519  2.73123  3.46354  2.40513  3.72494  3.29354  2.67741  2.69355  4.24690  2.90347  2.73739  3.18146  2.89801  2.37887  2.77519  2.98518  4.58477  3.61503
          0.02758  4.00035  4.72270  0.61958  0.77255  0.48576  0.95510
    145   2.48941  4.39979  3.25827  3.05832  4.20652  3.12649  4.19471  3.57767  3.09864  3.28120  4.25756  3.33476  1.11711  3.48135  3.38931  2.65252  2.74300  3.18321  5.55741  4.32785    264 p - - -
          2.68618  4.42225  2.77519  2.73123  3.46354  2.40513  3.72494  3.29354  2.67741  2.69355  4.24690  2.90347  2.73739  3.18146  2.89801  2.37887  2.77519  2.98518  4.58477  3.61503
          0.02758  4.00035  4.72270  0.61958  0.77255  0.48576  0.95510
    146   3.09227  5.05774  3.27655  2.87607  4.47345  3.56622  3.83531  3.91112  0.87583  3.44911  4.40518  3.29434  4.05878  3.02063  2.46309  3.12676  3.33679  3.61224  5.47672  4.30857    265 k - - -
          2.68618  4.42225  2.77519  2.73123  3.46354  2.40513  3.72494  3.29354  2.67741  2.69355  4.24690  2.90347  2.73739  3.18146  2.89801  2.37887  2.77519  2.98518  4.58477  3.61503
          0.02758  4.00035  4.72270  0.61958  0.77255  0.48576  0.95510
    147   2.92180  5.08268  3.13983  2.63908  4.49156  3.54586  3.63310  3.87578  1.21717  3.36372  4.22189  3.08884  3.65814  2.69475  2.22193  2.92167  3.12685  3.54390  5.46097  4.23110    266 k - - -
          2.68618  4.42225  2.77519  2.73123  3.46354  2.40513  3.72494  3.29354  2.67741  2.69355  4.24690  2.90347  2.73739  3.18146  2.89801  2.37887  2.77519  2.98518  4.58477  3.61503
          0.02758  4.00035  4.72270  0.61958  0.77255  0.48576  0.95510
    148   2.14998  3.70042  3.57251  3.20555  4.08763  3.02413  4.18301  3.37521  3.13080  3.15350  4.05086  3.35822  1.38427  3.47360  3.42066  2.43704  2.73484  2.95725  5.48567  4.26079    267 p - - -
          2.68618  4.42225  2.77519  2.73123  3.46354  2.40513  3.72494  3.29354  2.67741  2.69355  4.24690  2.90347  2.73739  3.18146  2.89801  2.37887  2.77519  2.98518  4.58477  3.61503
          0.02758  4.00035  4.72270  0.61958  0.77255  0.48576  0.95510
    149   3.04355  5.14799  3.41082  2.78778  4.59119  3.64790  3.62782  3.95082  1.15936  3.40444  4.28099  3.19415  4.03175  2.76695  1.86231  3.04248  3.21918  3.63372  5.45167  4.27675    268 k - - -
          2.68616  4.42232  2.77526  2.73121  3.46361  2.40475  3.72501  3.29361  2.67747  2.69362  4.24696  2.90353  2.73746  3.18139  2.89797  2.37887  2.77526  2.98525  4.58484  3.61510
          0.06715  2.88151  4.72270  1.52482  0.24547  0.48576  0.95510
    150   2.44890  4.29960  3.43984  2.95297  3.76921  3.28554  3.93672  2.94811  2.83839  2.79559  3.70792  3.28200  3.84426  3.21394  3.02409  2.51701  1.62356  2.42312  5.18782  3.94592    281 t - - -
          2.68618  4.42225  2.77519  2.73123  3.46354  2.40513  3.72494  3.29354  2.67741  2.69355  4.24690  2.90347  2.73739  3.18146  2.89801  2.37887  2.77519  2.98518  4.58477  3.61503
          0.02758  4.00035  4.72270  0.61958  0.77255  0.48576  0.95510
    151   2.76876  4.26424  4.16959  3.66849  3.48725  3.32720  4.40710  1.34356  3.55306  2.26454  3.39682  3.91020  4.29684  3.84939  3.78984  3.21731  3.05459  1.67648  5.17292  3.95274    282 i - - -
          2.68618  4.42225  2.77519  2.73123  3.46354  2.40513  3.72494  3.29354  2.67741  2.69355  4.24690  2.90347  2.73739  3.18146  2.89801  2.37887  2.77519  2.98518  4.58477  3.61503
          0.02758  4.00035  4.72270  0.61958  0.77255  0.48576  0.95510
    152   2.83843  5.24939  2.44203  1.41090  4.52486  3.32224  3.46928  4.01469  2.46005  3.52548  4.35308  2.72082  3.84822  2.43529  2.89911  2.77707  3.08931  3.63238  5.66879  4.26510    283 e - - -
          2.68619  4.42226  2.77520  2.73124  3.46349  2.40512  3.72495  3.29355  2.67739  2.69356  4.24678  2.90347  2.73740  3.18147  2.89801  2.37887  2.77520  2.98519  4.58478  3.61497
          0.03946  3.51316  4.72270  0.77745  0.61540  0.48576  0.95510
    153   3.02296  4.40533  4.56088  4.03755  3.45573  4.26558  4.75832  1.80295  3.90120  1.99361  2.93166  4.29065  4.60027  4.17968  4.11912  3.62553  3.28678  1.07092  5.35872  4.16115    289 v - - -
          2.68618  4.42225  2.77519  2.73123  3.46354  2.40513  3.72494  3.29354  2.67741  2.69355  4.24690  2.90347  2.73739  3.18146  2.89801  2.37887  2.77519  2.98518  4.58477  3.61503
          0.02758  4.00035  4.72270  0.61958  0.77255  0.48576  0.95510
    154   2.78381  5.02653  3.08537  2.52476  4.38077  3.49892  3.59331  3.77757  1.52716  3.28884  4.10904  2.85641  3.88913  2.48873  2.28406  2.78108  2.80102  3.32292  5.42216  4.14548    290 k - - -
          2.68618  4.42225  2.77519  2.73123  3.46354  2.40513  3.72494  3.29354  2.67741  2.69355  4.24690  2.90347  2.73739  3.18146  2.89801  2.37887  2.77519  2.98518  4.58477  3.61503
          0.02758  4.00035  4.72270  0.61958  0.77255  0.48576  0.95510
    155   2.59862  4.25685  4.24564  3.70872  3.49583  3.97471  4.43412  1.61098  3.59987  2.27502  3.32335  3.76341  4.35700  3.88495  3.84012  3.30461  3.07054  1.34688  5.17960  3.96590    291 v - - -
          2.68618  4.42225  2.77519  2.73123  3.46354  2.40513  3.72494  3.29354  2.67741  2.69355  4.24690  2.90347  2.73739  3.18146  2.89801  2.37887  2.77519  2.98518  4.58477  3.61503
          0.02758  4.00035  4.72270  0.61958  0.77255  0.48576  0.95510
    156   1.34088  4.21428  3.39347  3.00317  3.82755  2.58861  4.05583  3.42125  3.02045  3.13120  3.97803  3.18926  3.72738  3.32212  3.36666  2.22640  2.71790  2.94147  5.41476  4.17818    292 a - - -
          2.68619  4.42241  2.77508  2.73108  3.46369  2.40486  3.72486  3.29370  2.67712  2.69362  4.24705  2.90362  2.73749  3.18141  2.89816  2.37896  2.77526  2.98534  4.58436  3.61519
          0.15261  1.95518        *  1.70028  0.20167  0.00000        *
//
