HMMER3/f [3.1b2 | February 2015]
NAME  Mafft_Group_11
LENG  204
ALPH  amino
RF    no
MM    no
CONS  yes
CS    no
MAP   yes
DATE  Fri Oct 14 16:28:14 2016
NSEQ  11
EFFN  1.544189
CKSUM 1904376415
STATS LOCAL MSV      -10.5778  0.70512
STATS LOCAL VITERBI  -11.4292  0.70512
STATS LOCAL FORWARD   -4.9226  0.70512
HMM          A        C        D        E        F        G        H        I        K        L        M        N        P        Q        R        S        T        V        W        Y   
            m->m     m->i     m->d     i->m     i->i     d->m     d->d
  COMPO   2.58986  4.42995  2.96548  2.54540  3.45058  2.87421  3.74106  2.91527  2.52228  2.58490  3.64654  2.96273  3.23000  3.00566  2.90091  2.59372  2.80168  2.67996  4.57753  3.68092
          2.68618  4.42225  2.77519  2.73123  3.46354  2.40513  3.72494  3.29354  2.67741  2.69355  4.24690  2.90347  2.73739  3.18146  2.89801  2.37887  2.77519  2.98518  4.58477  3.61503
          0.13935  4.44956  2.13376  0.61958  0.77255  0.00000        *
      1   3.40497  4.89229  4.58707  4.24066  3.50683  4.20583  4.87001  2.73386  3.97922  2.05123  0.70906  4.45409  4.68918  4.34058  4.12531  3.79022  3.73023  2.78954  5.39276  4.18690      1 m - - -
          2.68618  4.42225  2.77519  2.73123  3.46354  2.40513  3.72494  3.29354  2.67741  2.69355  4.24690  2.90347  2.73739  3.18146  2.89801  2.37887  2.77519  2.98518  4.58477  3.61503
          0.01976  4.32997  5.05232  0.61958  0.77255  0.65407  0.73382
      2   2.48233  4.92612  2.56362  1.75164  2.27877  3.47119  3.76097  3.55961  2.62183  3.18114  4.01934  3.00541  3.91886  2.93254  3.09637  2.77027  2.98672  3.24702  5.42643  4.07077      2 e - - -
          2.68645  4.42286  2.77581  2.73184  3.46415  2.40517  3.72556  3.29415  2.67785  2.69416  4.24751  2.90408  2.73563  3.18084  2.89675  2.37879  2.77334  2.98579  4.58538  3.61564
          0.68112  0.99775  2.07753  1.95646  0.15240  0.65407  0.73382
      3   2.60910  4.81304  2.61550  2.47505  4.19088  3.37306  3.71938  3.61190  2.53658  3.21191  4.02018  2.63590  3.83525  2.87084  3.00308  1.83235  2.47743  2.83852  5.44193  4.09959     14 s - - -
          2.68618  4.42225  2.77519  2.73123  3.46354  2.40513  3.72494  3.29354  2.67741  2.69355  4.24690  2.90347  2.73739  3.18146  2.89801  2.37887  2.77519  2.98518  4.58477  3.61503
          0.02245  4.20345  4.92580  0.61958  0.77255  0.58253  0.81753
      4   2.73845  5.02002  3.09518  2.51546  4.31914  3.52196  3.66452  3.73914  2.08806  3.28374  3.02400  2.71829  3.90546  2.53808  1.92199  2.74239  2.65212  3.38792  5.46158  4.13699     15 r - - -
          2.68618  4.42225  2.77519  2.73123  3.46354  2.40513  3.72494  3.29354  2.67741  2.69355  4.24690  2.90347  2.73739  3.18146  2.89801  2.37887  2.77519  2.98518  4.58477  3.61503
          0.02018  4.30890  5.03124  0.61958  0.77255  0.43332  1.04513
      5   2.03679  4.58447  3.30679  2.74671  3.76684  3.57445  3.81533  2.78870  2.49561  2.82169  3.19928  2.95970  3.96520  3.05055  3.13000  2.02900  2.90529  2.70930  5.14909  3.87748     16 s - - -
          2.68618  4.42225  2.77519  2.73123  3.46354  2.40513  3.72494  3.29354  2.67741  2.69355  4.24690  2.90347  2.73739  3.18146  2.89801  2.37887  2.77519  2.98518  4.58477  3.61503
          0.01798  4.42345  5.14580  0.61958  0.77255  0.46092  0.99616
      6   2.50202  5.05049  3.01972  1.98606  4.35282  3.07548  3.69381  3.79275  2.42897  3.33871  3.71281  3.00166  3.89559  2.81582  1.88367  2.70746  2.65540  3.42058  5.52408  4.16214     17 r - - -
          2.68618  4.42225  2.77519  2.73123  3.46354  2.40513  3.72494  3.29354  2.67741  2.69355  4.24690  2.90347  2.73739  3.18146  2.89801  2.37887  2.77519  2.98518  4.58477  3.61503
          0.01751  4.44956  5.17191  0.61958  0.77255  0.48576  0.95510
      7   2.49418  5.13758  2.89142  1.98334  4.47587  2.74387  3.71517  3.93821  2.27948  3.45960  4.22870  2.96581  2.36190  2.83208  2.96984  2.34061  2.97378  3.53482  5.62644  4.23595     18 e - - -
          2.68618  4.42225  2.77519  2.73123  3.46354  2.40513  3.72494  3.29354  2.67741  2.69355  4.24690  2.90347  2.73739  3.18146  2.89801  2.37887  2.77519  2.98518  4.58477  3.61503
          0.01751  4.44956  5.17191  0.61958  0.77255  0.48576  0.95510
      8   1.82724  4.88923  3.07257  2.55110  4.23837  3.46981  3.16098  3.66560  2.56170  3.25555  4.05867  2.56285  3.28206  2.91070  3.02435  2.48586  2.27041  3.30935  5.48185  4.14143     19 a - - -
          2.68618  4.42225  2.77519  2.73123  3.46354  2.40513  3.72494  3.29354  2.67741  2.69355  4.24690  2.90347  2.73739  3.18146  2.89801  2.37887  2.77519  2.98518  4.58477  3.61503
          0.01751  4.44956  5.17191  0.61958  0.77255  0.48576  0.95510
      9   2.43641  4.34536  3.64536  3.07571  2.96324  3.67792  3.94101  2.83105  3.01646  1.82228  3.45162  3.45470  3.38881  2.94285  2.94748  2.65495  2.90902  2.27662  4.93480  3.71023     20 l - - -
          2.68618  4.42225  2.77519  2.73123  3.46354  2.40513  3.72494  3.29354  2.67741  2.69355  4.24690  2.90347  2.73739  3.18146  2.89801  2.37887  2.77519  2.98518  4.58477  3.61503
          0.01751  4.44956  5.17191  0.61958  0.77255  0.48576  0.95510
     10   2.72719  5.15961  2.70970  2.43579  4.48801  3.49451  3.67303  3.94839  2.05202  3.05319  4.21033  2.35402  3.88938  2.78071  1.97572  2.70127  2.69867  3.54241  5.59518  4.21473     21 r - - -
          2.68618  4.42225  2.77519  2.73123  3.46354  2.40513  3.72494  3.29354  2.67741  2.69355  4.24690  2.90347  2.73739  3.18146  2.89801  2.37887  2.77519  2.98518  4.58477  3.61503
          0.01751  4.44956  5.17191  0.61958  0.77255  0.48576  0.95510
     11   2.72392  4.96521  3.10092  2.53476  4.22638  3.53377  3.22167  3.64826  2.44211  2.66323  4.03254  3.05213  3.04021  2.06100  2.23912  2.74359  2.95090  2.94533  5.44133  4.10726     22 q - - -
          2.68618  4.42225  2.77519  2.73123  3.46354  2.40513  3.72494  3.29354  2.67741  2.69355  4.24690  2.90347  2.73739  3.18146  2.89801  2.37887  2.77519  2.98518  4.58477  3.61503
          0.01751  4.44956  5.17191  0.61958  0.77255  0.48576  0.95510
     12   2.69931  4.17221  4.16474  3.57931  2.87308  3.80372  4.09960  2.58157  3.45850  2.15546  2.87247  3.78507  4.17127  3.67706  3.63772  2.06524  2.93172  1.77250  4.76839  2.98136     23 v - - -
          2.68618  4.42225  2.77519  2.73123  3.46354  2.40513  3.72494  3.29354  2.67741  2.69355  4.24690  2.90347  2.73739  3.18146  2.89801  2.37887  2.77519  2.98518  4.58477  3.61503
          0.01751  4.44956  5.17191  0.61958  0.77255  0.48576  0.95510
     13   4.18022  5.43048  4.74241  4.60888  2.55754  4.54312  4.04484  4.12819  4.45729  3.42408  4.74347  4.50434  5.01648  4.61085  4.50646  4.24389  4.47669  4.02875  4.21198  0.37107     24 Y - - -
          2.68618  4.42225  2.77519  2.73123  3.46354  2.40513  3.72494  3.29354  2.67741  2.69355  4.24690  2.90347  2.73739  3.18146  2.89801  2.37887  2.77519  2.98518  4.58477  3.61503
          0.01751  4.44956  5.17191  0.61958  0.77255  0.48576  0.95510
     14   2.74364  5.22889  2.25778  1.85570  4.55799  3.46697  3.69044  4.03614  2.44406  3.52544  4.27887  2.93674  3.88654  2.01827  2.66796  2.70412  2.97825  3.13040  5.66631  4.25817     25 e - - -
          2.68618  4.42225  2.77519  2.73123  3.46354  2.40513  3.72494  3.29354  2.67741  2.69355  4.24690  2.90347  2.73739  3.18146  2.89801  2.37887  2.77519  2.98518  4.58477  3.61503
          0.01751  4.44956  5.17191  0.61958  0.77255  0.48576  0.95510
     15   3.15084  5.79072  1.37346  1.29067  5.08075  3.45733  3.96055  4.61334  2.51120  4.07359  4.89896  2.90346  4.06016  3.11297  3.52809  3.02768  3.42886  4.16103  6.21516  4.69739     26 e - - -
          2.68618  4.42225  2.77519  2.73123  3.46354  2.40513  3.72494  3.29354  2.67741  2.69355  4.24690  2.90347  2.73739  3.18146  2.89801  2.37887  2.77519  2.98518  4.58477  3.61503
          0.01751  4.44956  5.17191  0.61958  0.77255  0.48576  0.95510
     16   3.61047  4.88163  5.33086  4.78673  1.29106  4.85247  4.87521  2.18240  4.63634  1.13993  3.09006  4.89626  5.00752  4.61391  4.64996  4.21169  3.82392  2.62249  5.03374  3.70778     27 l - - -
          2.68618  4.42225  2.77519  2.73123  3.46354  2.40513  3.72494  3.29354  2.67741  2.69355  4.24690  2.90347  2.73739  3.18146  2.89801  2.37887  2.77519  2.98518  4.58477  3.61503
          0.01751  4.44956  5.17191  0.61958  0.77255  0.48576  0.95510
     17   3.04674  5.62738  2.19193  1.23634  4.93080  3.46403  3.89370  4.44441  2.79441  3.91492  4.71794  2.91690  4.02180  1.83941  3.33975  2.94973  3.31076  4.00459  6.05484  4.57767     28 e - - -
          2.68618  4.42225  2.77519  2.73123  3.46354  2.40513  3.72494  3.29354  2.67741  2.69355  4.24690  2.90347  2.73739  3.18146  2.89801  2.37887  2.77519  2.98518  4.58477  3.61503
          0.01751  4.44956  5.17191  0.61958  0.77255  0.48576  0.95510
     18   3.69751  5.31578  4.36834  4.31260  5.20129  3.97304  5.30467  4.94546  4.42911  4.48422  5.58143  4.54683  0.22536  4.79550  4.57377  3.89045  4.18727  4.51442  6.18377  5.34036     29 P - - -
          2.68618  4.42225  2.77519  2.73123  3.46354  2.40513  3.72494  3.29354  2.67741  2.69355  4.24690  2.90347  2.73739  3.18146  2.89801  2.37887  2.77519  2.98518  4.58477  3.61503
          0.01751  4.44956  5.17191  0.61958  0.77255  0.48576  0.95510
     19   2.93581  4.39117  4.31082  3.76320  1.91575  3.99159  4.00229  2.79071  3.63801  2.18001  3.45851  3.91501  4.35067  3.82894  3.80757  3.28881  1.93972  2.62803  4.45784  1.96543     30 f - - -
          2.68618  4.42225  2.77519  2.73123  3.46354  2.40513  3.72494  3.29354  2.67741  2.69355  4.24690  2.90347  2.73739  3.18146  2.89801  2.37887  2.77519  2.98518  4.58477  3.61503
          0.01751  4.44956  5.17191  0.61958  0.77255  0.48576  0.95510
     20   2.59341  1.50102  4.16491  3.68611  2.85515  3.47771  4.32474  3.04117  3.58321  2.80934  3.74453  3.77558  4.09051  3.82895  3.79821  1.73614  2.97518  2.77319  5.13198  3.85323     31 c - - -
          2.68618  4.42225  2.77519  2.73123  3.46354  2.40513  3.72494  3.29354  2.67741  2.69355  4.24690  2.90347  2.73739  3.18146  2.89801  2.37887  2.77519  2.98518  4.58477  3.61503
          0.01751  4.44956  5.17191  0.61958  0.77255  0.48576  0.95510
     21   2.77639  5.20055  3.04283  1.75134  4.54645  3.53275  3.68198  3.99828  1.86260  3.48386  3.40936  3.00992  3.92214  2.30966  2.51465  2.74809  2.99831  3.59363  5.61187  4.25041     32 e - - -
          2.68618  4.42225  2.77519  2.73123  3.46354  2.40513  3.72494  3.29354  2.67741  2.69355  4.24690  2.90347  2.73739  3.18146  2.89801  2.37887  2.77519  2.98518  4.58477  3.61503
          0.01751  4.44956  5.17191  0.61958  0.77255  0.48576  0.95510
     22   4.45508  5.58874  5.06643  4.93798  3.49239  4.46478  4.78994  4.56040  4.68555  3.83771  5.15680  4.99202  5.03365  5.03723  4.69792  4.65428  4.79251  4.46150  0.24261  3.47104     33 W - - -
          2.68618  4.42225  2.77519  2.73123  3.46354  2.40513  3.72494  3.29354  2.67741  2.69355  4.24690  2.90347  2.73739  3.18146  2.89801  2.37887  2.77519  2.98518  4.58477  3.61503
          0.01751  4.44956  5.17191  0.61958  0.77255  0.48576  0.95510
     23   2.95386  5.25613  3.30665  2.42455  4.63569  3.68001  3.73095  4.03466  1.39891  2.97337  4.31570  3.16952  4.05011  2.84901  1.82719  2.93649  2.88139  3.67013  5.61203  4.33459     34 k - - -
          2.68618  4.42225  2.77519  2.73123  3.46354  2.40513  3.72494  3.29354  2.67741  2.69355  4.24690  2.90347  2.73739  3.18146  2.89801  2.37887  2.77519  2.98518  4.58477  3.61503
          0.01751  4.44956  5.17191  0.61958  0.77255  0.48576  0.95510
     24   2.78705  5.11775  3.11778  2.43128  4.43464  3.56106  3.70002  2.97268  2.06828  3.38685  4.17582  3.05517  3.94471  2.00620  2.04645  2.77887  2.70118  3.49480  5.54551  4.21085     35 q - - -
          2.68618  4.42225  2.77519  2.73123  3.46354  2.40513  3.72494  3.29354  2.67741  2.69355  4.24690  2.90347  2.73739  3.18146  2.89801  2.37887  2.77519  2.98518  4.58477  3.61503
          0.01751  4.44956  5.17191  0.61958  0.77255  0.48576  0.95510
     25   2.74337  5.18596  2.56068  1.50868  4.50007  3.47297  3.69991  3.32961  2.13154  3.47642  4.24156  2.95018  3.89285  2.81289  2.94885  2.71254  2.70374  3.55785  5.63576  4.23805     36 e - - -
          2.68618  4.42225  2.77519  2.73123  3.46354  2.40513  3.72494  3.29354  2.67741  2.69355  4.24690  2.90347  2.73739  3.18146  2.89801  2.37887  2.77519  2.98518  4.58477  3.61503
          0.01751  4.44956  5.17191  0.61958  0.77255  0.48576  0.95510
     26   3.29015  5.88378  2.06922  0.72621  5.18510  3.48617  4.07892  4.73487  3.13812  4.21881  5.09509  2.95516  4.13468  3.25450  3.75216  3.15504  3.59073  4.29291  6.34071  4.82580     37 e - - -
          2.68618  4.42225  2.77519  2.73123  3.46354  2.40513  3.72494  3.29354  2.67741  2.69355  4.24690  2.90347  2.73739  3.18146  2.89801  2.37887  2.77519  2.98518  4.58477  3.61503
          0.08182  4.44956  2.70484  0.61958  0.77255  0.48576  0.95510
     27   3.12045  5.35795  1.66291  2.58740  5.04331  0.96517  4.22407  4.60484  3.30087  4.14771  5.02074  3.13064  4.12956  3.42805  3.85731  3.09809  3.49473  4.11507  6.20806  4.84076     38 g - - -
          2.68618  4.42225  2.77519  2.73123  3.46354  2.40513  3.72494  3.29354  2.67741  2.69355  4.24690  2.90347  2.73739  3.18146  2.89801  2.37887  2.77519  2.98518  4.58477  3.61503
          0.01866  4.38640  5.10875  0.61958  0.77255  0.43069  1.04999
     28   2.74157  5.09183  3.05744  2.49133  4.39746  3.52432  2.89427  3.29170  1.98819  3.36760  4.14931  3.01761  3.91269  2.56487  2.54428  1.88583  2.96667  3.46295  5.53638  4.18276     39 s - - -
          2.68618  4.42225  2.77519  2.73123  3.46354  2.40513  3.72494  3.29354  2.67741  2.69355  4.24690  2.90347  2.73739  3.18146  2.89801  2.37887  2.77519  2.98518  4.58477  3.61503
          0.01751  4.44956  5.17191  0.61958  0.77255  0.48576  0.95510
     29   1.57811  5.47502  1.36596  2.19501  4.84624  3.45005  3.95588  4.31449  2.91280  3.85637  4.68388  2.95383  4.03581  3.11360  3.47166  2.96181  3.31798  3.89897  6.04057  4.58432     40 d - - -
          2.68618  4.42225  2.77519  2.73123  3.46354  2.40513  3.72494  3.29354  2.67741  2.69355  4.24690  2.90347  2.73739  3.18146  2.89801  2.37887  2.77519  2.98518  4.58477  3.61503
          0.01751  4.44956  5.17191  0.61958  0.77255  0.48576  0.95510
     30   2.83718  4.33921  4.16082  3.60031  3.53131  3.94354  4.30531  1.95111  3.12093  2.47406  3.47806  3.87785  4.32363  3.76864  3.72975  3.24278  1.91222  1.48014  5.09785  3.89145     41 v - - -
          2.68618  4.42225  2.77519  2.73123  3.46354  2.40513  3.72494  3.29354  2.67741  2.69355  4.24690  2.90347  2.73739  3.18146  2.89801  2.37887  2.77519  2.98518  4.58477  3.61503
          0.01751  4.44956  5.17191  0.61958  0.77255  0.48576  0.95510
     31   3.74495  4.99337  5.47280  4.94203  3.30272  5.07816  5.40536  1.88696  4.76259  0.60794  3.07705  5.17917  5.17902  4.79450  4.80713  4.48794  3.96718  2.44590  5.50765  4.46472     42 L - - -
          2.68618  4.42225  2.77519  2.73123  3.46354  2.40513  3.72494  3.29354  2.67741  2.69355  4.24690  2.90347  2.73739  3.18146  2.89801  2.37887  2.77519  2.98518  4.58477  3.61503
          0.01751  4.44956  5.17191  0.61958  0.77255  0.48576  0.95510
     32   2.86141  4.75226  3.33215  1.52732  3.93261  3.72344  4.01744  2.85725  2.87433  2.51798  3.82038  3.35718  4.14137  3.23484  3.27518  3.01272  3.10789  1.82903  5.40357  4.11368     43 e - - -
          2.68618  4.42225  2.77519  2.73123  3.46354  2.40513  3.72494  3.29354  2.67741  2.69355  4.24690  2.90347  2.73739  3.18146  2.89801  2.37887  2.77519  2.98518  4.58477  3.61503
          0.01751  4.44956  5.17191  0.61958  0.77255  0.48576  0.95510
     33   3.40777  4.64215  5.36021  4.85313  3.78106  4.90889  5.47728  1.53626  4.75932  1.79946  3.55108  5.02566  5.13425  4.95552  4.89776  4.30563  3.65811  0.88228  5.82332  4.65522     44 v - - -
          2.68618  4.42225  2.77519  2.73123  3.46354  2.40513  3.72494  3.29354  2.67741  2.69355  4.24690  2.90347  2.73739  3.18146  2.89801  2.37887  2.77519  2.98518  4.58477  3.61503
          0.01751  4.44956  5.17191  0.61958  0.77255  0.48576  0.95510
     34   3.04028  5.32149  2.89691  2.59708  4.41090  3.60655  1.30626  4.09936  2.51094  3.60550  4.45068  2.66206  4.08838  2.32153  2.86290  3.01140  3.27794  3.74343  5.61692  4.21076     45 h - - -
          2.68618  4.42225  2.77519  2.73123  3.46354  2.40513  3.72494  3.29354  2.67741  2.69355  4.24690  2.90347  2.73739  3.18146  2.89801  2.37887  2.77519  2.98518  4.58477  3.61503
          0.01751  4.44956  5.17191  0.61958  0.77255  0.48576  0.95510
     35   3.46088  4.76183  5.21244  4.70113  3.47397  4.76312  5.23506  2.15664  4.54359  0.95239  3.27648  4.88841  5.01076  4.69346  4.64970  4.15896  3.71231  1.34011  5.54082  4.42084     46 l - - -
          2.68620  4.42227  2.77522  2.73125  3.46356  2.40515  3.72497  3.29356  2.67743  2.69357  4.24692  2.90349  2.73706  3.18148  2.89803  2.37889  2.77522  2.98520  4.58479  3.61505
          0.12104  2.22262  5.17191  0.29689  1.35916  0.48576  0.95510
     36   2.79786  5.14063  3.07287  2.52691  4.46214  3.55358  2.89168  3.89650  2.17997  3.41589  4.20391  3.04716  1.88909  2.65368  2.45731  2.54073  3.02024  3.52306  5.57074  4.23002     48 p - - -
          2.68618  4.42225  2.77519  2.73123  3.46354  2.40513  3.72494  3.29354  2.67741  2.69355  4.24690  2.90347  2.73739  3.18146  2.89801  2.37887  2.77519  2.98518  4.58477  3.61503
          0.01751  4.44956  5.17191  0.61958  0.77255  0.48576  0.95510
     37   3.14391  5.52660  2.26029  2.12907  4.99654  0.93421  4.09390  4.50117  3.12734  4.03896  4.90175  3.00972  4.10756  3.27762  3.69493  3.07723  3.47094  4.06543  6.20082  4.75015     49 g - - -
          2.68618  4.42225  2.77519  2.73123  3.46354  2.40513  3.72494  3.29354  2.67741  2.69355  4.24690  2.90347  2.73739  3.18146  2.89801  2.37887  2.77519  2.98518  4.58477  3.61503
          0.01751  4.44956  5.17191  0.61958  0.77255  0.48576  0.95510
     38   3.86261  5.11907  5.12982  4.79772  0.68327  4.76167  4.18850  2.98059  4.61410  1.92743  3.62221  4.64726  5.05206  4.60286  4.62395  4.19551  4.10731  3.07516  4.31799  2.65366     50 F - - -
          2.68618  4.42225  2.77519  2.73123  3.46354  2.40513  3.72494  3.29354  2.67741  2.69355  4.24690  2.90347  2.73739  3.18146  2.89801  2.37887  2.77519  2.98518  4.58477  3.61503
          0.01751  4.44956  5.17191  0.61958  0.77255  0.48576  0.95510
     39   3.03447  5.25619  3.43930  2.80169  4.67760  3.73668  3.77188  4.05106  1.39647  3.52949  4.35665  3.25690  4.11312  2.89789  1.88050  3.03013  1.97209  3.70197  5.62370  4.38569     51 k - - -
          2.68618  4.42225  2.77519  2.73123  3.46354  2.40513  3.72494  3.29354  2.67741  2.69355  4.24690  2.90347  2.73739  3.18146  2.89801  2.37887  2.77519  2.98518  4.58477  3.61503
          0.01751  4.44956  5.17191  0.61958  0.77255  0.48576  0.95510
     40   3.18760  5.32452  3.67182  2.96141  4.73512  3.85783  3.79796  4.07795  0.89933  3.53804  3.56088  3.37538  4.21045  2.92985  2.07228  3.18785  3.35654  3.76477  5.62328  4.43527     52 k - - -
          2.68618  4.42225  2.77519  2.73123  3.46354  2.40513  3.72494  3.29354  2.67741  2.69355  4.24690  2.90347  2.73739  3.18146  2.89801  2.37887  2.77519  2.98518  4.58477  3.61503
          0.01751  4.44956  5.17191  0.61958  0.77255  0.48576  0.95510
     41   3.14302  5.77286  1.90068  0.99462  5.06087  3.45780  3.95700  4.59310  2.93190  4.05622  4.88123  2.90522  4.05792  2.53895  3.51776  3.02272  3.42034  4.14402  6.19917  4.68531     53 e - - -
          2.68618  4.42225  2.77519  2.73123  3.46354  2.40513  3.72494  3.29354  2.67741  2.69355  4.24690  2.90347  2.73739  3.18146  2.89801  2.37887  2.77519  2.98518  4.58477  3.61503
          0.01751  4.44956  5.17191  0.61958  0.77255  0.48576  0.95510
     42   2.97888  5.35357  2.86912  2.27289  4.62798  3.57611  2.21427  4.13128  2.45327  3.62142  4.43439  3.05708  4.03608  1.42597  2.83072  2.93650  3.20799  3.75206  5.72352  4.35694     54 q - - -
          2.68618  4.42225  2.77519  2.73123  3.46354  2.40513  3.72494  3.29354  2.67741  2.69355  4.24690  2.90347  2.73739  3.18146  2.89801  2.37887  2.77519  2.98518  4.58477  3.61503
          0.01751  4.44956  5.17191  0.61958  0.77255  0.48576  0.95510
     43   3.39968  4.66693  5.28025  4.72759  3.48650  4.78339  5.20220  1.86631  4.60582  1.23566  2.89409  4.89067  4.99100  4.70666  4.68500  4.14741  3.63315  1.21364  5.50614  4.41281     55 v - - -
          2.68618  4.42225  2.77519  2.73123  3.46354  2.40513  3.72494  3.29354  2.67741  2.69355  4.24690  2.90347  2.73739  3.18146  2.89801  2.37887  2.77519  2.98518  4.58477  3.61503
          0.01751  4.44956  5.17191  0.61958  0.77255  0.48576  0.95510
     44   2.93484  5.21971  3.25045  2.68363  4.64284  2.12197  3.76219  4.05053  1.78240  3.53353  4.33953  3.16761  4.04507  2.88469  1.67985  2.69564  3.15299  3.67453  5.64102  4.35745     56 r - - -
          2.68618  4.42225  2.77519  2.73123  3.46354  2.40513  3.72494  3.29354  2.67741  2.69355  4.24690  2.90347  2.73739  3.18146  2.89801  2.37887  2.77519  2.98518  4.58477  3.61503
          0.01751  4.44956  5.17191  0.61958  0.77255  0.48576  0.95510
     45   3.42202  4.64926  5.40675  4.94132  3.94600  4.95522  5.67082  0.94041  4.86122  2.38227  3.69848  5.11019  5.21002  5.11492  5.03115  4.38437  3.68757  1.11168  6.03203  4.81920     57 i - - -
          2.68618  4.42225  2.77519  2.73123  3.46354  2.40513  3.72494  3.29354  2.67741  2.69355  4.24690  2.90347  2.73739  3.18146  2.89801  2.37887  2.77519  2.98518  4.58477  3.61503
          0.01751  4.44956  5.17191  0.61958  0.77255  0.48576  0.95510
     46   3.04006  5.17178  3.39888  2.83334  4.40395  3.74223  3.81988  3.85474  2.28430  2.84272  4.24934  3.28768  4.13641  1.15984  2.28530  3.06060  3.24657  3.56325  5.53175  4.25680     58 q - - -
          2.68618  4.42225  2.77519  2.73123  3.46354  2.40513  3.72494  3.29354  2.67741  2.69355  4.24690  2.90347  2.73739  3.18146  2.89801  2.37887  2.77519  2.98518  4.58477  3.61503
          0.01751  4.44956  5.17191  0.61958  0.77255  0.48576  0.95510
     47   3.24730  4.53638  5.09203  4.55851  3.71359  4.63204  5.12841  0.99957  4.44562  1.91435  3.53213  4.72402  4.91517  4.65674  4.59080  3.99469  2.86515  1.55926  5.59711  4.41921     59 i - - -
          2.68618  4.42225  2.77519  2.73123  3.46354  2.40513  3.72494  3.29354  2.67741  2.69355  4.24690  2.90347  2.73739  3.18146  2.89801  2.37887  2.77519  2.98518  4.58477  3.61503
          0.01751  4.44956  5.17191  0.61958  0.77255  0.48576  0.95510
     48   2.72457  5.16757  2.92404  2.21450  4.48740  3.47844  3.68020  3.95376  2.25284  3.45862  4.21876  2.46434  3.88380  1.96134  2.89376  2.19991  2.95622  3.54578  5.61028  3.47385     60 q - - -
          2.68618  4.42225  2.77519  2.73123  3.46354  2.40513  3.72494  3.29354  2.67741  2.69355  4.24690  2.90347  2.73739  3.18146  2.89801  2.37887  2.77519  2.98518  4.58477  3.61503
          0.01751  4.44956  5.17191  0.61958  0.77255  0.48576  0.95510
     49   2.82527  5.33607  2.44547  2.03588  4.65778  2.15748  3.10099  4.14622  2.56144  3.63383  4.39825  2.19874  3.92356  2.86969  3.07690  2.33819  3.06935  3.71726  5.77871  4.34873     61 e - - -
          2.68618  4.42225  2.77519  2.73123  3.46354  2.40513  3.72494  3.29354  2.67741  2.69355  4.24690  2.90347  2.73739  3.18146  2.89801  2.37887  2.77519  2.98518  4.58477  3.61503
          0.01751  4.44956  5.17191  0.61958  0.77255  0.48576  0.95510
     50   2.67526  4.29604  3.73764  3.16509  3.41784  3.69931  3.96980  2.38404  3.09739  2.49987  2.23687  3.06158  3.02164  2.98181  3.40015  2.68458  2.90719  2.34221  3.69417  3.67431     62 m - - -
          2.68618  4.42225  2.77519  2.73123  3.46354  2.40513  3.72494  3.29354  2.67741  2.69355  4.24690  2.90347  2.73739  3.18146  2.89801  2.37887  2.77519  2.98518  4.58477  3.61503
          0.01751  4.44956  5.17191  0.61958  0.77255  0.48576  0.95510
     51   2.97162  5.29485  1.56602  2.48310  4.96137  1.32231  4.08605  4.47447  3.09994  4.00763  4.83598  3.02595  4.04636  3.26080  3.66119  2.48970  3.32926  3.97734  6.17119  4.72457     63 g - - -
          2.68618  4.42225  2.77519  2.73123  3.46354  2.40513  3.72494  3.29354  2.67741  2.69355  4.24690  2.90347  2.73739  3.18146  2.89801  2.37887  2.77519  2.98518  4.58477  3.61503
          0.01751  4.44956  5.17191  0.61958  0.77255  0.48576  0.95510
     52   2.81872  4.25207  4.36883  3.78539  3.32171  3.96636  4.28887  2.02547  3.65528  1.90653  2.07805  2.91662  4.31779  3.86519  3.81602  3.26438  3.05219  1.81223  4.91592  3.73409     64 v - - -
          2.68618  4.42225  2.77519  2.73123  3.46354  2.40513  3.72494  3.29354  2.67741  2.69355  4.24690  2.90347  2.73739  3.18146  2.89801  2.37887  2.77519  2.98518  4.58477  3.61503
          0.01751  4.44956  5.17191  0.61958  0.77255  0.48576  0.95510
     53   3.52457  4.81060  5.29329  4.72289  3.30529  4.83249  5.17076  2.30420  4.57923  0.84190  2.35103  4.92263  4.99606  4.62262  4.63618  4.19159  3.74586  1.75816  5.40080  4.36589     65 l - - -
          2.68618  4.42225  2.77519  2.73123  3.46354  2.40513  3.72494  3.29354  2.67741  2.69355  4.24690  2.90347  2.73739  3.18146  2.89801  2.37887  2.77519  2.98518  4.58477  3.61503
          0.01751  4.44956  5.17191  0.61958  0.77255  0.48576  0.95510
     54   2.83131  4.95037  3.31032  2.71838  4.25341  3.62503  3.77959  3.62562  2.15396  3.22557  4.06371  3.19336  4.01836  2.93555  1.77303  2.87857  1.88237  2.84677  5.44437  4.16719     66 r - - -
          2.68618  4.42225  2.77519  2.73123  3.46354  2.40513  3.72494  3.29354  2.67741  2.69355  4.24690  2.90347  2.73739  3.18146  2.89801  2.37887  2.77519  2.98518  4.58477  3.61503
          0.01751  4.44956  5.17191  0.61958  0.77255  0.48576  0.95510
     55   3.33973  4.59387  5.28087  4.76065  2.96616  4.78004  5.27540  1.03686  4.65686  2.21045  3.50992  4.90079  5.02916  4.82956  4.77163  4.16000  3.58752  1.26190  5.63871  4.44150     67 i - - -
          2.68618  4.42225  2.77519  2.73123  3.46354  2.40513  3.72494  3.29354  2.67741  2.69355  4.24690  2.90347  2.73739  3.18146  2.89801  2.37887  2.77519  2.98518  4.58477  3.61503
          0.01751  4.44956  5.17191  0.61958  0.77255  0.48576  0.95510
     56   2.75054  4.96832  3.14422  2.59511  4.29769  3.53496  3.17026  3.72149  2.44810  3.29284  4.10180  3.09679  3.94921  2.89668  1.98895  2.13289  2.01404  3.37309  5.49221  4.16950     68 r - - -
          2.68618  4.42225  2.77519  2.73123  3.46354  2.40513  3.72494  3.29354  2.67741  2.69355  4.24690  2.90347  2.73739  3.18146  2.89801  2.37887  2.77519  2.98518  4.58477  3.61503
          0.01751  4.44956  5.17191  0.61958  0.77255  0.48576  0.95510
     57   3.53594  5.21548  4.32197  4.30829  5.36751  0.21689  5.35164  5.14742  4.56402  4.70888  5.71564  4.48934  4.61849  4.84343  4.69970  3.72956  4.05883  4.56389  6.27170  5.50150     69 G - - -
          2.68618  4.42225  2.77519  2.73123  3.46354  2.40513  3.72494  3.29354  2.67741  2.69355  4.24690  2.90347  2.73739  3.18146  2.89801  2.37887  2.77519  2.98518  4.58477  3.61503
          0.01751  4.44956  5.17191  0.61958  0.77255  0.48576  0.95510
     58   2.84828  5.14523  2.76897  1.32000  4.60426  2.90295  3.90100  4.04285  2.74460  3.61078  4.42147  3.03606  3.98530  3.05127  3.22519  2.84393  1.91572  3.63885  5.80350  4.42152     70 e - - -
          2.68618  4.42225  2.77519  2.73123  3.46354  2.40513  3.72494  3.29354  2.67741  2.69355  4.24690  2.90347  2.73739  3.18146  2.89801  2.37887  2.77519  2.98518  4.58477  3.61503
          0.01751  4.44956  5.17191  0.61958  0.77255  0.48576  0.95510
     59   2.85538  3.57526  3.40894  2.81015  4.30882  3.63002  3.82254  3.69950  2.38063  3.28197  4.12351  3.25706  4.04906  2.62586  1.24997  2.58579  3.09669  3.37776  5.47827  4.21916     71 r - - -
          2.68618  4.42225  2.77519  2.73123  3.46354  2.40513  3.72494  3.29354  2.67741  2.69355  4.24690  2.90347  2.73739  3.18146  2.89801  2.37887  2.77519  2.98518  4.58477  3.61503
          0.01751  4.44956  5.17191  0.61958  0.77255  0.48576  0.95510
     60   2.78682  4.94904  3.19221  2.62669  4.19339  3.58890  3.13762  3.61071  2.42487  2.56396  4.02626  3.12495  1.92023  2.62629  2.38744  2.82271  3.00917  3.29650  5.41480  4.10691     72 p - - -
          2.68618  4.42225  2.77519  2.73123  3.46354  2.40513  3.72494  3.29354  2.67741  2.69355  4.24690  2.90347  2.73739  3.18146  2.89801  2.37887  2.77519  2.98518  4.58477  3.61503
          0.01751  4.44956  5.17191  0.61958  0.77255  0.48576  0.95510
     61   2.27335  4.21722  4.10509  3.52720  2.87900  3.81324  4.13464  2.27839  3.42357  2.26282  3.33311  3.76963  4.18869  3.66059  3.63671  2.07168  2.95687  1.79703  4.86328  3.66494     73 v - - -
          2.68618  4.42225  2.77519  2.73123  3.46354  2.40513  3.72494  3.29354  2.67741  2.69355  4.24690  2.90347  2.73739  3.18146  2.89801  2.37887  2.77519  2.98518  4.58477  3.61503
          0.01751  4.44956  5.17191  0.61958  0.77255  0.48576  0.95510
     62   2.59598  5.54984  1.42743  2.09301  4.85819  3.45888  3.86516  4.36183  2.75463  3.84268  4.63656  2.91589  3.99871  1.86514  3.29987  2.90718  3.25307  3.92702  5.99021  4.52380     74 d - - -
          2.68618  4.42225  2.77519  2.73123  3.46354  2.40513  3.72494  3.29354  2.67741  2.69355  4.24690  2.90347  2.73739  3.18146  2.89801  2.37887  2.77519  2.98518  4.58477  3.61503
          0.01751  4.44956  5.17191  0.61958  0.77255  0.48576  0.95510
     63   2.51092  5.22379  2.66151  2.10597  4.54589  2.43394  3.70350  4.02157  2.28873  3.52023  4.27926  2.93736  2.36317  2.57266  2.97012  2.71393  2.98882  3.60377  5.67013  4.26175     75 e - - -
          2.68618  4.42225  2.77519  2.73123  3.46354  2.40513  3.72494  3.29354  2.67741  2.69355  4.24690  2.90347  2.73739  3.18146  2.89801  2.37887  2.77519  2.98518  4.58477  3.61503
          0.01751  4.44956  5.17191  0.61958  0.77255  0.48576  0.95510
     64   2.78430  5.12821  2.49433  2.46635  4.57160  3.43463  3.83440  4.03643  2.66553  3.57537  4.36207  1.67372  3.93987  2.96997  3.16334  2.10553  2.23024  3.61704  5.75362  4.36017     76 n - - -
          2.68621  4.42228  2.77504  2.73127  3.46357  2.40503  3.72498  3.29357  2.67744  2.69358  4.24693  2.90328  2.73743  3.18150  2.89804  2.37890  2.77523  2.98522  4.58480  3.61507
          0.12602  2.18274  5.17191  0.49642  0.93830  0.48576  0.95510
     65   2.88178  5.05516  3.31779  2.70778  4.36276  3.65544  3.75615  3.74714  1.83819  2.79627  4.13716  3.18656  4.03333  2.89845  1.95208  2.90637  1.89170  3.42652  5.49022  4.21469     79 k - - -
          2.68618  4.42225  2.77519  2.73123  3.46354  2.40513  3.72494  3.29354  2.67741  2.69355  4.24690  2.90347  2.73739  3.18146  2.89801  2.37887  2.77519  2.98518  4.58477  3.61503
          0.01751  4.44956  5.17191  0.61958  0.77255  0.48576  0.95510
     66   2.92144  4.77109  3.63124  3.01072  3.91917  3.75711  3.86763  3.35530  2.22475  2.99685  3.88829  3.40948  4.13827  3.10391  2.36575  3.05660  2.73915  3.10777  1.50758  3.97287     80 w - - -
          2.68618  4.42225  2.77519  2.73123  3.46354  2.40513  3.72494  3.29354  2.67741  2.69355  4.24690  2.90347  2.73739  3.18146  2.89801  2.37887  2.77519  2.98518  4.58477  3.61503
          0.01751  4.44956  5.17191  0.61958  0.77255  0.48576  0.95510
     67   2.68082  3.77381  3.81469  3.24155  3.40545  3.71540  4.00697  1.84222  2.78313  2.48164  2.97175  3.56866  4.09692  3.43753  3.44479  2.21344  2.46884  2.51576  4.88784  3.67668     81 i - - -
          2.68618  4.42225  2.77519  2.73123  3.46354  2.40513  3.72494  3.29354  2.67741  2.69355  4.24690  2.90347  2.73739  3.18146  2.89801  2.37887  2.77519  2.98518  4.58477  3.61503
          0.01751  4.44956  5.17191  0.61958  0.77255  0.48576  0.95510
     68   3.41341  5.42620  3.86088  3.18934  4.62442  3.96982  2.96468  4.28326  2.15169  3.69288  4.59945  3.55025  4.35184  3.06620  0.75316  3.41829  3.57750  3.97932  5.58777  4.35139     82 r - - -
          2.68618  4.42225  2.77519  2.73123  3.46354  2.40513  3.72494  3.29354  2.67741  2.69355  4.24690  2.90347  2.73739  3.18146  2.89801  2.37887  2.77519  2.98518  4.58477  3.61503
          0.01751  4.44956  5.17191  0.61958  0.77255  0.48576  0.95510
     69   4.09865  5.33657  5.04847  4.90211  0.39785  4.57995  4.27689  3.59753  4.80744  2.84458  4.25583  4.72821  5.04804  4.82172  4.78229  4.31327  4.41123  3.62500  4.41435  2.73394     83 F - - -
          2.68618  4.42225  2.77519  2.73123  3.46354  2.40513  3.72494  3.29354  2.67741  2.69355  4.24690  2.90347  2.73739  3.18146  2.89801  2.37887  2.77519  2.98518  4.58477  3.61503
          0.01751  4.44956  5.17191  0.61958  0.77255  0.48576  0.95510
     70   2.71451  5.16663  2.12788  2.41503  4.49478  3.48108  3.20252  3.96247  2.21726  3.45952  3.51713  2.69484  3.87788  2.77279  2.04681  2.68546  2.94420  3.54911  5.60344  4.21308     84 r - - -
          2.68618  4.42225  2.77519  2.73123  3.46354  2.40513  3.72494  3.29354  2.67741  2.69355  4.24690  2.90347  2.73739  3.18146  2.89801  2.37887  2.77519  2.98518  4.58477  3.61503
          0.01751  4.44956  5.17191  0.61958  0.77255  0.48576  0.95510
     71   3.45390  5.53226  3.94511  3.17034  5.09242  4.00355  3.84746  4.39632  0.77786  3.76072  4.64592  3.52592  4.34790  2.97605  1.77564  3.43165  3.58376  4.07979  5.73033  4.62661     85 k - - -
          2.68618  4.42225  2.77519  2.73123  3.46354  2.40513  3.72494  3.29354  2.67741  2.69355  4.24690  2.90347  2.73739  3.18146  2.89801  2.37887  2.77519  2.98518  4.58477  3.61503
          0.01751  4.44956  5.17191  0.61958  0.77255  0.48576  0.95510
     72   1.91682  5.36289  2.40170  1.53775  4.67931  3.46287  3.78772  4.16270  2.61410  3.66051  4.43791  2.93141  3.94794  2.37190  3.12994  2.81157  3.11682  3.74259  5.81431  4.38422     86 e - - -
          2.68618  4.42225  2.77519  2.73123  3.46354  2.40513  3.72494  3.29354  2.67741  2.69355  4.24690  2.90347  2.73739  3.18146  2.89801  2.37887  2.77519  2.98518  4.58477  3.61503
          0.01751  4.44956  5.17191  0.61958  0.77255  0.48576  0.95510
     73   3.08994  4.45764  4.79582  4.24751  1.75754  4.28964  4.61107  1.31390  4.10190  2.10369  3.32588  4.37074  4.61985  4.26810  4.21113  3.62688  2.81920  2.16679  5.06212  3.79412     87 i - - -
          2.68618  4.42225  2.77519  2.73123  3.46354  2.40513  3.72494  3.29354  2.67741  2.69355  4.24690  2.90347  2.73739  3.18146  2.89801  2.37887  2.77519  2.98518  4.58477  3.61503
          0.01751  4.44956  5.17191  0.61958  0.77255  0.48576  0.95510
     74   2.92620  5.28600  3.16302  2.34093  4.66928  3.63108  3.73135  4.08938  1.48175  3.55519  4.34851  3.11426  2.23722  2.84620  2.22082  2.89746  3.13486  3.70419  5.65416  4.34739     88 k - - -
          2.68618  4.42225  2.77519  2.73123  3.46354  2.40513  3.72494  3.29354  2.67741  2.69355  4.24690  2.90347  2.73739  3.18146  2.89801  2.37887  2.77519  2.98518  4.58477  3.61503
          0.01751  4.44956  5.17191  0.61958  0.77255  0.48576  0.95510
     75   3.43277  4.65424  5.41587  4.92133  3.83902  4.97159  5.58481  0.94206  4.83630  2.02641  3.59646  5.09641  5.18962  5.04575  4.98322  4.38072  3.68589  1.26155  5.91427  4.73660     89 i - - -
          2.68618  4.42225  2.77519  2.73123  3.46354  2.40513  3.72494  3.29354  2.67741  2.69355  4.24690  2.90347  2.73739  3.18146  2.89801  2.37887  2.77519  2.98518  4.58477  3.61503
          0.01751  4.44956  5.17191  0.61958  0.77255  0.48576  0.95510
     76   2.15403  4.45922  3.66944  3.45629  4.70176  3.20776  4.56984  4.12182  3.56121  3.81349  4.63875  3.59488  0.87826  3.84631  3.85854  2.25493  3.01499  3.52754  6.03549  4.82751     90 p - - -
          2.68618  4.42225  2.77519  2.73123  3.46354  2.40513  3.72494  3.29354  2.67741  2.69355  4.24690  2.90347  2.73739  3.18146  2.89801  2.37887  2.77519  2.98518  4.58477  3.61503
          0.01751  4.44956  5.17191  0.61958  0.77255  0.48576  0.95510
     77   2.94573  5.36159  2.86685  1.72660  4.73173  3.55542  3.78958  4.17993  1.36299  3.65702  4.45207  3.03765  4.01307  2.91338  2.82041  2.52982  3.17823  3.77735  5.77316  4.41376     91 k - - -
          2.68618  4.42225  2.77519  2.73123  3.46354  2.40513  3.72494  3.29354  2.67741  2.69355  4.24690  2.90347  2.73739  3.18146  2.89801  2.37887  2.77519  2.98518  4.58477  3.61503
          0.01751  4.44956  5.17191  0.61958  0.77255  0.48576  0.95510
     78   3.01853  5.61211  1.36129  1.95623  4.91497  2.86345  3.03029  4.43193  2.79229  3.90110  4.69502  2.21038  4.00529  3.01570  3.35606  2.92281  3.28192  3.98624  6.04328  4.55936     92 d - - -
          2.68618  4.42225  2.77519  2.73123  3.46354  2.40513  3.72494  3.29354  2.67741  2.69355  4.24690  2.90347  2.73739  3.18146  2.89801  2.37887  2.77519  2.98518  4.58477  3.61503
          0.01751  4.44956  5.17191  0.61958  0.77255  0.48576  0.95510
     79   2.62089  0.94871  4.59436  4.21520  4.04239  3.47376  4.80654  2.80208  4.03163  2.93586  3.99007  4.05388  4.19140  4.28530  4.16699  2.92796  2.70228  2.19871  5.64027  4.45718     93 c - - -
          2.68618  4.42225  2.77519  2.73123  3.46354  2.40513  3.72494  3.29354  2.67741  2.69355  4.24690  2.90347  2.73739  3.18146  2.89801  2.37887  2.77519  2.98518  4.58477  3.61503
          0.01751  4.44956  5.17191  0.61958  0.77255  0.48576  0.95510
     80   2.72026  4.92904  3.07158  2.54687  3.43867  3.51882  3.74326  3.61508  2.05003  3.21241  4.02723  2.05130  3.92722  2.89301  2.95446  2.74975  2.08001  3.28380  5.43711  4.09867     94 k - - -
          2.68618  4.42225  2.77519  2.73123  3.46354  2.40513  3.72494  3.29354  2.67741  2.69355  4.24690  2.90347  2.73739  3.18146  2.89801  2.37887  2.77519  2.98518  4.58477  3.61503
          0.01751  4.44956  5.17191  0.61958  0.77255  0.48576  0.95510
     81   2.69015  4.95648  2.72881  2.48980  4.22217  3.49772  3.70733  3.65045  2.48909  3.23097  3.02452  2.57873  3.32841  2.84416  2.70639  2.70619  1.90158  3.30553  5.45170  4.10108     95 t - - -
          2.68618  4.42225  2.77519  2.73123  3.46354  2.40513  3.72494  3.29354  2.67741  2.69355  4.24690  2.90347  2.73739  3.18146  2.89801  2.37887  2.77519  2.98518  4.58477  3.61503
          0.01751  4.44956  5.17191  0.61958  0.77255  0.48576  0.95510
     82   2.98871  5.46782  1.78752  2.37690  4.87404  3.43782  3.92774  4.38676  2.85658  3.88496  4.68992  1.65000  4.01329  3.07512  3.41066  1.79061  3.27789  3.93767  6.03718  4.57253     96 n - - -
          2.68618  4.42225  2.77519  2.73123  3.46354  2.40513  3.72494  3.29354  2.67741  2.69355  4.24690  2.90347  2.73739  3.18146  2.89801  2.37887  2.77519  2.98518  4.58477  3.61503
          0.01751  4.44956  5.17191  0.61958  0.77255  0.48576  0.95510
     83   2.44329  5.11359  2.76703  1.52848  4.64714  1.82339  3.91544  4.10957  2.77724  3.65828  4.45675  3.03352  3.96962  3.06355  3.27248  2.46850  3.12116  3.67454  5.84174  4.45197     97 e - - -
          2.68618  4.42225  2.77519  2.73123  3.46354  2.40513  3.72494  3.29354  2.67741  2.69355  4.24690  2.90347  2.73739  3.18146  2.89801  2.37887  2.77519  2.98518  4.58477  3.61503
          0.01751  4.44956  5.17191  0.61958  0.77255  0.48576  0.95510
     84   3.42665  4.67376  5.35284  4.89251  3.87600  4.89980  5.60445  0.74062  4.79138  2.30165  3.64192  5.06389  5.17400  5.04018  4.95582  4.33181  3.69686  1.47798  5.96560  4.76224     98 i - - -
          2.68618  4.42225  2.77519  2.73123  3.46354  2.40513  3.72494  3.29354  2.67741  2.69355  4.24690  2.90347  2.73739  3.18146  2.89801  2.37887  2.77519  2.98518  4.58477  3.61503
          0.01751  4.44956  5.17191  0.61958  0.77255  0.48576  0.95510
     85   3.14268  5.37914  3.47783  2.84482  4.76590  3.79896  2.99508  4.18558  2.12801  3.61578  4.45107  3.29181  4.16512  1.60822  1.43162  3.11934  3.31940  3.83657  5.64933  4.41596     99 r - - -
          2.68618  4.42225  2.77519  2.73123  3.46354  2.40513  3.72494  3.29354  2.67741  2.69355  4.24690  2.90347  2.73739  3.18146  2.89801  2.37887  2.77519  2.98518  4.58477  3.61503
          0.01751  4.44956  5.17191  0.61958  0.77255  0.48576  0.95510
     86   0.58594  4.42873  3.96979  3.79630  4.78948  2.46964  4.79912  4.16958  3.89012  3.91852  4.75536  3.77324  4.01835  4.13163  4.11891  2.71411  3.05035  3.55043  6.12665  4.98675    100 A - - -
          2.68618  4.42225  2.77519  2.73123  3.46354  2.40513  3.72494  3.29354  2.67741  2.69355  4.24690  2.90347  2.73739  3.18146  2.89801  2.37887  2.77519  2.98518  4.58477  3.61503
          0.01751  4.44956  5.17191  0.61958  0.77255  0.48576  0.95510
     87   3.13229  5.40393  3.09394  2.72661  4.84051  3.68123  3.87184  4.28371  1.03987  3.74239  4.58319  2.00426  4.14846  3.01035  2.62773  3.10086  3.35942  3.90508  5.79258  4.51250    101 k - - -
          2.68618  4.42225  2.77519  2.73123  3.46354  2.40513  3.72494  3.29354  2.67741  2.69355  4.24690  2.90347  2.73739  3.18146  2.89801  2.37887  2.77519  2.98518  4.58477  3.61503
          0.01751  4.44956  5.17191  0.61958  0.77255  0.48576  0.95510
     88   3.60524  4.88842  5.29701  4.74216  1.23457  4.83035  4.87070  2.52027  4.58913  1.18418  2.52845  4.87060  4.98361  4.57106  4.60831  4.18356  3.81575  2.71358  5.03867  3.74276    102 l - - -
          2.68618  4.42225  2.77519  2.73123  3.46354  2.40513  3.72494  3.29354  2.67741  2.69355  4.24690  2.90347  2.73739  3.18146  2.89801  2.37887  2.77519  2.98518  4.58477  3.61503
          0.01751  4.44956  5.17191  0.61958  0.77255  0.48576  0.95510
     89   2.63871  4.53800  3.44900  2.93018  3.88959  1.94428  3.97499  3.25664  2.89233  2.61707  3.09564  3.33329  3.98899  3.22703  3.27653  1.71855  2.94152  2.96876  5.28293  4.02006    103 s - - -
          2.68618  4.42225  2.77519  2.73123  3.46354  2.40513  3.72494  3.29354  2.67741  2.69355  4.24690  2.90347  2.73739  3.18146  2.89801  2.37887  2.77519  2.98518  4.58477  3.61503
          0.01751  4.44956  5.17191  0.61958  0.77255  0.48576  0.95510
     90   2.72065  5.15689  2.96440  2.42553  4.48245  2.58044  3.18347  3.94521  2.23896  3.44814  4.20796  2.12397  3.88417  2.53311  2.61916  2.69436  2.52922  3.53819  5.59674  4.21175    104 n - - -
          2.68618  4.42225  2.77519  2.73123  3.46354  2.40513  3.72494  3.29354  2.67741  2.69355  4.24690  2.90347  2.73739  3.18146  2.89801  2.37887  2.77519  2.98518  4.58477  3.61503
          0.01751  4.44956  5.17191  0.61958  0.77255  0.48576  0.95510
     91   2.92259  5.23221  2.23645  2.48766  4.84894  1.16711  4.03539  4.34323  3.00420  3.88346  4.70287  2.56159  4.02310  3.20355  3.54281  2.45077  3.26461  3.87206  6.06122  4.63511    105 g - - -
          2.68618  4.42225  2.77519  2.73123  3.46354  2.40513  3.72494  3.29354  2.67741  2.69355  4.24690  2.90347  2.73739  3.18146  2.89801  2.37887  2.77519  2.98518  4.58477  3.61503
          0.01751  4.44956  5.17191  0.61958  0.77255  0.48576  0.95510
     92   3.04086  4.45195  4.55690  4.05369  3.68862  4.23233  4.72037  0.98466  3.93100  2.46837  3.59545  3.26563  4.61644  4.21534  4.13666  3.58406  3.30661  1.63110  5.39569  4.17079    106 i - - -
          2.68618  4.42225  2.77519  2.73123  3.46354  2.40513  3.72494  3.29354  2.67741  2.69355  4.24690  2.90347  2.73739  3.18146  2.89801  2.37887  2.77519  2.98518  4.58477  3.61503
          0.01751  4.44956  5.17191  0.61958  0.77255  0.48576  0.95510
     93   3.87843  5.18973  5.11925  4.79689  3.47032  4.71322  5.28180  2.73362  4.56632  0.39313  3.37293  5.02307  5.07167  4.78619  4.63308  4.41321  4.15728  2.91358  5.51728  4.36298    107 L - - -
          2.68618  4.42225  2.77519  2.73123  3.46354  2.40513  3.72494  3.29354  2.67741  2.69355  4.24690  2.90347  2.73739  3.18146  2.89801  2.37887  2.77519  2.98518  4.58477  3.61503
          0.01751  4.44956  5.17191  0.61958  0.77255  0.48576  0.95510
     94   2.86097  4.67873  3.51953  2.98184  2.74411  3.75510  2.88497  3.23020  2.93549  2.86711  3.78487  3.39809  4.13563  2.74669  3.31196  2.36708  3.09154  2.99370  4.68394  1.66681    108 y - - -
          2.68618  4.42225  2.77519  2.73123  3.46354  2.40513  3.72494  3.29354  2.67741  2.69355  4.24690  2.90347  2.73739  3.18146  2.89801  2.37887  2.77519  2.98518  4.58477  3.61503
          0.01751  4.44956  5.17191  0.61958  0.77255  0.48576  0.95510
     95   3.41804  4.64426  5.40724  4.94177  3.95930  4.95582  5.67481  1.10112  4.86378  2.40066  3.71119  5.11000  5.21119  5.12092  5.03578  4.38460  3.68356  0.94384  6.04134  4.82458    109 v - - -
          2.68618  4.42225  2.77519  2.73123  3.46354  2.40513  3.72494  3.29354  2.67741  2.69355  4.24690  2.90347  2.73739  3.18146  2.89801  2.37887  2.77519  2.98518  4.58477  3.61503
          0.01751  4.44956  5.17191  0.61958  0.77255  0.48576  0.95510
     96   2.53881  4.37472  4.38489  3.84173  3.64247  4.02492  4.52557  1.82666  3.74652  2.50383  3.55842  4.06782  4.43929  4.00434  3.97469  3.35602  1.66595  1.54792  5.26844  4.06431    110 v - - -
          2.68618  4.42225  2.77519  2.73123  3.46354  2.40513  3.72494  3.29354  2.67741  2.69355  4.24690  2.90347  2.73739  3.18146  2.89801  2.37887  2.77519  2.98518  4.58477  3.61503
          0.01751  4.44956  5.17191  0.61958  0.77255  0.48576  0.95510
     97   3.40141  4.72168  5.13021  4.54997  1.82649  4.62884  4.85578  2.45654  4.40171  1.48671  1.45131  4.70157  4.83513  4.44140  4.44837  3.96534  3.61879  2.37114  5.13081  3.97232    111 m - - -
          2.68618  4.42225  2.77519  2.73123  3.46354  2.40513  3.72494  3.29354  2.67741  2.69355  4.24690  2.90347  2.73739  3.18146  2.89801  2.37887  2.77519  2.98518  4.58477  3.61503
          0.01751  4.44956  5.17191  0.61958  0.77255  0.48576  0.95510
     98   3.00253  5.12198  3.08040  2.81526  4.60068  3.57160  4.07341  4.12152  2.77974  3.65704  4.54165  3.29091  1.23705  1.74197  3.12485  3.04002  3.31854  3.74249  5.79196  4.48610    112 p - - -
          2.68618  4.42225  2.77519  2.73123  3.46354  2.40513  3.72494  3.29354  2.67741  2.69355  4.24690  2.90347  2.73739  3.18146  2.89801  2.37887  2.77519  2.98518  4.58477  3.61503
          0.01751  4.44956  5.17191  0.61958  0.77255  0.48576  0.95510
     99   3.44006  5.50208  3.83201  3.15944  5.03632  3.97095  3.89000  4.37797  0.68244  3.76720  4.66159  3.52697  4.34820  3.02651  2.10070  3.42674  3.59242  4.06064  5.74441  4.62522    113 K - - -
          2.68618  4.42225  2.77519  2.73123  3.46354  2.40513  3.72494  3.29354  2.67741  2.69355  4.24690  2.90347  2.73739  3.18146  2.89801  2.37887  2.77519  2.98518  4.58477  3.61503
          0.01751  4.44956  5.17191  0.61958  0.77255  0.48576  0.95510
    100   2.87666  5.29218  2.99092  2.29163  4.65272  3.56512  3.73053  4.09682  1.30841  3.57035  4.35145  2.70212  3.97913  2.49638  2.72549  2.83931  2.74656  3.69597  5.68482  4.33599    114 k - - -
          2.68618  4.42225  2.77519  2.73123  3.46354  2.40513  3.72494  3.29354  2.67741  2.69355  4.24690  2.90347  2.73739  3.18146  2.89801  2.37887  2.77519  2.98518  4.58477  3.61503
          0.01751  4.44956  5.17191  0.61958  0.77255  0.48576  0.95510
    101   2.13138  4.34426  3.86136  3.34396  3.70060  3.55959  4.18611  1.94987  3.27831  2.74140  3.66365  3.61465  4.08499  3.56512  3.57550  2.51618  1.63119  2.62493  5.17863  3.96577    115 t - - -
          2.68618  4.42225  2.77519  2.73123  3.46354  2.40513  3.72494  3.29354  2.67741  2.69355  4.24690  2.90347  2.73739  3.18146  2.89801  2.37887  2.77519  2.98518  4.58477  3.61503
          0.01751  4.44956  5.17191  0.61958  0.77255  0.48576  0.95510
    102   2.69307  4.98569  3.03813  2.49443  4.29787  3.48787  3.71355  3.73243  1.87125  3.29706  4.08712  2.74005  2.74973  2.84353  2.93431  2.48733  2.29265  2.97862  5.49973  4.14492    116 k - - -
          2.68618  4.42225  2.77519  2.73123  3.46354  2.40513  3.72494  3.29354  2.67741  2.69355  4.24690  2.90347  2.73739  3.18146  2.89801  2.37887  2.77519  2.98518  4.58477  3.61503
          0.29215  4.44956  1.42023  0.61958  0.77255  0.48576  0.95510
    103   2.15853  4.90689  2.80016  2.44455  4.35128  3.34470  3.75193  3.79410  2.55428  3.36537  4.17291  1.84286  3.85031  2.49901  3.00687  2.38331  2.95072  3.40452  5.56506  4.20944    117 n - - -
          2.68661  4.42343  2.77473  2.73005  3.46472  2.40574  3.72612  3.29334  2.67635  2.69473  4.24808  2.90465  2.73778  3.17647  2.89826  2.37894  2.77473  2.98535  4.58595  3.61621
          0.36427  1.21111  4.90274  2.89574  0.05684  0.50553  0.92428
    104   3.13584  4.49259  4.82484  4.24641  2.62503  4.35259  4.66782  1.86036  4.10609  1.05803  3.09523  4.41251  4.62478  4.23058  4.20437  3.67735  2.80375  2.29117  5.08842  3.95217    141 l - - -
          2.68618  4.42225  2.77519  2.73123  3.46354  2.40513  3.72494  3.29354  2.67741  2.69355  4.24690  2.90347  2.73739  3.18146  2.89801  2.37887  2.77519  2.98518  4.58477  3.61503
          0.01950  4.34304  5.06538  0.61958  0.77255  0.63790  0.75162
    105   1.97072  4.59744  3.18333  2.91884  4.48073  3.25548  4.16421  3.90425  3.06305  3.55569  4.38666  2.60927  1.27941  3.37888  3.45105  2.69623  2.99437  3.42883  5.77883  4.49576    142 p - - -
          2.68618  4.42225  2.77519  2.73123  3.46354  2.40513  3.72494  3.29354  2.67741  2.69355  4.24690  2.90347  2.73739  3.18146  2.89801  2.37887  2.77519  2.98518  4.58477  3.61503
          0.01950  4.34304  5.06538  0.61958  0.77255  0.63790  0.75162
    106   2.07341  4.81309  3.07224  2.58995  4.27469  3.03280  3.79954  3.70162  2.58468  3.29255  4.09921  3.07570  3.88774  2.58269  2.82032  1.63036  2.92758  3.32382  5.51268  4.18561    143 s - - -
          2.68618  4.42225  2.77519  2.73123  3.46354  2.40513  3.72494  3.29354  2.67741  2.69355  4.24690  2.90347  2.73739  3.18146  2.89801  2.37887  2.77519  2.98518  4.58477  3.61503
          0.01950  4.34304  5.06538  0.61958  0.77255  0.63790  0.75162
    107   2.71797  5.14020  2.85902  2.19430  4.46147  3.01879  3.67184  3.92277  2.10207  3.43569  4.20506  2.93149  2.32730  2.53980  2.88902  2.31572  2.95308  3.52175  5.59462  4.20657    144 k - - -
          2.68618  4.42225  2.77519  2.73123  3.46354  2.40513  3.72494  3.29354  2.67741  2.69355  4.24690  2.90347  2.73739  3.18146  2.89801  2.37887  2.77519  2.98518  4.58477  3.61503
          0.01950  4.34304  5.06538  0.61958  0.77255  0.63790  0.75162
    108   2.69337  5.12591  2.44130  2.39852  4.45099  3.45864  3.64195  3.91216  2.25029  3.02392  4.17648  2.93746  3.18838  2.38131  2.03402  2.66738  2.92220  3.50686  5.56333  4.18091    145 r - - -
          2.68618  4.42225  2.77519  2.73123  3.46354  2.40513  3.72494  3.29354  2.67741  2.69355  4.24690  2.90347  2.73739  3.18146  2.89801  2.37887  2.77519  2.98518  4.58477  3.61503
          0.01950  4.34304  5.06538  0.61958  0.77255  0.63790  0.75162
    109   2.83429  5.36591  2.17971  1.63664  4.68636  2.81506  3.74443  4.18157  2.57719  3.66356  4.43451  2.87505  3.90332  2.27549  3.10266  2.32339  3.08335  3.74750  5.80662  4.36380    146 e - - -
          2.68618  4.42225  2.77519  2.73123  3.46354  2.40513  3.72494  3.29354  2.67741  2.69355  4.24690  2.90347  2.73739  3.18146  2.89801  2.37887  2.77519  2.98518  4.58477  3.61503
          0.13115  4.34304  2.20803  0.61958  0.77255  0.63790  0.75162
    110   2.38226  4.48821  3.43769  2.96155  3.75903  3.55551  3.97668  2.84925  2.86071  2.72031  3.68540  3.36326  4.02467  2.22064  3.20054  2.87636  2.96342  1.60111  5.21366  3.96353    147 v - - -
          2.68618  4.42225  2.77519  2.73123  3.46354  2.40513  3.72494  3.29354  2.67741  2.69355  4.24690  2.90347  2.73739  3.18146  2.89801  2.37887  2.77519  2.98518  4.58477  3.61503
          0.08457  4.23366  2.70913  0.61958  0.77255  0.76019  0.63032
    111   2.31108  4.57760  3.12123  2.34676  3.96271  3.37555  3.81796  3.29345  2.68653  2.99927  3.85510  3.11699  3.86733  3.02342  3.10538  1.77436  2.86611  2.39424  5.30589  4.01726    148 s - - -
          2.68529  4.42513  2.77643  2.72843  3.46642  2.40560  3.72782  3.29642  2.67432  2.69415  4.24619  2.90635  2.73675  3.18064  2.89995  2.37677  2.77150  2.98783  4.58765  3.61791
          0.46519  1.00923  4.89461  3.61406  0.02731  0.69338  0.69291
    112   2.67227  4.92925  2.85864  2.45269  4.30467  3.38484  3.03018  3.76797  2.52860  3.33507  4.13789  2.41205  3.14292  2.87982  2.98652  1.68914  2.94248  3.38838  5.52507  4.16216    204 s - - -
          2.68618  4.42225  2.77519  2.73123  3.46354  2.40513  3.72494  3.29354  2.67741  2.69355  4.24690  2.90347  2.73739  3.18146  2.89801  2.37887  2.77519  2.98518  4.58477  3.61503
          0.02172  4.23631  4.95866  0.61958  0.77255  0.75754  0.63265
    113   2.84227  5.10369  2.93377  2.52480  4.46082  3.49893  3.72557  3.88773  2.08720  3.41474  4.23957  3.03172  1.88445  2.08345  2.68846  2.83617  3.07881  3.52942  5.56865  4.25280    205 p - - -
          2.68618  4.42225  2.77519  2.73123  3.46354  2.40513  3.72494  3.29354  2.67741  2.69355  4.24690  2.90347  2.73739  3.18146  2.89801  2.37887  2.77519  2.98518  4.58477  3.61503
          0.02172  4.23631  4.95866  0.61958  0.77255  0.75754  0.63265
    114   3.02407  5.42162  2.55427  1.05735  4.75933  3.44695  3.82915  4.21255  2.19235  3.72198  4.57169  2.93911  3.99311  2.98249  2.97678  2.95499  3.28037  3.82972  5.84913  4.46967    206 e - - -
          2.68618  4.42225  2.77519  2.73123  3.46354  2.40513  3.72494  3.29354  2.67741  2.69355  4.24690  2.90347  2.73739  3.18146  2.89801  2.37887  2.77519  2.98518  4.58477  3.61503
          0.02172  4.23631  4.95866  0.61958  0.77255  0.75754  0.63265
    115   2.74812  5.21384  1.82102  2.09216  4.51715  3.38970  3.68135  3.22873  2.49112  3.50125  4.27740  2.36539  3.85260  2.51219  2.99856  2.70221  2.99102  3.58368  5.66286  4.24645    207 d - - -
          2.68618  4.42225  2.77519  2.73123  3.46354  2.40513  3.72494  3.29354  2.67741  2.69355  4.24690  2.90347  2.73739  3.18146  2.89801  2.37887  2.77519  2.98518  4.58477  3.61503
          0.02172  4.23631  4.95866  0.61958  0.77255  0.75754  0.63265
    116   2.78845  5.19905  2.64094  1.61596  4.54420  2.32406  3.72530  4.00823  2.23944  3.52699  4.32001  2.89002  3.88210  2.85826  2.99953  2.43387  3.04232  3.60615  5.69232  4.29242    208 e - - -
          2.68618  4.42225  2.77519  2.73123  3.46354  2.40513  3.72494  3.29354  2.67741  2.69355  4.24690  2.90347  2.73739  3.18146  2.89801  2.37887  2.77519  2.98518  4.58477  3.61503
          0.02172  4.23631  4.95866  0.61958  0.77255  0.75754  0.63265
    117   2.76214  5.22597  1.88283  2.35755  4.56527  3.43269  3.65667  4.03238  1.99818  3.51274  4.28367  2.90237  3.86802  2.31475  2.47866  2.71718  2.99392  3.61746  5.64124  4.25307    209 d - - -
          2.68618  4.42225  2.77519  2.73123  3.46354  2.40513  3.72494  3.29354  2.67741  2.69355  4.24690  2.90347  2.73739  3.18146  2.89801  2.37887  2.77519  2.98518  4.58477  3.61503
          0.02172  4.23631  4.95866  0.61958  0.77255  0.75754  0.63265
    118   1.08601  4.30715  3.57447  3.23211  4.39186  3.09275  4.29918  3.79786  3.26854  3.48244  4.30516  3.41288  2.81484  3.55824  3.60055  1.92684  2.83019  3.27125  5.73220  4.51431    210 a - - -
          2.68618  4.42225  2.77519  2.73123  3.46354  2.40513  3.72494  3.29354  2.67741  2.69355  4.24690  2.90347  2.73739  3.18146  2.89801  2.37887  2.77519  2.98518  4.58477  3.61503
          0.02172  4.23631  4.95866  0.61958  0.77255  0.75754  0.63265
    119   2.79049  5.06198  2.73280  2.45662  4.51277  3.38609  3.80135  3.97445  2.26499  3.52128  4.33939  1.48556  3.91582  2.95433  2.97793  2.21659  3.07617  3.57475  5.68364  4.32097    211 n - - -
          2.68618  4.42225  2.77519  2.73123  3.46354  2.40513  3.72494  3.29354  2.67741  2.69355  4.24690  2.90347  2.73739  3.18146  2.89801  2.37887  2.77519  2.98518  4.58477  3.61503
          0.02172  4.23631  4.95866  0.61958  0.77255  0.75754  0.63265
    120   2.73896  4.57340  3.38283  2.87906  3.72459  3.59723  3.87107  3.05335  2.35151  1.65450  3.66325  3.30432  2.49899  3.12942  2.98687  2.90043  2.98547  2.83878  5.14522  3.89427    212 l - - -
          2.68618  4.42225  2.77519  2.73123  3.46354  2.40513  3.72494  3.29354  2.67741  2.69355  4.24690  2.90347  2.73739  3.18146  2.89801  2.37887  2.77519  2.98518  4.58477  3.61503
          0.02172  4.23631  4.95866  0.61958  0.77255  0.75754  0.63265
    121   2.88020  5.22894  2.64292  2.53845  4.61340  3.55529  3.66737  4.03305  1.59279  3.49829  4.30008  3.04101  3.95824  2.78625  1.69219  2.84910  3.08948  3.65174  5.59243  4.29021    213 k - - -
          2.68551  4.42309  2.77439  2.73207  3.46438  2.40483  3.72579  3.29244  2.67750  2.69363  4.24774  2.90243  2.73824  3.18230  2.89885  2.37805  2.77439  2.98602  4.58561  3.61587
          0.74442  0.94345  1.99723  2.29771  0.10590  0.75754  0.63265
    122   2.92830  4.92189  2.86010  2.77156  4.32288  3.34977  4.12865  4.08872  3.05514  3.71123  4.66971  0.81228  4.01535  3.40679  3.41324  2.98996  3.32067  3.68757  5.60293  4.25886    230 n - - -
          2.68618  4.42225  2.77519  2.73123  3.46354  2.40513  3.72494  3.29354  2.67741  2.69355  4.24690  2.90347  2.73739  3.18146  2.89801  2.37887  2.77519  2.98518  4.58477  3.61503
          0.02497  4.09856  4.82090  0.61958  0.77255  0.87873  0.53667
    123   2.36700  4.48162  3.36719  2.85977  3.61758  3.54435  3.85668  2.92360  2.71515  2.53981  2.02170  3.28016  3.97102  2.45720  3.04956  2.83958  2.91826  2.72835  5.08422  3.83941    231 m - - -
          2.68494  4.42357  2.77503  2.73019  3.46486  2.40531  3.72627  3.29486  2.67470  2.69411  4.24822  2.90385  2.73872  3.18032  2.89840  2.37853  2.77503  2.98610  4.58609  3.61635
          0.74664  0.80570  2.53495  2.73924  0.06680  0.75246  0.63716
    124   2.18984  4.29282  4.17464  3.64551  3.49594  3.86346  4.39049  2.12837  3.53992  2.25781  2.76662  3.89728  4.29266  3.82042  3.78642  3.20305  3.06088  1.33497  5.17246  3.97290    255 v - - -
          2.68618  4.42225  2.77519  2.73123  3.46354  2.40513  3.72494  3.29354  2.67741  2.69355  4.24690  2.90347  2.73739  3.18146  2.89801  2.37887  2.77519  2.98518  4.58477  3.61503
          0.02494  4.09968  4.82203  0.61958  0.77255  0.87786  0.53729
    125   2.77427  5.00940  2.61180  1.35002  4.41844  3.33247  3.79833  3.76495  2.62877  3.41076  4.27747  2.92437  3.88327  2.96536  3.07337  2.77678  2.28885  3.41394  5.65101  4.28585    256 e - - -
          2.68618  4.42225  2.77519  2.73123  3.46354  2.40513  3.72494  3.29354  2.67741  2.69355  4.24690  2.90347  2.73739  3.18146  2.89801  2.37887  2.77519  2.98518  4.58477  3.61503
          0.02494  4.09968  4.82203  0.61958  0.77255  0.87786  0.53729
    126   2.95433  5.25090  2.82614  1.98519  4.63164  3.49668  3.69533  4.03504  1.28827  3.52429  4.36860  2.99867  3.96201  2.83467  2.52724  2.91499  3.17461  3.67624  5.62281  4.33092    257 k - - -
          2.68618  4.42225  2.77519  2.73123  3.46354  2.40513  3.72494  3.29354  2.67741  2.69355  4.24690  2.90347  2.73739  3.18146  2.89801  2.37887  2.77519  2.98518  4.58477  3.61503
          0.02494  4.09968  4.82203  0.61958  0.77255  0.87786  0.53729
    127   2.66811  4.86900  2.77524  2.44618  4.19563  3.33182  2.97118  3.73814  2.54653  3.31431  4.13982  2.31243  3.84525  2.90953  2.97889  1.69309  2.95481  3.36438  5.46050  4.08142    258 s - - -
          2.68618  4.42225  2.77519  2.73123  3.46354  2.40513  3.72494  3.29354  2.67741  2.69355  4.24690  2.90347  2.73739  3.18146  2.89801  2.37887  2.77519  2.98518  4.58477  3.61503
          0.02494  4.09968  4.82203  0.61958  0.77255  0.87786  0.53729
    128   2.71965  4.40064  3.81153  3.34869  3.52663  3.62770  4.21540  2.54355  3.19663  1.66465  3.47125  3.64533  4.13492  3.56551  3.47080  3.00281  1.67556  2.40221  5.17482  3.93727    259 l - - -
          2.68618  4.42225  2.77519  2.73123  3.46354  2.40513  3.72494  3.29354  2.67741  2.69355  4.24690  2.90347  2.73739  3.18146  2.89801  2.37887  2.77519  2.98518  4.58477  3.61503
          0.02494  4.09968  4.82203  0.61958  0.77255  0.87786  0.53729
    129   2.61506  4.74171  2.31615  2.48601  4.07793  3.35132  3.74708  2.87316  2.60611  3.11876  3.96636  2.98732  3.83967  2.92483  3.06298  1.75280  2.89456  3.11968  5.38702  4.04826    260 s - - -
          2.68618  4.42225  2.77519  2.73123  3.46354  2.40513  3.72494  3.29354  2.67741  2.69355  4.24690  2.90347  2.73739  3.18146  2.89801  2.37887  2.77519  2.98518  4.58477  3.61503
          0.02494  4.09968  4.82203  0.61958  0.77255  0.87786  0.53729
    130   2.67844  4.82417  2.88787  1.67995  4.01515  2.60557  3.69706  3.50394  2.51178  3.11167  3.95218  2.98438  3.86186  2.87649  2.94462  2.71649  2.92496  3.18874  3.54104  3.96095    261 e - - -
          2.68618  4.42225  2.77519  2.73123  3.46354  2.40513  3.72494  3.29354  2.67741  2.69355  4.24690  2.90347  2.73739  3.18146  2.89801  2.37887  2.77519  2.98518  4.58477  3.61503
          0.02494  4.09968  4.82203  0.61958  0.77255  0.87786  0.53729
    131   2.32728  4.28982  3.28904  3.11889  4.49328  1.19099  4.30756  3.97877  3.30905  3.64613  4.47033  3.32000  3.76423  3.58027  3.62782  1.79915  2.82906  3.37211  5.80771  4.57936    262 g - - -
          2.68618  4.42225  2.77519  2.73123  3.46354  2.40513  3.72494  3.29354  2.67741  2.69355  4.24690  2.90347  2.73739  3.18146  2.89801  2.37887  2.77519  2.98518  4.58477  3.61503
          0.02494  4.09968  4.82203  0.61958  0.77255  0.87786  0.53729
    132   1.81379  4.22540  3.59233  3.18158  4.07292  3.10500  4.17690  3.31461  3.15610  3.12573  4.00521  3.37763  3.79303  3.46029  3.47872  1.41520  2.76793  2.38593  5.47470  4.25164    263 s - - -
          2.68618  4.42225  2.77519  2.73123  3.46354  2.40513  3.72494  3.29354  2.67741  2.69355  4.24690  2.90347  2.73739  3.18146  2.89801  2.37887  2.77519  2.98518  4.58477  3.61503
          0.02494  4.09968  4.82203  0.61958  0.77255  0.63506  0.75482
    133   2.97342  5.35187  2.74955  1.49921  4.71882  3.50140  3.75414  4.15202  1.52866  3.63239  4.45895  2.98770  3.98470  2.88975  2.71724  2.91927  3.20451  3.76892  5.73664  4.39982    264 e - - -
          2.68618  4.42225  2.77519  2.73123  3.46354  2.40513  3.72494  3.29354  2.67741  2.69355  4.24690  2.90347  2.73739  3.18146  2.89801  2.37887  2.77519  2.98518  4.58477  3.61503
          0.08820  4.23729  2.65957  0.61958  0.77255  0.75656  0.63352
    134   2.97480  5.39450  2.38150  1.75615  4.72407  3.34428  3.84356  4.23661  2.74151  3.76460  4.61740  1.33042  3.93989  3.01160  3.23342  2.90074  3.26222  3.83222  5.89967  4.45899    265 n - - -
          2.68618  4.42225  2.77519  2.73123  3.46354  2.40513  3.72494  3.29354  2.67741  2.69355  4.24690  2.90347  2.73739  3.18146  2.89801  2.37887  2.77519  2.98518  4.58477  3.61503
          0.02317  4.17226  4.89461  0.61958  0.77255  0.81781  0.58232
    135   1.53179  4.79768  2.90933  2.55511  4.27360  3.35259  3.80304  3.67775  2.27777  3.29366  4.12671  2.35474  3.87669  2.97436  2.97319  2.71589  2.96383  3.31177  5.51531  4.19759    266 a - - -
          2.68618  4.42225  2.77519  2.73123  3.46354  2.40513  3.72494  3.29354  2.67741  2.69355  4.24690  2.90347  2.73739  3.18146  2.89801  2.37887  2.77519  2.98518  4.58477  3.61503
          0.02317  4.17226  4.89461  0.61958  0.77255  0.81781  0.58232
    136   2.85407  5.27212  2.58010  1.40595  4.61470  2.81138  3.72760  4.07377  2.03534  3.57985  4.38861  2.87887  3.89814  2.86574  2.92509  2.80129  3.10449  3.67612  5.72646  4.33556    267 e - - -
          2.68618  4.42225  2.77519  2.73123  3.46354  2.40513  3.72494  3.29354  2.67741  2.69355  4.24690  2.90347  2.73739  3.18146  2.89801  2.37887  2.77519  2.98518  4.58477  3.61503
          0.02317  4.17226  4.89461  0.61958  0.77255  0.81781  0.58232
    137   2.65088  4.78890  2.96565  2.28397  4.04008  3.43945  3.69670  3.42797  2.50129  3.06054  2.90873  2.00475  3.86285  2.86489  2.93896  2.69887  2.56112  3.12013  5.32608  4.00447    268 n - - -
          2.68618  4.42225  2.77519  2.73123  3.46354  2.40513  3.72494  3.29354  2.67741  2.69355  4.24690  2.90347  2.73739  3.18146  2.89801  2.37887  2.77519  2.98518  4.58477  3.61503
          0.02317  4.17226  4.89461  0.61958  0.77255  0.32304  1.28714
    138   2.54175  4.39693  3.75478  3.27893  4.02420  2.79816  4.23545  3.34908  3.24577  3.09681  3.96768  3.52872  3.98977  3.53983  3.57876  1.61882  2.05619  1.79278  5.43753  4.21662    269 s - - -
          2.68618  4.42225  2.77519  2.73123  3.46354  2.40513  3.72494  3.29354  2.67741  2.69355  4.24690  2.90347  2.73739  3.18146  2.89801  2.37887  2.77519  2.98518  4.58477  3.61503
          0.01751  4.44956  5.17191  0.61958  0.77255  0.48576  0.95510
    139   2.69084  4.73126  2.86681  2.43607  3.93396  3.55414  3.77562  3.31107  2.62183  2.71001  3.81817  3.13424  3.94554  2.96703  2.76083  2.77466  2.04827  2.14311  5.26801  3.96907    270 t - - -
          2.68618  4.42225  2.77519  2.73123  3.46354  2.40513  3.72494  3.29354  2.67741  2.69355  4.24690  2.90347  2.73739  3.18146  2.89801  2.37887  2.77519  2.98518  4.58477  3.61503
          0.01751  4.44956  5.17191  0.61958  0.77255  0.48576  0.95510
    140   2.99939  5.54653  2.29175  1.22325  4.86660  3.47890  3.85425  4.36345  1.84276  3.83473  4.62816  2.93571  4.00670  2.98694  3.19191  2.91594  3.25370  3.93023  5.96759  4.51964    271 e - - -
          2.68618  4.42225  2.77519  2.73123  3.46354  2.40513  3.72494  3.29354  2.67741  2.69355  4.24690  2.90347  2.73739  3.18146  2.89801  2.37887  2.77519  2.98518  4.58477  3.61503
          0.01751  4.44956  5.17191  0.61958  0.77255  0.48576  0.95510
    141   2.70215  4.28460  2.97619  2.24890  4.45228  3.09157  3.66702  3.91405  1.67568  3.42334  4.18298  2.54843  3.87479  2.77504  2.62404  2.53313  2.76454  3.50968  5.57791  4.19287    272 k - - -
          2.68618  4.42225  2.77519  2.73123  3.46354  2.40513  3.72494  3.29354  2.67741  2.69355  4.24690  2.90347  2.73739  3.18146  2.89801  2.37887  2.77519  2.98518  4.58477  3.61503
          0.01751  4.44956  5.17191  0.61958  0.77255  0.48576  0.95510
    142   1.31378  4.36110  3.96895  3.43762  3.60587  3.72105  4.23164  2.09788  3.34888  2.31836  3.56457  3.71882  4.18904  3.63978  3.62719  2.78286  3.02509  2.42379  5.13810  3.92349    273 a - - -
          2.68618  4.42225  2.77519  2.73123  3.46354  2.40513  3.72494  3.29354  2.67741  2.69355  4.24690  2.90347  2.73739  3.18146  2.89801  2.37887  2.77519  2.98518  4.58477  3.61503
          0.01751  4.44956  5.17191  0.61958  0.77255  0.48576  0.95510
    143   2.69424  4.58523  3.41764  2.89959  3.88937  3.55359  3.94052  2.75952  2.51851  2.93094  3.81068  3.32155  4.01540  3.18520  3.16719  2.53931  1.37288  2.93152  5.26984  4.01246    274 t - - -
          2.68618  4.42225  2.77519  2.73123  3.46354  2.40513  3.72494  3.29354  2.67741  2.69355  4.24690  2.90347  2.73739  3.18146  2.89801  2.37887  2.77519  2.98518  4.58477  3.61503
          0.10950  4.44956  2.38563  0.61958  0.77255  0.48576  0.95510
    144   2.41892  4.49447  3.37399  2.81025  3.65419  3.58716  3.82780  2.81591  2.76390  2.70895  2.86243  3.25725  2.22026  2.77529  2.96593  2.82173  2.88941  2.53975  5.06387  3.80844    275 p - - -
          2.68618  4.42225  2.77519  2.73123  3.46354  2.40513  3.72494  3.29354  2.67741  2.69355  4.24690  2.90347  2.73739  3.18146  2.89801  2.37887  2.77519  2.98518  4.58477  3.61503
          0.01918  4.35925  5.08159  0.61958  0.77255  0.52764  0.89159
    145   2.69986  5.06580  2.65385  2.23134  4.35745  2.28080  3.68556  3.80683  2.46142  2.75553  4.13084  2.95673  3.87384  2.57614  2.94586  2.25846  2.75506  3.42930  5.53922  4.16093    276 e - - -
          2.68618  4.42225  2.77519  2.73123  3.46354  2.40513  3.72494  3.29354  2.67741  2.69355  4.24690  2.90347  2.73739  3.18146  2.89801  2.37887  2.77519  2.98518  4.58477  3.61503
          0.01846  4.39730  5.11965  0.61958  0.77255  0.56532  0.83974
    146   2.59965  5.19523  2.78075  1.43221  4.50867  3.45775  3.15789  3.97160  2.51871  3.49494  4.27619  2.63062  3.90895  2.85786  3.00414  2.75067  2.49762  3.57587  5.66414  4.26797    277 e - - -
          2.68618  4.42225  2.77519  2.73123  3.46354  2.40513  3.72494  3.29354  2.67741  2.69355  4.24690  2.90347  2.73739  3.18146  2.89801  2.37887  2.77519  2.98518  4.58477  3.61503
          0.01846  4.39730  5.11965  0.61958  0.77255  0.56532  0.83974
    147   2.67071  4.81258  2.73168  2.55765  4.08054  3.04325  3.75105  3.48811  2.57594  3.10988  3.93408  3.06530  3.90564  2.65193  3.03249  2.17089  2.47923  2.15678  5.36992  4.04687    278 v - - -
          2.68618  4.42225  2.77519  2.73123  3.46354  2.40513  3.72494  3.29354  2.67741  2.69355  4.24690  2.90347  2.73739  3.18146  2.89801  2.37887  2.77519  2.98518  4.58477  3.61503
          0.01846  4.39730  5.11965  0.61958  0.77255  0.56532  0.83974
    148   2.78354  4.82125  3.31301  2.73412  4.07789  3.60402  3.78431  3.45431  2.44831  3.07936  2.55087  2.80559  4.00043  2.96423  1.60891  2.85984  2.68760  3.16746  5.33939  4.06760    279 r - - -
          2.68618  4.42225  2.77519  2.73123  3.46354  2.40513  3.72494  3.29354  2.67741  2.69355  4.24690  2.90347  2.73739  3.18146  2.89801  2.37887  2.77519  2.98518  4.58477  3.61503
          0.01846  4.39730  5.11965  0.61958  0.77255  0.43905  1.03466
    149   2.07007  4.65108  3.25443  2.93855  4.58950  1.64155  4.18612  4.03576  3.08405  3.65028  4.45272  2.73197  1.80461  3.37930  3.50296  2.70613  3.00983  3.52337  5.86054  4.57041    280 g - - -
          2.68618  4.42225  2.77519  2.73123  3.46354  2.40513  3.72494  3.29354  2.67741  2.69355  4.24690  2.90347  2.73739  3.18146  2.89801  2.37887  2.77519  2.98518  4.58477  3.61503
          0.23581  4.44956  1.61755  0.61958  0.77255  0.48576  0.95510
    150   2.90007  5.01966  3.29746  2.71145  4.20041  3.63639  2.96098  3.69055  1.33182  2.50110  4.09753  3.17129  4.01708  2.86266  2.48536  2.92749  3.10297  3.39171  5.36314  4.06642    281 k - - -
          2.68618  4.42225  2.77519  2.73123  3.46354  2.40513  3.72494  3.29354  2.67741  2.69355  4.24690  2.90347  2.73739  3.18146  2.89801  2.37887  2.77519  2.98518  4.58477  3.61503
          0.02174  4.23549  4.95784  0.61958  0.77255  0.44008  1.03279
    151   1.89723  4.42541  3.64832  3.21680  4.36867  3.22974  4.27476  3.77304  3.21439  3.44597  4.26898  3.45593  2.96955  3.51654  3.57400  2.03868  1.29389  3.29662  5.70759  4.47553    282 t - - -
          2.68618  4.42225  2.77519  2.73123  3.46354  2.40513  3.72494  3.29354  2.67741  2.69355  4.24690  2.90347  2.73739  3.18146  2.89801  2.37887  2.77519  2.98518  4.58477  3.61503
          0.01846  4.39730  5.11965  0.61958  0.77255  0.56532  0.83974
    152   2.87756  5.41058  2.34557  1.94172  4.72800  3.43782  3.77884  4.22318  2.35034  3.70515  4.48062  1.64886  3.93544  2.90305  3.14030  2.31432  3.12772  3.79062  5.84868  4.40435    283 n - - -
          2.68618  4.42225  2.77519  2.73123  3.46354  2.40513  3.72494  3.29354  2.67741  2.69355  4.24690  2.90347  2.73739  3.18146  2.89801  2.37887  2.77519  2.98518  4.58477  3.61503
          0.01846  4.39730  5.11965  0.61958  0.77255  0.56532  0.83974
    153   2.69059  4.82897  3.08947  2.19314  3.04358  3.08947  2.35441  3.46011  2.55658  3.07649  3.90685  2.76404  3.91582  2.90246  3.00999  2.73941  2.92259  3.15449  5.27852  2.98760    284 e - - -
          2.68496  4.42405  2.77452  2.72752  3.46533  2.40635  3.72674  3.29395  2.67473  2.69383  4.24511  2.90526  2.73840  3.18079  2.89980  2.37789  2.77534  2.98698  4.58656  3.61683
          0.28205  1.42801  5.11965  3.30740  0.03730  0.56532  0.83974
    154   2.66752  4.44652  3.45831  2.89086  3.11058  3.14838  3.86082  2.51004  2.02864  2.28867  3.54541  3.31908  4.00195  3.15915  2.86504  2.86020  2.89856  2.72462  5.01432  3.17536    320 k - - -
          2.68618  4.42225  2.77519  2.73123  3.46354  2.40513  3.72494  3.29354  2.67741  2.69355  4.24690  2.90347  2.73739  3.18146  2.89801  2.37887  2.77519  2.98518  4.58477  3.61503
          0.01846  4.39730  5.11965  0.61958  0.77255  0.56532  0.83974
    155   2.71367  4.22889  4.02675  3.44624  3.00105  3.79369  4.08029  2.38417  3.34106  1.56901  2.41639  3.15130  4.15717  3.02287  3.56629  3.07239  2.94472  2.45020  4.82215  3.62652    321 l - - -
          2.68618  4.42225  2.77519  2.73123  3.46354  2.40513  3.72494  3.29354  2.67741  2.69355  4.24690  2.90347  2.73739  3.18146  2.89801  2.37887  2.77519  2.98518  4.58477  3.61503
          0.26485  4.39730  1.51245  0.61958  0.77255  0.56532  0.83974
    156   2.50100  4.53936  3.19793  2.72981  4.14390  2.49701  3.86717  3.55200  2.67905  3.18550  4.01326  3.14065  3.82742  3.05830  2.61931  2.29062  1.73092  3.16646  5.43408  4.15294    322 t - - -
          2.68618  4.42225  2.77519  2.73123  3.46354  2.40513  3.72494  3.29354  2.67741  2.69355  4.24690  2.90347  2.73739  3.18146  2.89801  2.37887  2.77519  2.98518  4.58477  3.61503
          0.02355  4.15600  4.87835  0.61958  0.77255  0.40160  1.10639
    157   1.98432  4.80671  3.11429  2.55791  4.02842  3.51720  3.72355  3.43446  2.34896  2.86202  3.88440  2.78401  3.90693  2.29499  2.97729  2.72818  2.90562  2.82732  5.31990  3.27770    323 a - - -
          2.68618  4.42225  2.77519  2.73123  3.46354  2.40513  3.72494  3.29354  2.67741  2.69355  4.24690  2.90347  2.73739  3.18146  2.89801  2.37887  2.77519  2.98518  4.58477  3.61503
          0.01846  4.39730  5.11965  0.61958  0.77255  0.56532  0.83974
    158   2.80065  4.40484  3.84527  1.94081  2.91491  3.84311  4.11433  2.18322  3.21734  1.87015  3.37700  3.64520  4.20253  3.49730  3.52749  3.10679  3.03251  2.23882  5.01894  3.80705    324 l - - -
          2.68618  4.42225  2.77519  2.73123  3.46354  2.40513  3.72494  3.29354  2.67741  2.69355  4.24690  2.90347  2.73739  3.18146  2.89801  2.37887  2.77519  2.98518  4.58477  3.61503
          0.01846  4.39730  5.11965  0.61958  0.77255  0.56532  0.83974
    159   2.50998  5.14086  2.96250  2.06241  4.47208  3.48845  3.67875  3.92492  2.11212  3.43420  4.20509  2.97585  3.89301  2.79210  2.41236  1.84958  2.96731  3.52811  5.58571  4.21456    325 s - - -
          2.68618  4.42225  2.77519  2.73123  3.46354  2.40513  3.72494  3.29354  2.67741  2.69355  4.24690  2.90347  2.73739  3.18146  2.89801  2.37887  2.77519  2.98518  4.58477  3.61503
          0.01846  4.39730  5.11965  0.61958  0.77255  0.56532  0.83974
    160   2.95840  5.46388  2.07211  2.07729  4.79481  3.42801  3.85960  4.29186  2.76599  3.79169  4.59330  2.53583  3.97723  3.00165  3.31364  1.33485  3.22751  3.86490  5.95263  4.49512    326 s - - -
          2.68618  4.42225  2.77519  2.73123  3.46354  2.40513  3.72494  3.29354  2.67741  2.69355  4.24690  2.90347  2.73739  3.18146  2.89801  2.37887  2.77519  2.98518  4.58477  3.61503
          0.01846  4.39730  5.11965  0.61958  0.77255  0.56532  0.83974
    161   1.60144  3.36231  3.46138  2.94146  4.11961  3.34507  4.02428  3.52158  2.92164  3.18099  4.01589  2.75187  3.10853  3.24305  3.32398  1.95154  2.53311  3.14776  5.46260  4.19813    327 a - - -
          2.68618  4.42225  2.77519  2.73123  3.46354  2.40513  3.72494  3.29354  2.67741  2.69355  4.24690  2.90347  2.73739  3.18146  2.89801  2.37887  2.77519  2.98518  4.58477  3.61503
          0.01846  4.39730  5.11965  0.61958  0.77255  0.56532  0.83974
    162   2.66337  4.41587  3.49060  2.92474  2.84295  3.62885  3.87396  2.73807  2.88179  2.41696  3.51683  3.05180  4.00919  2.17129  3.24749  2.50579  2.89507  2.47443  4.98293  3.15699    328 q - - -
          2.68618  4.42225  2.77519  2.73123  3.46354  2.40513  3.72494  3.29354  2.67741  2.69355  4.24690  2.90347  2.73739  3.18146  2.89801  2.37887  2.77519  2.98518  4.58477  3.61503
          0.01846  4.39730  5.11965  0.61958  0.77255  0.56532  0.83974
    163   2.69331  4.67854  3.24156  2.70842  3.79847  3.55036  3.79897  3.29118  2.66928  2.47418  3.80605  1.96578  3.96216  3.02534  3.08148  1.97420  2.93817  3.01440  4.19951  3.84443    329 n - - -
          2.68618  4.42225  2.77519  2.73123  3.46354  2.40513  3.72494  3.29354  2.67741  2.69355  4.24690  2.90347  2.73739  3.18146  2.89801  2.37887  2.77519  2.98518  4.58477  3.61503
          0.01846  4.39730  5.11965  0.61958  0.77255  0.56532  0.83974
    164   1.96907  5.01543  3.04655  2.31941  4.31072  3.51012  3.12855  3.73893  2.40755  3.29596  4.09270  3.02373  3.90848  2.82900  2.01231  2.73358  2.61739  3.38381  5.48900  4.14698    330 a - - -
          2.68618  4.42225  2.77519  2.73123  3.46354  2.40513  3.72494  3.29354  2.67741  2.69355  4.24690  2.90347  2.73739  3.18146  2.89801  2.37887  2.77519  2.98518  4.58477  3.61503
          0.01846  4.39730  5.11965  0.61958  0.77255  0.56532  0.83974
    165   3.58126  4.86752  5.28054  4.72597  2.64744  4.85301  5.08080  2.36577  4.58980  0.68077  3.02755  4.92217  5.00129  4.60022  4.63909  4.21834  3.80032  2.16631  5.26079  4.11259    331 L - - -
          2.68626  4.42309  2.77521  2.73049  3.46401  2.40398  3.72578  3.29437  2.67642  2.69402  4.24773  2.90430  2.73782  3.17923  2.89884  2.37946  2.77521  2.98500  4.58560  3.61544
          0.43791  1.05372  5.11965  2.24705  0.11173  0.56532  0.83974
    166   2.95300  5.33437  3.15492  1.97493  4.74134  3.63399  3.71371  4.15859  1.39178  3.59592  4.38908  3.10752  4.02354  2.32923  2.28441  2.91398  3.15526  3.76483  5.66930  4.37165    345 k - - -
          2.68618  4.42225  2.77519  2.73123  3.46354  2.40513  3.72494  3.29354  2.67741  2.69355  4.24690  2.90347  2.73739  3.18146  2.89801  2.37887  2.77519  2.98518  4.58477  3.61503
          0.01846  4.39730  5.11965  0.61958  0.77255  0.56532  0.83974
    167   3.13610  4.51730  4.76197  4.17661  2.70818  4.31552  4.61262  2.44412  4.03510  1.17098  1.80790  4.35835  4.59099  4.16099  4.14112  3.63184  2.76378  2.48605  5.05130  3.93014    346 l - - -
          2.68618  4.42225  2.77519  2.73123  3.46354  2.40513  3.72494  3.29354  2.67741  2.69355  4.24690  2.90347  2.73739  3.18146  2.89801  2.37887  2.77519  2.98518  4.58477  3.61503
          0.01846  4.39730  5.11965  0.61958  0.77255  0.56532  0.83974
    168   2.63707  4.64988  3.23630  2.73200  3.99961  1.75144  3.86352  3.40814  2.72649  3.05876  3.90254  2.68088  3.93393  3.06782  3.14685  2.46852  2.44653  3.09342  3.72104  4.04543    347 g - - -
          2.68618  4.42225  2.77519  2.73123  3.46354  2.40513  3.72494  3.29354  2.67741  2.69355  4.24690  2.90347  2.73739  3.18146  2.89801  2.37887  2.77519  2.98518  4.58477  3.61503
          0.07209  4.39730  2.86048  0.61958  0.77255  0.43905  1.03466
    169   3.03059  5.24564  3.43446  2.79571  4.67446  3.72536  3.75391  4.04358  1.25059  3.51836  4.34858  3.24669  4.10188  2.88028  1.96791  3.02587  2.21707  3.69586  5.60775  4.37604    348 k - - -
          2.68618  4.42225  2.77519  2.73123  3.46354  2.40513  3.72494  3.29354  2.67741  2.69355  4.24690  2.90347  2.73739  3.18146  2.89801  2.37887  2.77519  2.98518  4.58477  3.61503
          0.01841  4.39969  5.12203  0.61958  0.77255  0.56191  0.84425
    170   2.49956  5.14119  2.93692  1.71236  4.46097  3.48156  3.67859  3.91419  1.81413  3.42881  3.65535  2.75533  3.88796  2.79244  2.84960  2.70871  2.96252  3.51887  5.58577  4.20855    349 e - - -
          2.68618  4.42225  2.77519  2.73123  3.46354  2.40513  3.72494  3.29354  2.67741  2.69355  4.24690  2.90347  2.73739  3.18146  2.89801  2.37887  2.77519  2.98518  4.58477  3.61503
          0.01841  4.39969  5.12203  0.61958  0.77255  0.56191  0.84425
    171   2.67924  4.29883  3.78511  3.21843  3.44526  3.69768  4.02074  2.69873  3.14546  2.25484  2.72731  3.55481  4.09331  3.42761  3.44319  2.02196  2.26415  2.09987  4.93663  3.72255    350 s - - -
          2.68618  4.42225  2.77519  2.73123  3.46354  2.40513  3.72494  3.29354  2.67741  2.69355  4.24690  2.90347  2.73739  3.18146  2.89801  2.37887  2.77519  2.98518  4.58477  3.61503
          0.01841  4.39969  5.12203  0.61958  0.77255  0.56191  0.84425
    172   1.86497  4.75199  3.19907  2.67608  4.13478  2.72256  3.82661  3.50955  1.83921  3.15759  3.98988  3.14860  3.93059  3.00016  3.03210  2.74005  2.93997  2.59314  5.42039  4.11837    351 k - - -
          2.68618  4.42225  2.77519  2.73123  3.46354  2.40513  3.72494  3.29354  2.67741  2.69355  4.24690  2.90347  2.73739  3.18146  2.89801  2.37887  2.77519  2.98518  4.58477  3.61503
          0.01841  4.39969  5.12203  0.61958  0.77255  0.56191  0.84425
    173   3.05085  4.38808  4.84284  4.27252  3.44707  4.32385  4.71065  1.79764  4.13562  1.75124  2.54277  4.40734  4.63027  4.30752  4.24419  3.65333  2.78053  1.31040  5.20301  4.04135    352 v - - -
          2.68618  4.42225  2.77519  2.73123  3.46354  2.40513  3.72494  3.29354  2.67741  2.69355  4.24690  2.90347  2.73739  3.18146  2.89801  2.37887  2.77519  2.98518  4.58477  3.61503
          0.01841  4.39969  5.12203  0.61958  0.77255  0.56191  0.84425
    174   2.47362  5.04109  2.97088  2.26980  4.33327  3.06244  3.66323  3.78207  2.24840  3.32390  3.59710  2.54639  3.48053  2.66204  2.90187  2.66542  2.11545  3.40352  5.50872  4.13397    353 t - - -
          2.68618  4.42225  2.77519  2.73123  3.46354  2.40513  3.72494  3.29354  2.67741  2.69355  4.24690  2.90347  2.73739  3.18146  2.89801  2.37887  2.77519  2.98518  4.58477  3.61503
          0.01841  4.39969  5.12203  0.61958  0.77255  0.56191  0.84425
    175   1.88449  4.20123  4.05904  3.48620  2.86259  3.17222  4.10781  2.56229  3.38449  2.38325  2.89520  3.72828  4.15001  3.62464  3.60287  3.05128  2.92971  1.69798  4.85171  3.65288    354 v - - -
          2.68618  4.42225  2.77519  2.73123  3.46354  2.40513  3.72494  3.29354  2.67741  2.69355  4.24690  2.90347  2.73739  3.18146  2.89801  2.37887  2.77519  2.98518  4.58477  3.61503
          0.01841  4.39969  5.12203  0.61958  0.77255  0.56191  0.84425
    176   2.24975  4.60989  3.28371  1.97783  3.80692  3.57172  3.82095  3.11069  2.71086  2.84015  2.89717  3.20520  3.96720  3.04553  3.12842  2.80365  2.47975  2.39564  5.18871  3.91169    355 e - - -
          2.68596  4.42522  2.77393  2.73175  3.46557  2.40596  3.72862  3.29031  2.67054  2.69387  4.24965  2.90511  2.73948  3.18143  2.89889  2.38088  2.77475  2.98352  4.58844  3.61299
          0.78998  1.09478  1.55337  3.73508  0.02416  0.56191  0.84425
    177   2.34339  4.49435  3.28635  2.75875  3.79136  3.46073  3.83569  2.73297  2.73165  2.81230  3.70063  2.01213  3.91032  3.06912  3.13366  2.73358  2.53933  2.42572  5.18613  3.91585    426 n - - -
          2.68618  4.42225  2.77519  2.73123  3.46354  2.40513  3.72494  3.29354  2.67741  2.69355  4.24690  2.90347  2.73739  3.18146  2.89801  2.37887  2.77519  2.98518  4.58477  3.61503
          0.02323  4.16956  4.89190  0.61958  0.77255  0.58655  0.81248
    178   2.27541  4.29566  4.47526  3.88907  2.41989  4.03851  4.34713  2.22100  3.75483  1.75279  1.91301  4.06645  4.36231  3.92520  3.88792  3.34273  3.11231  2.32303  4.89003  3.73024    427 l - - -
          2.68618  4.42225  2.77519  2.73123  3.46354  2.40513  3.72494  3.29354  2.67741  2.69355  4.24690  2.90347  2.73739  3.18146  2.89801  2.37887  2.77519  2.98518  4.58477  3.61503
          0.08031  4.29332  2.75650  0.61958  0.77255  0.69701  0.68930
    179   2.70868  4.30674  3.98517  3.47782  3.58421  1.97595  4.27741  1.95605  3.39665  2.48944  3.52338  3.74484  4.18956  3.68709  3.66876  3.05539  3.00843  1.65084  5.16262  3.94371    428 v - - -
          2.68618  4.42225  2.77519  2.73123  3.46354  2.40513  3.72494  3.29354  2.67741  2.69355  4.24690  2.90347  2.73739  3.18146  2.89801  2.37887  2.77519  2.98518  4.58477  3.61503
          0.02175  4.23476  4.95711  0.61958  0.77255  0.34637  1.22843
    180   2.90933  4.39043  4.41264  3.90340  3.58371  3.06434  4.53506  2.29477  3.77373  1.85179  3.52309  4.09402  4.43691  4.04102  3.96963  3.35472  3.19219  1.07526  5.23214  4.02394    429 v - - -
          2.68618  4.42225  2.77519  2.73123  3.46354  2.40513  3.72494  3.29354  2.67741  2.69355  4.24690  2.90347  2.73739  3.18146  2.89801  2.37887  2.77519  2.98518  4.58477  3.61503
          0.01751  4.44956  5.17191  0.61958  0.77255  0.48576  0.95510
    181   1.51151  4.43337  4.52208  3.97796  3.65780  4.18381  4.65922  1.94004  3.87990  2.24329  3.54492  4.21041  4.56312  4.13565  4.10231  3.51566  3.26452  1.41897  5.35540  4.15420    430 v - - -
          2.68618  4.42225  2.77519  2.73123  3.46354  2.40513  3.72494  3.29354  2.67741  2.69355  4.24690  2.90347  2.73739  3.18146  2.89801  2.37887  2.77519  2.98518  4.58477  3.61503
          0.01751  4.44956  5.17191  0.61958  0.77255  0.48576  0.95510
    182   1.88978  4.41342  4.67505  4.11545  3.53691  4.26168  4.67327  1.92836  3.99873  1.62897  3.42575  4.30534  4.59883  4.21385  4.16611  3.58797  3.27862  1.49203  5.25977  4.08018    431 v - - -
          2.68618  4.42225  2.77519  2.73123  3.46354  2.40513  3.72494  3.29354  2.67741  2.69355  4.24690  2.90347  2.73739  3.18146  2.89801  2.37887  2.77519  2.98518  4.58477  3.61503
          0.01751  4.44956  5.17191  0.61958  0.77255  0.48576  0.95510
    183   1.28280  4.39793  3.82178  3.37754  3.85042  2.84518  4.26879  3.09193  3.32028  1.75714  3.81814  3.62064  4.07324  3.62538  3.61253  2.86355  2.99552  2.82651  5.32818  4.11030    432 a - - -
          2.68618  4.42225  2.77519  2.73123  3.46354  2.40513  3.72494  3.29354  2.67741  2.69355  4.24690  2.90347  2.73739  3.18146  2.89801  2.37887  2.77519  2.98518  4.58477  3.61503
          0.01751  4.44956  5.17191  0.61958  0.77255  0.48576  0.95510
    184   2.45491  4.27184  3.88323  3.31483  3.42265  3.72002  4.05403  2.69251  3.21795  2.01435  3.40944  3.61846  4.11790  3.49764  3.12873  2.65644  2.62948  1.59242  4.91319  3.70574    433 v - - -
          2.68618  4.42225  2.77519  2.73123  3.46354  2.40513  3.72494  3.29354  2.67741  2.69355  4.24690  2.90347  2.73739  3.18146  2.89801  2.37887  2.77519  2.98518  4.58477  3.61503
          0.01751  4.44956  5.17191  0.61958  0.77255  0.48576  0.95510
    185   2.46633  4.13537  4.31633  3.72466  3.23739  3.21519  4.15138  1.74572  3.58006  2.30615  2.64606  3.87210  4.19841  3.77727  3.71232  3.12873  2.93336  1.98212  4.76563  2.70176    434 i - - -
          2.68618  4.42225  2.77519  2.73123  3.46354  2.40513  3.72494  3.29354  2.67741  2.69355  4.24690  2.90347  2.73739  3.18146  2.89801  2.37887  2.77519  2.98518  4.58477  3.61503
          0.01751  4.44956  5.17191  0.61958  0.77255  0.48576  0.95510
    186   3.40967  4.64033  5.37398  4.87002  3.80269  4.92215  5.50302  1.46338  4.77939  1.85721  3.56996  5.04140  5.14686  4.98030  4.92012  4.32157  3.66076  0.89269  5.84839  4.67589    435 v - - -
          2.68618  4.42225  2.77519  2.73123  3.46354  2.40513  3.72494  3.29354  2.67741  2.69355  4.24690  2.90347  2.73739  3.18146  2.89801  2.37887  2.77519  2.98518  4.58477  3.61503
          0.01751  4.44956  5.17191  0.61958  0.77255  0.48576  0.95510
    187   1.22201  4.45671  3.81182  3.29877  3.44243  3.72810  4.09862  2.84913  3.20202  2.16908  3.58215  3.62450  4.17613  3.52055  3.49885  3.04293  3.05995  2.66062  4.98974  3.03033    436 a - - -
          2.68618  4.42225  2.77519  2.73123  3.46354  2.40513  3.72494  3.29354  2.67741  2.69355  4.24690  2.90347  2.73739  3.18146  2.89801  2.37887  2.77519  2.98518  4.58477  3.61503
          0.01751  4.44956  5.17191  0.61958  0.77255  0.48576  0.95510
    188   2.68090  4.40596  3.04903  2.98164  2.73454  3.17221  3.90654  2.90539  2.93660  1.74595  3.50929  3.38903  4.03650  3.24034  2.91393  2.70612  2.91288  2.68018  4.97696  3.20174    437 l - - -
          2.68618  4.42225  2.77519  2.73123  3.46354  2.40513  3.72494  3.29354  2.67741  2.69355  4.24690  2.90347  2.73739  3.18146  2.89801  2.37887  2.77519  2.98518  4.58477  3.61503
          0.01751  4.44956  5.17191  0.61958  0.77255  0.48576  0.95510
    189   2.41655  4.30993  3.83622  3.27927  3.50354  1.98018  4.07617  2.45576  3.20851  2.33240  3.48013  3.59567  4.11091  3.48726  3.50108  2.73748  2.94460  1.91524  4.99129  3.77772    438 v - - -
          2.68618  4.42225  2.77519  2.73123  3.46354  2.40513  3.72494  3.29354  2.67741  2.69355  4.24690  2.90347  2.73739  3.18146  2.89801  2.37887  2.77519  2.98518  4.58477  3.61503
          0.07360  4.44956  2.82553  0.61958  0.77255  0.48576  0.95510
    190   1.64429  4.40307  3.57333  2.78151  3.61088  3.62137  3.96945  2.55534  2.98532  2.65770  3.56512  3.42018  4.04265  3.29350  3.33690  2.56985  2.92493  2.08626  5.06381  3.82867    439 a - - -
          2.68618  4.42225  2.77519  2.73123  3.46354  2.40513  3.72494  3.29354  2.67741  2.69355  4.24690  2.90347  2.73739  3.18146  2.89801  2.37887  2.77519  2.98518  4.58477  3.61503
          0.01851  4.39447  5.11682  0.61958  0.77255  0.56934  0.83448
    191   2.77209  4.65197  3.38836  2.84736  3.09130  3.65297  3.79930  3.21293  2.08824  2.86533  3.75887  3.29032  4.04369  3.12656  3.13402  2.41871  3.00508  2.96374  4.90539  1.84380    440 y - - -
          2.68618  4.42225  2.77519  2.73123  3.46354  2.40513  3.72494  3.29354  2.67741  2.69355  4.24690  2.90347  2.73739  3.18146  2.89801  2.37887  2.77519  2.98518  4.58477  3.61503
          0.01851  4.39447  5.11682  0.61958  0.77255  0.56934  0.83448
    192   2.09656  4.57962  3.28787  2.56955  3.77958  3.55314  3.81848  3.15292  2.72130  2.83449  2.31449  2.85279  3.95651  3.05311  3.13268  2.32550  2.90231  2.70352  5.16005  3.88813    441 a - - -
          2.68592  4.42236  2.77511  2.73134  3.46365  2.40524  3.72506  3.29332  2.67734  2.69347  4.24609  2.90358  2.73751  3.18126  2.89790  2.37898  2.77531  2.98530  4.58488  3.61514
          0.40449  2.08260  1.56983  1.24778  0.33847  0.56934  0.83448
    193   2.30884  4.33177  3.51031  2.97266  3.60661  2.88378  3.92357  2.61003  2.91828  2.36202  3.55452  3.34525  3.94544  3.23476  3.26887  2.77649  1.85583  2.60010  5.05398  3.81848    447 t - - -
          2.68618  4.42225  2.77519  2.73123  3.46354  2.40513  3.72494  3.29354  2.67741  2.69355  4.24690  2.90347  2.73739  3.18146  2.89801  2.37887  2.77519  2.98518  4.58477  3.61503
          0.02325  4.16872  4.89106  0.61958  0.77255  0.50392  0.92674
    194   2.47134  4.40176  4.08359  3.56973  3.05203  3.88847  4.06531  2.16654  3.43960  2.42608  3.47821  3.80587  4.28760  3.71265  3.66538  3.20521  3.12686  2.48315  4.66141  1.40999    448 y - - -
          2.68618  4.42225  2.77519  2.73123  3.46354  2.40513  3.72494  3.29354  2.67741  2.69355  4.24690  2.90347  2.73739  3.18146  2.89801  2.37887  2.77519  2.98518  4.58477  3.61503
          0.01956  4.34005  5.06239  0.61958  0.77255  0.50914  0.91883
    195   2.70574  5.04454  2.99831  2.45805  4.34359  3.48709  3.68091  3.78396  1.99342  3.04771  4.11220  2.47815  3.88549  2.57287  2.86207  2.46205  2.08900  3.41314  5.51240  4.15184    449 k - - -
          2.68618  4.42225  2.77519  2.73123  3.46354  2.40513  3.72494  3.29354  2.67741  2.69355  4.24690  2.90347  2.73739  3.18146  2.89801  2.37887  2.77519  2.98518  4.58477  3.61503
          0.01844  4.39814  5.12048  0.61958  0.77255  0.56413  0.84131
    196   2.84253  4.95251  2.81256  2.63232  3.67356  3.59550  2.05828  3.59242  2.44658  3.17839  4.04386  3.13334  4.01628  3.01049  3.05115  2.87780  3.07538  3.29609  5.09973  1.92989    450 y - - -
          2.68618  4.42225  2.77519  2.73123  3.46354  2.40513  3.72494  3.29354  2.67741  2.69355  4.24690  2.90347  2.73739  3.18146  2.89801  2.37887  2.77519  2.98518  4.58477  3.61503
          0.07460  4.39814  2.82041  0.61958  0.77255  0.56413  0.84131
    197   2.48313  3.33284  3.81944  3.24200  2.60085  3.69447  3.96228  2.69472  3.13935  2.42477  3.33763  3.55444  4.06929  2.98579  2.73434  2.96347  2.88395  2.48970  2.44017  3.57337    451 l - - -
          2.68618  4.42225  2.77519  2.73123  3.46354  2.40513  3.72494  3.29354  2.67741  2.69355  4.24690  2.90347  2.73739  3.18146  2.89801  2.37887  2.77519  2.98518  4.58477  3.61503
          0.01950  4.34304  5.06538  0.61958  0.77255  0.63790  0.75162
    198   2.66125  4.75387  3.11601  2.56944  3.94955  3.04390  2.62437  3.37113  2.55157  3.00363  3.28717  2.84737  2.39140  2.90311  2.99381  2.72673  2.89408  3.07552  5.26573  3.34177    452 p - - -
          2.68618  4.42225  2.77519  2.73123  3.46354  2.40513  3.72494  3.29354  2.67741  2.69355  4.24690  2.90347  2.73739  3.18146  2.89801  2.37887  2.77519  2.98518  4.58477  3.61503
          0.01950  4.34304  5.06538  0.61958  0.77255  0.63790  0.75162
    199   2.36314  2.61105  3.66570  3.11269  3.01326  3.55012  3.97857  2.88252  3.05658  2.61268  3.50882  2.91340  4.00253  3.34525  3.37978  1.92109  2.87330  2.46906  4.98848  3.76499    453 s - - -
          2.68618  4.42225  2.77519  2.73123  3.46354  2.40513  3.72494  3.29354  2.67741  2.69355  4.24690  2.90347  2.73739  3.18146  2.89801  2.37887  2.77519  2.98518  4.58477  3.61503
          0.08430  4.34304  2.69044  0.61958  0.77255  0.63790  0.75162
    200   2.69271  4.93988  2.86642  1.56223  4.26295  2.87881  3.73187  3.10000  2.54143  3.27601  4.08741  2.97676  3.87709  2.87994  3.00890  2.29631  2.94862  3.32814  5.49987  4.14517    454 e - - -
          2.68618  4.42225  2.77519  2.73123  3.46354  2.40513  3.72494  3.29354  2.67741  2.69355  4.24690  2.90347  2.73739  3.18146  2.89801  2.37887  2.77519  2.98518  4.58477  3.61503
          0.02079  4.27952  5.00187  0.61958  0.77255  0.71233  0.67433
    201   2.71088  5.09402  2.35885  2.36455  4.38187  3.41943  3.35113  3.35567  2.47412  3.38412  4.16858  1.78423  3.23391  2.80705  2.96423  2.68974  2.95118  3.46241  5.56365  4.17285    455 n - - -
          2.68630  4.42237  2.77532  2.73136  3.46326  2.40497  3.72454  3.29332  2.67716  2.69367  4.24702  2.90359  2.73752  3.18159  2.89813  2.37899  2.77512  2.98531  4.58376  3.61468
          0.20005  2.00204  3.07373  1.35973  0.29669  0.71233  0.67433
    202   2.28964  4.27647  4.23982  3.67552  3.40080  3.94863  4.32596  2.06863  3.57201  1.55594  3.32323  3.92412  4.31555  3.81733  3.79146  3.25437  2.65367  1.81287  5.03507  3.84574    465 l - - -
          2.68618  4.42225  2.77519  2.73123  3.46354  2.40513  3.72494  3.29354  2.67741  2.69355  4.24690  2.90347  2.73739  3.18146  2.89801  2.37887  2.77519  2.98518  4.58477  3.61503
          0.08408  4.23920  2.71467  0.61958  0.77255  0.75465  0.63521
    203   2.78575  5.11905  2.88247  1.83437  4.40559  3.47140  3.65823  3.86250  1.62070  3.38238  4.18944  2.96210  3.89540  2.78968  2.68494  2.76489  3.01014  3.49777  5.52256  3.46003    466 k - - -
          2.68618  4.42225  2.77519  2.73123  3.46354  2.40513  3.72494  3.29354  2.67741  2.69355  4.24690  2.90347  2.73739  3.18146  2.89801  2.37887  2.77519  2.98518  4.58477  3.61503
          0.02303  4.17815  4.90049  0.61958  0.77255  0.81258  0.58647
    204   2.64752  4.88128  2.98479  2.49914  4.31575  3.09712  3.70233  3.74245  1.57102  3.30343  4.10464  2.99745  3.29401  2.84166  2.81917  2.48483  2.54882  3.36145  5.49202  4.16203    467 k - - -
          2.68630  4.42237  2.77532  2.73135  3.46325  2.40525  3.72507  3.29366  2.67753  2.69336  4.24702  2.90359  2.73752  3.18004  2.89813  2.37885  2.77532  2.98505  4.58489  3.61515
          0.54207  0.87118        *  0.54839  0.86247  0.00000        *
//
