HMMER3/f [3.1b2 | February 2015]
NAME  Mafft_Group_1
LENG  154
ALPH  amino
RF    no
MM    no
CONS  yes
CS    no
MAP   yes
DATE  Fri Oct 14 16:33:20 2016
NSEQ  234
EFFN  0.696259
CKSUM 3755999002
STATS LOCAL MSV      -10.1364  0.70901
STATS LOCAL VITERBI  -11.0593  0.70901
STATS LOCAL FORWARD   -4.6218  0.70901
HMM          A        C        D        E        F        G        H        I        K        L        M        N        P        Q        R        S        T        V        W        Y   
            m->m     m->i     m->d     i->m     i->i     d->m     d->d
  COMPO   2.60100  4.62163  2.81349  2.48469  3.30513  2.97405  3.76277  2.84139  2.53299  2.58573  3.70164  3.05601  3.30277  3.14178  2.81047  2.63083  2.91446  2.55572  4.40929  3.88598
          2.68644  4.42222  2.77553  2.73131  3.46289  2.40552  3.72507  3.29272  2.67727  2.69359  4.24627  2.90326  2.73771  3.18166  2.89809  2.37903  2.77482  2.98492  4.58478  3.61439
          0.14432  2.07489  4.73129  2.85470  0.05930  0.00000        *
      1   2.84819  4.42594  4.14611  3.65436  3.28517  3.87740  4.38996  2.29693  3.45935  1.87972  1.50463  3.91551  4.31078  3.78949  3.68352  3.20290  3.16525  2.11287  5.10813  3.90133     57 m - - -
          2.68618  4.42225  2.77519  2.73123  3.46354  2.40513  3.72494  3.29354  2.67741  2.69355  4.24690  2.90347  2.73739  3.18146  2.89801  2.37887  2.77519  2.98518  4.58477  3.61503
          0.02734  4.00894  4.73129  0.61958  0.77255  0.48576  0.95510
      2   2.02874  4.33505  3.32840  2.81205  3.82163  3.24624  3.88239  3.17156  2.79241  2.88761  3.76197  3.20151  3.80311  3.13588  3.15985  1.67769  2.77012  2.64939  4.88542  3.94829     58 s - - -
          2.68618  4.42225  2.77519  2.73123  3.46354  2.40513  3.72494  3.29354  2.67741  2.69355  4.24690  2.90347  2.73739  3.18146  2.89801  2.37887  2.77519  2.98518  4.58477  3.61503
          0.02734  4.00894  4.73129  0.61958  0.77255  0.48576  0.95510
      3   3.22843  4.60137  4.67679  4.11266  3.09393  4.43418  4.73020  2.08317  3.95092  0.96814  2.34714  4.40078  4.64972  4.12828  4.11299  3.77022  3.37963  2.25557  5.13866  4.05332     59 l - - -
          2.68618  4.42225  2.77520  2.73124  3.46351  2.40513  3.72495  3.29354  2.67734  2.69355  4.24690  2.90347  2.73740  3.18147  2.89801  2.37887  2.77520  2.98519  4.58477  3.61504
          0.08931  2.82835  3.63724  0.47688  0.96947  0.48576  0.95510
      4   3.04708  4.41978  4.62744  4.15127  3.50696  4.28794  4.88488  1.07742  4.00683  2.01610  3.33282  4.37754  4.65115  4.30143  4.21248  3.68252  3.24371  1.59488  5.45668  4.24838     61 i - - -
          2.68618  4.42225  2.77519  2.73123  3.46354  2.40513  3.72494  3.29354  2.67741  2.69355  4.24690  2.90347  2.73739  3.18146  2.89801  2.37887  2.77519  2.98518  4.58477  3.61503
          0.08612  3.99128  2.74822  0.61958  0.77255  0.50392  0.92673
      5   2.36246  4.35095  3.02563  2.77462  4.21367  2.70280  3.97827  3.65750  2.86011  3.31220  4.15788  3.11273  1.59207  3.21287  3.13215  2.36607  2.79062  3.19250  5.52244  4.25398     62 p - - -
          2.68618  4.42225  2.77519  2.73123  3.46354  2.40513  3.72494  3.29354  2.67741  2.69355  4.24690  2.90347  2.73739  3.18146  2.89801  2.37887  2.77519  2.98518  4.58477  3.61503
          0.03595  3.93463  4.15027  0.61958  0.77255  0.46798  0.98421
      6   2.51463  4.60756  2.97644  2.57537  4.18998  2.92101  3.76643  3.61868  2.52662  3.22248  4.04729  2.83244  3.78269  2.94294  2.48776  1.66548  2.82811  3.22452  5.43472  4.13511     63 s - - -
          2.68618  4.42225  2.77520  2.73123  3.46354  2.40513  3.72495  3.29354  2.67741  2.69355  4.24690  2.90347  2.73740  3.18146  2.89801  2.37885  2.77519  2.98518  4.58477  3.61503
          0.16581  3.37066  2.13345  0.55648  0.85149  0.47176  0.97790
      7   2.82294  4.29572  4.14074  3.59916  1.86666  3.90294  4.07179  2.14918  3.48083  1.87307  3.15256  3.83071  4.25459  3.70838  3.69139  3.06181  3.06659  2.13182  4.60470  3.20143     65 f - - -
          2.68618  4.42225  2.77519  2.73123  3.46354  2.40513  3.72494  3.29354  2.67741  2.69355  4.24690  2.90347  2.73739  3.18146  2.89801  2.37887  2.77519  2.98518  4.58477  3.61503
          0.04178  3.89577  3.88272  0.61958  0.77255  0.59192  0.80579
      8   3.12854  4.53204  4.38757  3.89504  1.50289  4.17258  4.00505  2.32655  3.75243  1.67654  3.12618  4.04584  4.47287  3.91730  3.91630  3.50831  3.36462  2.38185  4.31152  2.72522     66 f - - -
          2.68618  4.42225  2.77519  2.73123  3.46354  2.40513  3.72494  3.29354  2.67741  2.69355  4.24690  2.90347  2.73739  3.18146  2.89801  2.37887  2.77519  2.98518  4.58477  3.61503
          0.03100  3.88499  4.60733  0.61958  0.77255  0.60089  0.79479
      9   2.47617  4.42997  2.71596  2.48037  4.10262  1.97699  3.75563  3.54164  2.62911  3.16924  4.00239  2.55577  3.73796  2.94760  3.06167  2.44542  2.80178  3.15744  5.39987  3.95303     67 g - - -
          2.68618  4.42225  2.77520  2.73124  3.46354  2.40513  3.72495  3.29354  2.67741  2.69355  4.24690  2.90344  2.73740  3.18147  2.89801  2.37884  2.77518  2.98519  4.58477  3.61503
          0.08078  2.79162  4.11766  0.49043  0.94769  0.54387  0.86868
     10   2.55632  4.73017  2.57714  2.38292  4.29312  2.08619  3.72772  3.74680  2.62595  3.33957  4.16834  2.13121  3.75872  2.93576  3.00208  2.52675  2.85832  3.33740  5.54587  4.19617     69 g - - -
          2.68618  4.42225  2.77519  2.73123  3.46354  2.40513  3.72494  3.29354  2.67741  2.69355  4.24690  2.90347  2.73739  3.18146  2.89801  2.37887  2.77519  2.98518  4.58477  3.61503
          0.03664  3.91720  4.13030  0.61958  0.77255  0.57070  0.83270
     11   2.83618  4.92378  3.18818  2.65873  4.28896  3.50110  3.54628  3.71334  2.03348  3.23656  4.10022  3.06002  3.69468  2.66740  1.44368  2.82420  3.04648  3.39309  5.34707  4.10708     70 r - - -
          2.68619  4.42226  2.77520  2.73124  3.46355  2.40514  3.72495  3.29355  2.67742  2.69356  4.24690  2.90347  2.73740  3.18147  2.89798  2.37880  2.77519  2.98519  4.58478  3.61504
          0.12204  2.43847  3.59015  0.42864  1.05382  0.45652  1.00371
     12   2.87636  5.00293  3.27322  2.72337  4.41106  3.44152  3.63724  3.79990  1.99321  3.30313  4.17615  3.14243  3.97592  2.56677  1.32247  2.94196  3.12720  3.48203  5.40398  4.19162     72 r - - -
          2.68622  4.42141  2.77523  2.73127  3.46358  2.40509  3.72498  3.29341  2.67737  2.69359  4.24693  2.90339  2.73743  3.18150  2.89801  2.37889  2.77523  2.98522  4.58481  3.61507
          0.10799  2.41134  4.36882  0.94559  0.49176  0.49946  0.93358
     13   2.56883  4.78594  2.46809  2.37726  4.27696  2.92670  3.71576  3.71942  2.57179  3.30210  4.11168  2.63100  3.76964  2.87405  3.01456  1.81597  2.61984  3.32126  5.51618  4.15902     79 s - - -
          2.68618  4.42181  2.77520  2.73124  3.46354  2.40513  3.72495  3.29354  2.67741  2.69355  4.24690  2.90347  2.73739  3.18147  2.89801  2.37887  2.77520  2.98519  4.58477  3.61504
          0.07656  2.75529  4.59409  0.46917  0.98223  0.48004  0.96432
     14   2.57110  4.51799  2.97744  2.47743  3.97361  3.33398  3.65483  3.07236  2.43274  3.00396  3.83426  2.15285  3.80576  2.68189  2.88846  2.33015  2.79636  3.06210  5.26075  3.94588     81 n - - -
          2.68618  4.42225  2.77519  2.73123  3.46354  2.40513  3.72494  3.29354  2.67741  2.69355  4.24690  2.90347  2.73739  3.18146  2.89801  2.37887  2.77519  2.98518  4.58477  3.61503
          0.02753  4.00201  4.72436  0.61958  0.77255  0.49118  0.94651
     15   2.61151  4.23423  4.05081  3.66291  3.41472  3.98570  4.35672  1.62944  3.56677  2.10647  3.13806  3.91208  4.33218  3.82779  3.80235  3.29180  3.01215  1.49231  5.07799  3.87558     82 v - - -
          2.68618  4.42225  2.77519  2.73123  3.46354  2.40513  3.72494  3.29354  2.67741  2.69355  4.24690  2.90347  2.73739  3.18146  2.89801  2.37887  2.77519  2.98518  4.58477  3.61503
          0.02750  4.00307  4.72542  0.61958  0.77255  0.49187  0.94541
     16   2.73399  4.26436  3.91049  3.40431  1.55379  3.70006  3.91005  2.61489  3.28688  2.22907  3.32169  3.64026  3.51169  3.55561  3.52785  2.96841  3.00747  2.48992  4.50329  3.02759     83 f - - -
          2.68618  4.42225  2.77519  2.73123  3.46354  2.40513  3.72494  3.29354  2.67741  2.69355  4.24690  2.90347  2.73739  3.18146  2.89801  2.37887  2.77519  2.98518  4.58477  3.61503
          0.02750  4.00307  4.72542  0.61958  0.77255  0.49187  0.94541
     17   2.86193  5.20630  1.10708  2.21118  4.62756  3.19520  3.85022  4.16289  2.89615  3.75102  4.63521  2.77171  3.84938  3.04339  3.46070  2.53882  3.20105  3.73939  5.88465  4.41461     84 d - - -
          2.68618  4.42225  2.77519  2.73123  3.46354  2.40513  3.72494  3.29354  2.67741  2.69355  4.24690  2.90347  2.73739  3.18146  2.89801  2.37887  2.77519  2.98518  4.58477  3.61503
          0.03877  4.00307  3.92372  0.61958  0.77255  0.48196  0.96121
     18   2.50262  4.50503  2.91878  2.73143  4.21542  3.12474  3.99022  3.73655  2.86613  3.39497  4.27146  2.74692  1.37100  3.23373  3.21487  2.58662  2.91962  3.29639  5.53728  4.21646     85 p - - -
          2.68618  4.42225  2.77519  2.73123  3.46354  2.40513  3.72494  3.29354  2.67741  2.69355  4.24690  2.90347  2.73739  3.18146  2.89801  2.37887  2.77519  2.98518  4.58477  3.61503
          0.02764  3.99804  4.72039  0.61958  0.77255  0.49704  0.93733
     19   2.95720  4.41093  4.25163  3.72089  1.47182  3.99904  3.96822  2.49744  3.57211  1.93767  3.17507  3.89791  4.33693  3.77814  3.65733  3.29771  3.19467  2.26853  4.26801  2.86436     86 f - - -
          2.68618  4.42225  2.77519  2.73123  3.46354  2.40513  3.72494  3.29354  2.67741  2.69355  4.24690  2.90347  2.73739  3.18146  2.89801  2.37887  2.77519  2.98518  4.58477  3.61503
          0.02764  3.99804  4.72039  0.61958  0.77255  0.49704  0.93733
     20   2.26485  4.36900  3.07161  2.79099  4.23125  3.06538  3.99165  3.65974  2.88360  3.25635  4.16251  2.76959  3.65983  3.21826  3.25066  1.30325  2.77022  3.19474  5.54781  4.26807     87 s - - -
          2.68616  4.42226  2.77521  2.73124  3.46355  2.40514  3.72496  3.29355  2.67742  2.69356  4.24691  2.90348  2.73741  3.18148  2.89802  2.37877  2.77518  2.98520  4.58478  3.61504
          0.14547  2.19382  3.73409  0.37113  1.17104  0.49704  0.93733
     21   2.78930  4.27388  4.11300  3.54370  2.56863  3.88702  4.15449  2.33998  3.42264  1.38595  3.02996  3.81243  4.22336  3.57148  3.58653  3.13962  2.95785  2.16301  4.79713  3.57090     89 l - - -
          2.68618  4.42225  2.77519  2.73123  3.46354  2.40513  3.72494  3.29354  2.67741  2.69355  4.24690  2.90347  2.73739  3.18146  2.89801  2.37887  2.77519  2.98518  4.58477  3.61503
          0.03061  3.98295  4.46434  0.61958  0.77255  0.49211  0.94504
     22   2.94568  5.43797  1.10574  2.05373  4.75817  3.17184  3.80261  4.28182  2.85524  3.82438  4.69971  2.63663  3.85015  2.98438  3.45019  2.81263  3.25644  3.86150  5.97969  4.47186     90 d - - -
          2.68618  4.42225  2.77519  2.73123  3.46354  2.40513  3.72494  3.29354  2.67741  2.69355  4.24690  2.90347  2.73739  3.18146  2.89801  2.37887  2.77519  2.98518  4.58477  3.61503
          0.07439  3.99272  2.93293  0.61958  0.77255  0.48780  0.95185
     23   2.93712  4.34836  4.56314  3.99778  3.09205  4.23425  4.58689  1.67194  3.89116  1.56426  2.71897  4.23332  4.51004  4.07299  4.02957  3.55667  3.21768  1.62143  5.09741  3.95953     91 l - - -
          2.68618  4.42225  2.77519  2.73123  3.46354  2.40513  3.72494  3.29354  2.67741  2.69355  4.24690  2.90347  2.73739  3.18146  2.89801  2.37887  2.77519  2.98518  4.58477  3.61503
          0.02883  3.95662  4.67896  0.61958  0.77255  0.53291  0.88406
     24   2.72923  4.36163  3.77242  3.28668  2.72286  3.62603  3.77886  2.84480  3.08845  2.47316  3.51503  3.53140  4.08005  3.43953  3.33296  2.89053  2.74356  2.66035  1.78958  2.84938     92 w - - -
          2.68618  4.42225  2.77520  2.73123  3.46351  2.40513  3.72494  3.29354  2.67741  2.69355  4.24690  2.90347  2.73740  3.18146  2.89801  2.37887  2.77520  2.98518  4.58471  3.61503
          0.03923  3.53326  4.68196  0.57857  0.82257  0.53083  0.88701
     25   2.70122  5.14834  1.34086  2.15597  4.56841  3.15389  3.75862  4.00673  2.73083  3.59468  4.44059  2.71119  3.80827  2.92943  3.27500  2.71505  2.78992  3.60270  5.79597  4.35384     94 d - - -
          2.68618  4.42225  2.77520  2.73124  3.46354  2.40513  3.72493  3.29354  2.67741  2.69355  4.24690  2.90347  2.73740  3.18147  2.89801  2.37887  2.77511  2.98519  4.58477  3.61503
          0.06986  2.84315  4.68448  0.48649  0.95394  0.45760  1.00185
     26   2.43322  4.40869  3.05487  2.84235  4.20281  3.09128  4.04435  3.68512  2.92673  3.34503  4.22856  3.17428  1.36029  3.22167  3.25762  2.33085  2.86874  3.23741  5.54305  4.24763     96 p - - -
          2.68618  4.42225  2.77519  2.73123  3.46354  2.40513  3.72494  3.29354  2.67741  2.69355  4.24690  2.90347  2.73739  3.18146  2.89801  2.37887  2.77519  2.98518  4.58477  3.61503
          0.02853  4.00894  4.60744  0.61958  0.77255  0.48576  0.95510
     27   2.87867  4.33342  4.23732  3.69088  1.65148  3.96887  4.11484  2.19736  3.56129  1.85283  3.11067  3.90488  4.30967  3.77757  3.75398  3.14294  3.07367  2.26213  4.61740  3.21583     97 f - - -
          2.68618  4.42225  2.77519  2.73123  3.46354  2.40513  3.72494  3.29354  2.67741  2.69355  4.24690  2.90347  2.73739  3.18146  2.89801  2.37887  2.77519  2.98518  4.58477  3.61503
          0.03801  4.00778  3.95664  0.61958  0.77255  0.48698  0.95316
     28   2.61404  5.07741  2.52948  2.07266  4.39566  3.27292  3.50999  3.86096  1.96578  3.36490  4.13210  2.68597  3.77226  2.49193  2.75732  2.57336  2.86703  3.45506  5.32728  4.12366     98 k - - -
          2.68618  4.42225  2.77519  2.73123  3.46354  2.40513  3.72494  3.29354  2.67741  2.69355  4.24690  2.90347  2.73739  3.18146  2.89801  2.37887  2.77519  2.98518  4.58477  3.61503
          0.03761  3.99742  3.98745  0.61958  0.77255  0.49201  0.94520
     29   2.59039  4.66295  2.15160  2.25212  4.27498  2.51027  3.62624  3.72158  2.43860  3.27928  4.00612  2.65882  3.73815  2.76197  2.92664  2.54871  2.82362  3.32168  5.47770  4.10032     99 d - - -
          2.68620  4.42227  2.77520  2.73126  3.46355  2.40508  3.72497  3.29351  2.67743  2.69348  4.24681  2.90349  2.73742  3.18147  2.89803  2.37889  2.77522  2.98507  4.58479  3.61505
          0.12445  2.40632  3.61683  0.71105  0.67556  0.47955  0.96512
     30   3.17532  4.56544  4.41303  3.93142  1.23967  4.15595  3.78501  2.69039  3.76375  1.93089  3.28480  3.98913  4.47067  3.90676  3.90023  3.42062  3.40538  2.68770  3.84247  2.41868    104 f - - -
          2.68620  4.42227  2.77521  2.73125  3.46355  2.40514  3.72496  3.29356  2.67735  2.69356  4.24691  2.90348  2.73741  3.18148  2.89802  2.37888  2.77512  2.98509  4.58478  3.61505
          0.14179  2.77392  2.66236  0.73269  0.65511  0.50195  0.92975
     31   2.60931  4.67615  2.79627  2.50780  4.03824  3.22838  3.43915  3.55335  2.53329  3.16328  4.02494  2.97661  1.84001  2.81721  2.90228  2.58953  2.91869  3.20632  5.34056  4.00159    108 p - - -
          2.68618  4.42225  2.77519  2.73123  3.46354  2.40513  3.72494  3.29354  2.67741  2.69355  4.24690  2.90347  2.73739  3.18146  2.89801  2.37887  2.77519  2.98518  4.58477  3.61503
          0.03092  3.92870  4.53023  0.61958  0.77255  0.51916  0.90392
     32   2.86147  4.37374  4.08064  3.58615  1.53376  3.76581  3.96080  2.47887  3.45050  1.97121  3.26743  3.78982  4.18607  3.69796  3.66107  3.17498  3.05426  2.38015  4.44233  2.93389    109 f - - -
          2.68618  4.42225  2.77519  2.73123  3.46354  2.40513  3.72494  3.29354  2.67741  2.69355  4.24690  2.90347  2.73739  3.18146  2.89801  2.37887  2.77519  2.98518  4.58477  3.61503
          0.05588  3.95589  3.34649  0.61958  0.77255  0.53843  0.87627
     33   2.46474  4.45161  3.12440  2.61809  3.61830  3.07813  3.73267  3.15256  2.60568  2.87126  3.73288  2.96107  2.51567  2.94549  2.99711  2.39665  2.45667  2.90684  5.17683  3.89519    110 s - - -
          2.68618  4.42225  2.77519  2.73123  3.46354  2.40513  3.72494  3.29354  2.67741  2.69355  4.24690  2.90347  2.73739  3.18146  2.89801  2.37887  2.77519  2.98518  4.58477  3.61503
          0.03905  3.92964  3.98207  0.61958  0.77255  0.55219  0.85728
     34   2.37079  4.39297  3.04139  2.66976  4.06100  3.02695  3.83736  3.46839  2.71443  3.08559  3.94867  2.84774  3.46115  3.04389  3.11798  1.77031  2.24820  3.01233  5.37638  4.09731    111 s - - -
          2.68605  4.42237  2.77529  2.73135  3.46360  2.40512  3.72505  3.29358  2.67753  2.69348  4.24702  2.90332  2.73727  3.18154  2.89810  2.37873  2.77521  2.98509  4.58489  3.61515
          0.31697  1.47216  3.16486  1.21137  0.35352  0.44226  1.02885
     35   2.50876  4.66833  2.98366  2.48102  3.94264  3.20944  3.60202  3.39276  2.45772  3.02302  3.84982  2.83442  3.58234  2.81090  2.69442  1.91853  2.72083  3.06135  5.27511  3.91858    121 s - - -
          2.68618  4.42225  2.77519  2.73123  3.46354  2.40513  3.72494  3.29354  2.67741  2.69355  4.24690  2.90347  2.73739  3.18146  2.89801  2.37887  2.77519  2.98518  4.58477  3.61503
          0.05754  3.97639  3.29253  0.61958  0.77255  0.46948  0.98170
     36   2.22027  4.35701  3.09099  2.75266  4.17105  2.96146  3.92515  3.58795  2.81833  3.23306  4.05546  3.04906  3.08200  3.13577  3.18339  1.52326  2.52739  3.14019  5.47960  4.20968    122 s - - -
          2.68622  4.42230  2.77524  2.73125  3.46354  2.40516  3.72493  3.29332  2.67746  2.69335  4.24695  2.90352  2.73742  3.18151  2.89805  2.37877  2.77524  2.98520  4.58482  3.61508
          0.46968  1.44299  1.97634  0.51481  0.91034  0.51618  0.90832
     37   2.73825  4.20969  4.08282  3.51814  2.88906  3.74759  4.18087  1.90159  3.41580  1.71382  3.11788  3.79532  4.13858  3.66183  3.64743  3.13605  2.97654  1.86661  4.86880  3.65208    128 l - - -
          2.68618  4.42225  2.77519  2.73123  3.46354  2.40513  3.72494  3.29354  2.67741  2.69355  4.24690  2.90347  2.73739  3.18146  2.89801  2.37887  2.77519  2.98518  4.58477  3.61503
          0.04518  3.84031  3.78611  0.61958  0.77255  0.47351  0.97501
     38   2.05121  4.39605  3.08404  2.68484  4.09132  3.09824  3.85326  3.49849  2.72489  3.14513  3.97535  3.07284  2.55457  2.92097  3.12467  1.92709  2.64769  3.09022  5.40204  4.12470    129 s - - -
          2.68618  4.42225  2.77519  2.73123  3.46354  2.40513  3.72494  3.29354  2.67741  2.69355  4.24690  2.90347  2.73739  3.18146  2.89801  2.37887  2.77519  2.98518  4.58477  3.61503
          0.02916  3.94533  4.66767  0.61958  0.77255  0.52001  0.90267
     39   2.41414  4.77204  2.93488  2.43493  4.05853  3.14056  3.52836  3.47153  2.34045  3.05269  3.85763  2.91355  3.72924  2.72151  2.17136  2.45575  2.77048  3.09119  5.29628  3.97480    130 r - - -
          2.68611  4.42234  2.77523  2.73125  3.46329  2.40513  3.72503  3.29362  2.67749  2.69362  4.24699  2.90348  2.73733  3.18154  2.89799  2.37871  2.77517  2.98525  4.58486  3.61512
          0.16038  1.97363  4.68547  1.28878  0.32242  0.46509  0.98907
     40   2.87915  5.37019  2.08194  1.23869  4.67392  3.19801  3.73946  4.16529  2.69002  3.68552  4.52325  2.72196  3.72943  2.86252  3.23805  2.74548  3.15901  3.75675  5.85694  4.38996    141 e - - -
          2.68618  4.42225  2.77519  2.73123  3.46354  2.40513  3.72494  3.29354  2.67741  2.69355  4.24690  2.90347  2.73739  3.18146  2.89801  2.37887  2.77519  2.98518  4.58477  3.61503
          0.02746  4.00455  4.72690  0.61958  0.77255  0.49033  0.94784
     41   2.45577  4.56770  3.03427  2.57050  3.96546  3.31381  3.73070  3.26909  2.55381  3.00360  3.84336  2.27392  3.79868  2.92004  2.94188  2.50390  2.11955  2.89297  5.27773  3.98064    142 t - - -
          2.68618  4.42225  2.77519  2.73123  3.46354  2.40513  3.72494  3.29354  2.67741  2.69355  4.24690  2.90347  2.73739  3.18146  2.89801  2.37887  2.77519  2.98518  4.58477  3.61503
          0.02746  4.00455  4.72690  0.61958  0.77255  0.48292  0.95967
     42   1.86533  4.24285  3.34940  2.98322  4.14645  3.04040  4.06854  3.50499  2.99971  3.19704  4.06325  3.23938  3.64719  3.31813  3.34621  1.41783  2.51661  3.05791  5.49746  4.15774    143 s - - -
          2.68618  4.42225  2.77519  2.73123  3.46354  2.40513  3.72494  3.29354  2.67741  2.69355  4.24690  2.90347  2.73739  3.18146  2.89801  2.37887  2.77519  2.98518  4.58477  3.61503
          0.02734  4.00894  4.73129  0.61958  0.77255  0.48576  0.95510
     43   1.14077  4.20826  3.35827  3.09937  4.10826  3.02407  4.15564  3.36847  3.11946  3.08446  4.06391  3.30626  3.74798  3.43909  3.43018  2.27967  2.73371  2.93194  5.50195  4.26540    144 a - - -
          2.68618  4.42225  2.77519  2.73123  3.46354  2.40513  3.72494  3.29354  2.67741  2.69355  4.24690  2.90347  2.73739  3.18146  2.89801  2.37887  2.77519  2.98518  4.58477  3.61503
          0.02734  4.00894  4.73129  0.61958  0.77255  0.48576  0.95510
     44   2.96959  4.37172  4.44893  3.88457  1.76002  4.12330  4.30351  2.11062  3.76086  1.59855  2.92377  4.09042  4.41522  3.92660  3.91775  3.39171  3.19757  2.14551  4.75561  3.40660    145 l - - -
          2.68618  4.42225  2.77519  2.73123  3.46354  2.40513  3.72494  3.29354  2.67741  2.69355  4.24690  2.90347  2.73739  3.18146  2.89801  2.37887  2.77519  2.98518  4.58477  3.61503
          0.02734  4.00894  4.73129  0.61958  0.77255  0.48576  0.95510
     45   1.82230  4.21891  3.75116  3.25093  3.62251  3.44379  4.12646  2.46167  3.17055  2.49098  3.55120  3.51963  3.87192  3.48057  3.46986  2.75912  2.73882  1.70357  5.14881  3.93018    146 v - - -
          2.68618  4.42225  2.77519  2.73123  3.46354  2.40513  3.72494  3.29354  2.67741  2.69355  4.24690  2.90347  2.73739  3.18146  2.89801  2.37887  2.77519  2.98518  4.58477  3.61503
          0.02734  4.00894  4.73129  0.61958  0.77255  0.48576  0.95510
     46   2.62132  4.80654  2.62088  2.40294  4.36170  2.96167  3.78264  3.81094  2.61411  3.39709  4.22441  1.60775  3.80054  2.89530  3.08149  2.40691  2.81512  3.40118  5.59935  4.24647    147 n - - -
          2.68618  4.42225  2.77519  2.73123  3.46354  2.40513  3.72494  3.29354  2.67741  2.69355  4.24690  2.90347  2.73739  3.18146  2.89801  2.37887  2.77519  2.98518  4.58477  3.61503
          0.02734  4.00894  4.73129  0.61958  0.77255  0.48576  0.95510
     47   1.59664  4.19124  3.56044  3.16725  4.02023  3.08637  4.15791  3.15297  3.11990  2.98560  3.94243  3.35994  3.72052  3.44431  3.42830  2.50781  1.67452  2.73973  5.44332  4.22588    148 a - - -
          2.68618  4.42225  2.77519  2.73123  3.46354  2.40513  3.72494  3.29354  2.67741  2.69355  4.24690  2.90347  2.73739  3.18146  2.89801  2.37887  2.77519  2.98518  4.58477  3.61503
          0.02734  4.00894  4.73129  0.61958  0.77255  0.48576  0.95510
     48   3.00606  5.07588  3.37439  2.78503  4.45196  3.62944  3.55982  3.86243  1.91875  3.34148  4.21974  3.18916  4.02477  2.68713  1.21749  2.96582  3.19292  3.55308  5.40492  4.20272    149 r - - -
          2.68618  4.42225  2.77519  2.73123  3.46354  2.40513  3.72494  3.29354  2.67741  2.69355  4.24690  2.90347  2.73739  3.18146  2.89801  2.37887  2.77519  2.98518  4.58477  3.61503
          0.02734  4.00894  4.73129  0.61958  0.77255  0.48576  0.95510
     49   3.04310  4.17181  4.74818  4.21653  3.52608  4.38537  4.88809  1.26206  4.11027  2.06100  3.21641  4.43577  4.68579  4.35321  4.30410  3.74457  3.27611  1.31138  5.42577  4.23795    150 i - - -
          2.68618  4.42225  2.77519  2.73123  3.46354  2.40513  3.72494  3.29354  2.67741  2.69355  4.24690  2.90347  2.73739  3.18146  2.89801  2.37887  2.77519  2.98518  4.58477  3.61503
          0.02734  4.00894  4.73129  0.61958  0.77255  0.48576  0.95510
     50   3.08930  5.28216  0.79142  2.37808  4.70778  3.21618  4.01794  4.31083  3.11825  3.89488  4.84747  2.94165  3.95471  3.24685  3.66268  3.03380  3.43148  3.91592  5.85434  4.53585    151 d - - -
          2.68618  4.42225  2.77519  2.73123  3.46354  2.40513  3.72494  3.29354  2.67741  2.69355  4.24690  2.90347  2.73739  3.18146  2.89801  2.37887  2.77519  2.98518  4.58477  3.61503
          0.02734  4.00894  4.73129  0.61958  0.77255  0.48576  0.95510
     51   3.57144  4.89598  4.30573  4.04678  2.81819  3.88797  4.07729  3.60263  3.76693  2.97319  4.22984  4.16870  4.41747  4.14749  3.87070  3.77376  3.87914  3.49671  0.64990  2.81344    152 W - - -
          2.68618  4.42225  2.77519  2.73123  3.46354  2.40513  3.72494  3.29354  2.67741  2.69355  4.24690  2.90347  2.73739  3.18146  2.89801  2.37887  2.77519  2.98518  4.58477  3.61503
          0.02734  4.00894  4.73129  0.61958  0.77255  0.48576  0.95510
     52   2.85321  4.98856  3.25447  2.66409  4.37848  3.55063  3.62764  3.73127  1.32141  3.26431  4.01638  3.10764  3.94758  2.77022  2.17755  2.87359  2.76324  3.41129  5.40485  4.17224    153 k - - -
          2.68618  4.42225  2.77519  2.73123  3.46354  2.40513  3.72494  3.29354  2.67741  2.69355  4.24690  2.90347  2.73739  3.18146  2.89801  2.37887  2.77519  2.98518  4.58477  3.61503
          0.02734  4.00894  4.73129  0.61958  0.77255  0.48576  0.95510
     53   3.07513  5.20863  2.55278  0.84586  4.57281  3.36597  3.96701  4.05407  2.86513  3.65010  4.62003  3.01790  3.97762  3.18105  3.28670  3.04479  3.38104  3.72455  5.71868  4.44326    154 e - - -
          2.68618  4.42225  2.77519  2.73123  3.46354  2.40513  3.72494  3.29354  2.67741  2.69355  4.24690  2.90347  2.73739  3.18146  2.89801  2.37887  2.77519  2.98518  4.58477  3.61503
          0.02734  4.00894  4.73129  0.61958  0.77255  0.48576  0.95510
     54   2.38470  4.26207  3.49093  3.19858  4.00965  3.12170  4.20373  3.14809  3.11178  3.02572  3.95204  3.39320  3.82634  3.50567  3.38283  2.54435  1.16001  2.81890  5.47112  4.20715    155 t - - -
          2.68618  4.42225  2.77519  2.73123  3.46354  2.40513  3.72494  3.29354  2.67741  2.69355  4.24690  2.90347  2.73739  3.18146  2.89801  2.37887  2.77519  2.98518  4.58477  3.61503
          0.02734  4.00894  4.73129  0.61958  0.77255  0.48576  0.95510
     55   2.41665  4.45321  3.04534  2.81615  4.18593  3.13776  4.05370  3.56491  2.91586  3.24951  4.19111  3.19168  1.29721  3.25932  3.23818  2.62943  2.89136  3.17656  5.54438  4.26197    156 p - - -
          2.68618  4.42225  2.77519  2.73123  3.46354  2.40513  3.72494  3.29354  2.67741  2.69355  4.24690  2.90347  2.73739  3.18146  2.89801  2.37887  2.77519  2.98518  4.58477  3.61503
          0.02734  4.00894  4.73129  0.61958  0.77255  0.48576  0.95510
     56   2.86730  5.31757  2.27641  1.21389  4.61200  3.27648  3.73935  4.09576  2.61964  3.62751  4.47802  2.70839  3.85729  2.74092  3.10461  2.81483  3.16498  3.70803  5.79068  4.35475    157 e - - -
          2.68618  4.42225  2.77519  2.73123  3.46354  2.40513  3.72494  3.29354  2.67741  2.69355  4.24690  2.90347  2.73739  3.18146  2.89801  2.37887  2.77519  2.98518  4.58477  3.61503
          0.02734  4.00894  4.73129  0.61958  0.77255  0.48576  0.95510
     57   1.00694  4.15311  3.52147  3.27483  4.20089  2.97186  4.29523  3.43342  3.29224  3.27865  4.18282  3.37930  3.73097  3.60403  3.56060  2.27466  2.74181  2.95061  5.61183  4.38671    158 a - - -
          2.68618  4.42225  2.77519  2.73123  3.46354  2.40513  3.72494  3.29354  2.67741  2.69355  4.24690  2.90347  2.73739  3.18146  2.89801  2.37887  2.77519  2.98518  4.58477  3.61503
          0.02734  4.00894  4.73129  0.61958  0.77255  0.48576  0.95510
     58   3.03586  4.90833  3.17816  2.89938  3.07119  3.59003  1.19728  3.65721  2.70858  3.13967  4.18091  3.30419  4.10031  3.23127  2.98417  3.08984  3.31332  3.41152  4.61097  2.94421    159 h - - -
          2.68618  4.42225  2.77519  2.73123  3.46354  2.40513  3.72494  3.29354  2.67741  2.69355  4.24690  2.90347  2.73739  3.18146  2.89801  2.37887  2.77519  2.98518  4.58477  3.61503
          0.02734  4.00894  4.73129  0.61958  0.77255  0.48576  0.95510
     59   2.92701  4.34044  4.36213  3.82754  3.48729  4.13659  4.56066  1.74461  3.49596  2.06329  3.35657  4.10144  4.48204  3.99129  3.91394  3.47294  3.18156  1.15995  5.26475  4.04885    160 v - - -
          2.68618  4.42225  2.77519  2.73123  3.46354  2.40513  3.72494  3.29354  2.67741  2.69355  4.24690  2.90347  2.73739  3.18146  2.89801  2.37887  2.77519  2.98518  4.58477  3.61503
          0.02734  4.00894  4.73129  0.61958  0.77255  0.48576  0.95510
     60   3.32457  4.71544  4.47942  4.11602  1.05922  4.21350  3.90275  2.67686  3.96696  1.96034  3.39628  4.13216  4.58520  4.09626  4.08180  3.62780  3.59702  2.67056  4.12047  2.47113    161 f - - -
          2.68618  4.42225  2.77519  2.73123  3.46354  2.40513  3.72494  3.29354  2.67741  2.69355  4.24690  2.90347  2.73739  3.18146  2.89801  2.37887  2.77519  2.98518  4.58477  3.61503
          0.02734  4.00894  4.73129  0.61958  0.77255  0.48576  0.95510
     61   2.83593  5.00006  3.09623  2.56368  4.38324  3.51114  3.64218  3.72416  1.30012  3.21388  4.14279  3.04141  3.93411  2.76487  2.36802  2.83190  2.88531  3.41907  5.43300  4.18163    162 k - - -
          2.68618  4.42225  2.77519  2.73123  3.46354  2.40513  3.72494  3.29354  2.67741  2.69355  4.24690  2.90347  2.73739  3.18146  2.89801  2.37887  2.77519  2.98518  4.58477  3.61503
          0.02734  4.00894  4.73129  0.61958  0.77255  0.48576  0.95510
     62   1.18534  4.18872  3.73604  3.37538  3.94260  3.15926  4.31015  2.81808  3.31290  2.83909  3.87113  3.50667  3.85775  3.63212  3.58511  2.59916  2.77239  2.20883  5.47184  4.25311    163 a - - -
          2.68618  4.42225  2.77519  2.73123  3.46354  2.40513  3.72494  3.29354  2.67741  2.69355  4.24690  2.90347  2.73739  3.18146  2.89801  2.37887  2.77519  2.98518  4.58477  3.61503
          0.02734  4.00894  4.73129  0.61958  0.77255  0.48576  0.95510
     63   3.14102  5.28437  0.74042  2.42947  4.68086  3.31838  4.05802  4.30112  3.16902  3.88588  4.86874  2.99201  3.98100  3.29866  3.70240  3.08922  3.48313  3.92636  5.82249  4.53352    164 d - - -
          2.68618  4.42225  2.77519  2.73123  3.46354  2.40513  3.72494  3.29354  2.67741  2.69355  4.24690  2.90347  2.73739  3.18146  2.89801  2.37887  2.77519  2.98518  4.58477  3.61503
          0.02734  4.00894  4.73129  0.61958  0.77255  0.48576  0.95510
     64   3.20155  4.56324  4.70472  4.16635  3.19561  4.43417  4.80598  1.93516  4.01197  1.01452  3.01128  4.43685  4.68458  4.21478  4.18514  3.79117  3.44384  1.82329  5.23126  4.09807    165 l - - -
          2.68618  4.42225  2.77519  2.73123  3.46354  2.40513  3.72494  3.29354  2.67741  2.69355  4.24690  2.90347  2.73739  3.18146  2.89801  2.37887  2.77519  2.98518  4.58477  3.61503
          0.02734  4.00894  4.73129  0.61958  0.77255  0.48576  0.95510
     65   2.94164  4.67439  3.56386  3.42389  4.40445  3.35426  4.48873  3.98671  3.49321  3.59806  4.65489  3.71603  0.60891  3.87783  3.72183  3.11378  3.39429  3.61623  5.55191  4.52754    166 P - - -
          2.68618  4.42225  2.77519  2.73123  3.46354  2.40513  3.72494  3.29354  2.67741  2.69355  4.24690  2.90347  2.73739  3.18146  2.89801  2.37887  2.77519  2.98518  4.58477  3.61503
          0.02734  4.00894  4.73129  0.61958  0.77255  0.48576  0.95510
     66   2.84279  4.60290  3.54436  3.46201  4.59841  0.54648  4.57233  4.23278  3.66173  3.86932  4.84741  3.70890  3.99833  3.97523  3.88123  3.01889  3.33466  3.73478  5.65586  4.70550    167 G - - -
          2.68618  4.42225  2.77519  2.73123  3.46354  2.40513  3.72494  3.29354  2.67741  2.69355  4.24690  2.90347  2.73739  3.18146  2.89801  2.37887  2.77519  2.98518  4.58477  3.61503
          0.02734  4.00894  4.73129  0.61958  0.77255  0.48576  0.95510
     67   3.24266  4.59796  4.73325  4.17504  3.14053  4.48182  4.80609  2.00350  4.02694  0.94994  2.77689  4.46074  4.69559  4.20012  4.19224  3.82569  3.47239  1.99031  5.20135  4.10724    168 l - - -
          2.68618  4.42225  2.77519  2.73123  3.46354  2.40513  3.72494  3.29354  2.67741  2.69355  4.24690  2.90347  2.73739  3.18146  2.89801  2.37887  2.77519  2.98518  4.58477  3.61503
          0.02734  4.00894  4.73129  0.61958  0.77255  0.48576  0.95510
     68   2.98111  5.10078  3.23292  2.71730  4.52831  3.58044  3.64835  3.91089  1.13092  3.39842  4.27117  3.07737  4.00149  2.79427  2.13579  2.98543  3.16008  3.58431  5.46490  4.25301    169 k - - -
          2.68618  4.42225  2.77519  2.73123  3.46354  2.40513  3.72494  3.29354  2.67741  2.69355  4.24690  2.90347  2.73739  3.18146  2.89801  2.37887  2.77519  2.98518  4.58477  3.61503
          0.02734  4.00894  4.73129  0.61958  0.77255  0.48576  0.95510
     69   3.03540  5.09009  3.26815  2.79085  4.50333  3.58561  3.71442  3.91150  1.01296  3.41059  4.32148  3.20809  4.03262  2.87423  2.22985  3.05118  3.25077  3.60029  5.46698  4.27073    170 k - - -
          2.68618  4.42225  2.77519  2.73123  3.46354  2.40513  3.72494  3.29354  2.67741  2.69355  4.24690  2.90347  2.73739  3.18146  2.89801  2.37887  2.77519  2.98518  4.58477  3.61503
          0.02734  4.00894  4.73129  0.61958  0.77255  0.48576  0.95510
     70   2.93297  5.29173  2.29981  1.09685  4.58665  3.28437  3.79422  4.07010  2.69081  3.63142  4.52204  2.80502  3.88473  2.90819  3.16406  2.86633  3.22145  3.70136  5.78572  4.36790    171 e - - -
          2.68618  4.42225  2.77519  2.73123  3.46354  2.40513  3.72494  3.29354  2.67741  2.69355  4.24690  2.90347  2.73739  3.18146  2.89801  2.37887  2.77519  2.98518  4.58477  3.61503
          0.02734  4.00894  4.73129  0.61958  0.77255  0.48576  0.95510
     71   2.93118  5.28397  2.32481  1.10804  4.57351  3.29051  3.78879  4.05911  2.66753  3.61450  4.50679  2.81103  3.88645  2.87229  3.12927  2.86655  3.21723  3.69349  5.77108  4.35734    172 e - - -
          2.68618  4.42225  2.77519  2.73123  3.46354  2.40513  3.72494  3.29354  2.67741  2.69355  4.24690  2.90347  2.73739  3.18146  2.89801  2.37887  2.77519  2.98518  4.58477  3.61503
          0.02734  4.00894  4.73129  0.61958  0.77255  0.48576  0.95510
     72   2.92914  4.41337  4.36607  3.98544  3.57906  3.96269  4.74847  1.96670  3.82982  2.18382  3.50870  4.17109  4.47084  4.18112  4.03920  3.42227  3.26641  0.93476  5.42991  4.14832    173 v - - -
          2.68618  4.42225  2.77519  2.73123  3.46354  2.40513  3.72494  3.29354  2.67741  2.69355  4.24690  2.90347  2.73739  3.18146  2.89801  2.37887  2.77519  2.98518  4.58477  3.61503
          0.02734  4.00894  4.73129  0.61958  0.77255  0.48576  0.95510
     73   2.96594  5.03270  3.19260  2.75164  4.45728  3.53838  3.71913  3.82463  1.06430  3.36672  4.28437  3.17377  4.00569  2.88052  2.31651  2.99138  3.12540  3.51383  5.47564  4.25445    174 k - - -
          2.68618  4.42225  2.77519  2.73123  3.46354  2.40513  3.72494  3.29354  2.67741  2.69355  4.24690  2.90347  2.73739  3.18146  2.89801  2.37887  2.77519  2.98518  4.58477  3.61503
          0.02734  4.00894  4.73129  0.61958  0.77255  0.48576  0.95510
     74   2.91991  4.41282  4.34796  3.98072  3.59555  3.93247  4.74896  1.98523  3.83089  2.21848  3.52979  4.16029  4.45451  4.18282  4.03835  3.40293  3.26373  0.92160  5.43754  4.15778    175 v - - -
          2.68618  4.42225  2.77519  2.73123  3.46354  2.40513  3.72494  3.29354  2.67741  2.69355  4.24690  2.90347  2.73739  3.18146  2.89801  2.37887  2.77519  2.98518  4.58477  3.61503
          0.02734  4.00894  4.73129  0.61958  0.77255  0.48576  0.95510
     75   2.89927  5.27811  2.36921  1.20869  4.58476  3.24735  3.74016  4.05135  2.51534  3.58608  4.44750  2.80039  3.87297  2.75498  3.00046  2.83448  3.16980  3.67742  5.74750  4.34192    176 e - - -
          2.68618  4.42225  2.77519  2.73123  3.46354  2.40513  3.72494  3.29354  2.67741  2.69355  4.24690  2.90347  2.73739  3.18146  2.89801  2.37887  2.77519  2.98518  4.58477  3.61503
          0.02734  4.00894  4.73129  0.61958  0.77255  0.48576  0.95510
     76   3.10548  4.41477  4.80788  4.29745  3.54513  4.46773  5.00413  1.32767  4.18357  2.01606  3.32827  4.52552  4.76122  4.44197  4.38225  3.84537  3.36510  1.17795  5.51257  4.31431    177 v - - -
          2.68618  4.42225  2.77519  2.73123  3.46354  2.40513  3.72494  3.29354  2.67741  2.69355  4.24690  2.90347  2.73739  3.18146  2.89801  2.37887  2.77519  2.98518  4.58477  3.61503
          0.02734  4.00894  4.73129  0.61958  0.77255  0.48576  0.95510
     77   2.87645  5.29096  2.28055  1.16971  4.60472  3.20584  3.76103  4.07916  2.65439  3.62739  4.48961  2.77482  3.86308  2.83273  3.13929  2.82541  3.17776  3.69582  5.79463  4.36477    178 e - - -
          2.68618  4.42225  2.77519  2.73123  3.46354  2.40513  3.72494  3.29354  2.67741  2.69355  4.24690  2.90347  2.73739  3.18146  2.89801  2.37887  2.77519  2.98518  4.58477  3.61503
          0.02734  4.00894  4.73129  0.61958  0.77255  0.48576  0.95510
     78   2.93325  5.49055  1.31220  1.74127  4.77345  3.21895  3.76072  4.27612  2.72164  3.78824  4.63689  2.69447  3.84645  2.92507  3.34751  2.82255  3.21870  3.77317  5.95540  4.45445    179 d - - -
          2.68618  4.42225  2.77519  2.73123  3.46354  2.40513  3.72494  3.29354  2.67741  2.69355  4.24690  2.90347  2.73739  3.18146  2.89801  2.37887  2.77519  2.98518  4.58477  3.61503
          0.02734  4.00894  4.73129  0.61958  0.77255  0.48576  0.95510
     79   2.81722  5.21877  1.69812  2.16564  4.62841  1.86804  3.77125  4.12041  2.71367  3.65891  4.49520  2.63998  3.82677  2.93909  3.30118  2.75902  3.12165  3.69846  5.83877  4.38786    180 d - - -
          2.68618  4.42225  2.77519  2.73123  3.46354  2.40512  3.72494  3.29354  2.67741  2.69355  4.24690  2.90347  2.73739  3.18146  2.89801  2.37887  2.77519  2.98518  4.58477  3.61503
          0.03213  3.78074  4.73129  0.59909  0.79698  0.48576  0.95510
     80   2.82105  5.01697  3.06192  2.56507  4.41217  3.43093  3.62959  3.81100  2.04073  3.32492  4.15939  2.46058  3.91340  2.77019  1.58719  2.75983  3.01884  3.46543  5.44845  4.18489    182 r - - -
          2.68618  4.42225  2.77519  2.73123  3.46354  2.40513  3.72494  3.29354  2.67741  2.69355  4.24690  2.90347  2.73739  3.18146  2.89801  2.37887  2.77519  2.98518  4.58477  3.61503
          0.02734  4.00894  4.73129  0.61958  0.77255  0.48576  0.95510
     81   3.06067  4.41101  4.68933  4.19238  3.55562  4.35122  4.92654  1.59691  4.06525  2.08158  3.34132  4.42276  4.69252  4.35111  4.27860  3.73511  3.33372  1.01401  5.49591  4.27777    183 v - - -
          2.68618  4.42225  2.77519  2.73123  3.46354  2.40513  3.72494  3.29354  2.67741  2.69355  4.24690  2.90347  2.73739  3.18146  2.89801  2.37887  2.77519  2.98518  4.58477  3.61503
          0.02734  4.00894  4.73129  0.61958  0.77255  0.48576  0.95510
     82   3.26326  4.68411  4.53023  4.08065  3.09553  4.31459  4.67729  2.18713  3.82672  0.82720  3.02082  4.34464  4.63799  4.12713  3.99196  3.74556  3.52916  2.30735  5.10563  3.86054    184 l - - -
          2.68618  4.42225  2.77519  2.73123  3.46354  2.40513  3.72494  3.29354  2.67741  2.69355  4.24690  2.90347  2.73739  3.18146  2.89801  2.37887  2.77519  2.98518  4.58477  3.61503
          0.02734  4.00894  4.73129  0.61958  0.77255  0.48576  0.95510
     83   2.76556  4.91328  3.00418  2.54029  4.18646  3.46694  3.62401  3.61290  2.14659  3.13317  4.03609  2.99895  3.89577  1.64055  2.52926  2.79094  2.99426  3.07922  5.36047  4.06237    185 q - - -
          2.68618  4.42225  2.77519  2.73123  3.46354  2.40513  3.72494  3.29354  2.67741  2.69355  4.24690  2.90347  2.73739  3.18146  2.89801  2.37887  2.77519  2.98518  4.58477  3.61503
          0.02734  4.00894  4.73129  0.61958  0.77255  0.48576  0.95510
     84   3.11588  4.48197  4.65928  4.19219  3.42159  4.34502  4.88442  1.02029  4.00675  1.92425  3.21811  4.42174  4.69131  4.31409  4.19862  3.74954  3.39317  1.74209  5.40104  4.16753    186 i - - -
          2.68618  4.42225  2.77519  2.73123  3.46354  2.40513  3.72494  3.29354  2.67741  2.69355  4.24690  2.90347  2.73739  3.18146  2.89801  2.37887  2.77519  2.98518  4.58477  3.61503
          0.02734  4.00894  4.73129  0.61958  0.77255  0.48576  0.95510
     85   2.29406  4.12249  3.46391  3.22273  4.18713  2.98985  4.25552  3.65622  3.21970  3.39264  4.29058  3.36347  3.74445  3.56468  3.49305  0.96807  2.77472  3.15927  5.57328  4.29864    187 s - - -
          2.68618  4.42225  2.77519  2.73123  3.46354  2.40513  3.72494  3.29354  2.67741  2.69355  4.24690  2.90347  2.73739  3.18146  2.89801  2.37887  2.77519  2.98518  4.58477  3.61503
          0.02734  4.00894  4.73129  0.61958  0.77255  0.48576  0.95510
     86   2.84279  4.60290  3.54436  3.46201  4.59841  0.54648  4.57233  4.23278  3.66173  3.86932  4.84741  3.70890  3.99833  3.97523  3.88123  3.01889  3.33466  3.73478  5.65586  4.70550    188 G - - -
          2.68618  4.42225  2.77519  2.73123  3.46354  2.40513  3.72494  3.29354  2.67741  2.69355  4.24690  2.90347  2.73739  3.18146  2.89801  2.37887  2.77519  2.98518  4.58477  3.61503
          0.02734  4.00894  4.73129  0.61958  0.77255  0.48576  0.95510
     87   2.88938  5.33319  2.26837  1.24098  4.61963  3.28432  3.72815  4.09922  2.57364  3.62148  4.46742  2.76136  3.85574  2.64141  3.08168  2.81096  3.15767  3.71161  5.78584  4.35287    189 e - - -
          2.68618  4.42225  2.77519  2.73123  3.46354  2.40513  3.72494  3.29354  2.67741  2.69355  4.24690  2.90347  2.73739  3.18146  2.89801  2.37887  2.77519  2.98518  4.58477  3.61503
          0.02734  4.00894  4.73129  0.61958  0.77255  0.48576  0.95510
     88   3.06670  5.00725  3.53720  2.97823  4.40172  3.61870  3.77133  3.86263  2.05915  3.36382  4.30978  3.34198  4.07368  2.95061  0.98096  3.11953  3.29523  3.56950  5.40634  4.23279    190 r - - -
          2.68618  4.42225  2.77519  2.73123  3.46354  2.40513  3.72494  3.29354  2.67741  2.69355  4.24690  2.90347  2.73739  3.18146  2.89801  2.37887  2.77519  2.98518  4.58477  3.61503
          0.02734  4.00894  4.73129  0.61958  0.77255  0.48576  0.95510
     89   2.54947  4.58928  2.89579  2.45794  4.10473  3.32282  3.37741  3.52276  2.46588  3.14105  3.96030  2.20643  3.79460  2.84143  2.88612  2.00264  2.78027  3.18782  5.36299  4.03117    191 s - - -
          2.68618  4.42225  2.77519  2.73123  3.46354  2.40513  3.72494  3.29354  2.67741  2.69355  4.24690  2.90347  2.73739  3.18146  2.89801  2.37887  2.77519  2.98518  4.58477  3.61503
          0.03174  4.00894  4.33631  0.61958  0.77255  0.48576  0.95510
     90   2.64861  4.57811  3.26828  2.68739  3.79708  3.50920  3.69588  3.08313  2.03406  2.78302  3.64421  3.11770  3.89865  2.90783  2.51507  2.74652  2.81954  2.11735  5.12067  3.86496    192 k - - -
          2.68618  4.42225  2.77519  2.73123  3.46354  2.40513  3.72494  3.29354  2.67741  2.69355  4.24690  2.90347  2.73739  3.18146  2.89801  2.37887  2.77519  2.98518  4.58477  3.61503
          0.02746  4.00466  4.72701  0.61958  0.77255  0.49022  0.94801
     91   3.07100  5.20406  2.55038  0.85108  4.56763  3.36289  3.96336  4.04802  2.86090  3.64467  4.61463  3.01488  3.97428  3.17738  3.28214  3.04101  3.37682  3.71888  5.71432  4.43870    193 e - - -
          2.68618  4.42225  2.77519  2.73123  3.46354  2.40513  3.72494  3.29354  2.67741  2.69355  4.24690  2.90347  2.73739  3.18146  2.89801  2.37887  2.77519  2.98518  4.58477  3.61503
          0.02746  4.00466  4.72701  0.61958  0.77255  0.49022  0.94801
     92   2.85280  5.12525  2.99844  2.43986  4.48960  3.50536  3.54312  3.89160  1.46458  3.29673  4.20024  2.88390  3.91146  2.29139  2.36470  2.82451  3.05549  3.53951  5.48093  4.20591    194 k - - -
          2.68618  4.42225  2.77519  2.73123  3.46354  2.40513  3.72494  3.29354  2.67741  2.69355  4.24690  2.90347  2.73739  3.18146  2.89801  2.37887  2.77519  2.98518  4.58477  3.61503
          0.02746  4.00466  4.72701  0.61958  0.77255  0.49022  0.94801
     93   3.00330  5.24196  2.40216  0.95022  4.58926  3.31862  3.88721  4.06216  2.79976  3.66081  4.58731  2.90795  3.92933  3.08489  3.25529  2.95480  3.30383  3.71003  5.75747  4.41486    195 e - - -
          2.68618  4.42225  2.77519  2.73123  3.46354  2.40513  3.72494  3.29354  2.67741  2.69355  4.24690  2.90347  2.73739  3.18146  2.89801  2.37887  2.77519  2.98518  4.58477  3.61503
          0.02746  4.00466  4.72701  0.61958  0.77255  0.49022  0.94801
     94   2.93208  5.51782  1.45397  1.57403  4.78951  3.19525  3.65001  4.31610  2.74782  3.80410  4.64489  2.68493  3.84114  2.86002  3.33683  2.81598  3.21420  3.88665  5.96090  4.45323    196 d - - -
          2.68618  4.42225  2.77519  2.73123  3.46354  2.40513  3.72494  3.29354  2.67741  2.69355  4.24690  2.90347  2.73739  3.18146  2.89801  2.37887  2.77519  2.98518  4.58477  3.61503
          0.02746  4.00466  4.72701  0.61958  0.77255  0.49022  0.94801
     95   2.76678  4.85455  3.21772  2.63251  4.12513  3.52750  3.63853  3.43312  1.42308  3.08103  3.39139  3.03546  3.91774  2.78254  2.43533  2.81327  2.98152  3.17228  5.29856  4.03322    197 k - - -
          2.68618  4.42225  2.77519  2.73123  3.46354  2.40513  3.72494  3.29354  2.67741  2.69355  4.24690  2.90347  2.73739  3.18146  2.89801  2.37887  2.77519  2.98518  4.58477  3.61503
          0.02746  4.00466  4.72701  0.61958  0.77255  0.49022  0.94801
     96   2.73291  5.05612  2.37397  2.26878  4.41412  3.24460  3.70460  3.86847  2.49048  3.42673  4.24932  1.64789  3.81752  2.80098  3.04336  2.61235  2.79966  3.48679  5.62198  4.23004    198 n - - -
          2.68618  4.42225  2.77519  2.73123  3.46354  2.40513  3.72494  3.29354  2.67741  2.69355  4.24690  2.90347  2.73739  3.18146  2.89801  2.37887  2.77519  2.98518  4.58477  3.61503
          0.02746  4.00466  4.72701  0.61958  0.77255  0.49022  0.94801
     97   2.97472  5.50693  1.11549  1.95634  4.81295  3.13511  3.80287  4.33250  2.85580  3.85573  4.72756  2.66926  3.85875  2.98068  3.45946  2.85970  3.27761  3.90982  6.01135  4.50336    199 d - - -
          2.68618  4.42225  2.77519  2.73123  3.46354  2.40513  3.72494  3.29354  2.67741  2.69355  4.24690  2.90347  2.73739  3.18146  2.89801  2.37887  2.77519  2.98518  4.58477  3.61503
          0.02746  4.00466  4.72701  0.61958  0.77255  0.49022  0.94801
     98   2.70100  4.86591  3.06114  2.55784  4.21853  3.45384  3.64780  3.59931  1.71731  3.17523  4.01781  3.03193  3.88119  2.71571  2.48786  2.76241  2.10839  3.27538  5.36968  4.09445    200 k - - -
          2.68618  4.42225  2.77519  2.73123  3.46354  2.40513  3.72494  3.29354  2.67741  2.69355  4.24690  2.90347  2.73739  3.18146  2.89801  2.37887  2.77519  2.98518  4.58477  3.61503
          0.02746  4.00466  4.72701  0.61958  0.77255  0.49022  0.94801
     99   3.21855  4.72079  4.02976  3.69608  2.85284  3.48148  3.96850  3.44395  3.40018  2.94512  4.07445  3.88224  4.27621  3.83070  3.49486  3.41723  3.52836  3.26579  0.86401  2.84916    201 w - - -
          2.68618  4.42225  2.77519  2.73123  3.46354  2.40513  3.72494  3.29354  2.67741  2.69355  4.24690  2.90347  2.73739  3.18146  2.89801  2.37887  2.77519  2.98518  4.58477  3.61503
          0.02746  4.00466  4.72701  0.61958  0.77255  0.49022  0.94801
    100   2.95442  4.89234  3.02863  2.79233  3.36146  3.48124  1.20653  3.76579  2.65632  3.28863  4.27127  3.10395  4.03037  3.18119  2.94151  3.00518  3.25533  3.46662  4.84331  3.29004    202 h - - -
          2.68618  4.42225  2.77519  2.73123  3.46354  2.40513  3.72494  3.29354  2.67741  2.69355  4.24690  2.90347  2.73739  3.18146  2.89801  2.37887  2.77519  2.98518  4.58477  3.61503
          0.02746  4.00466  4.72701  0.61958  0.77255  0.49022  0.94801
    101   3.01487  4.98357  3.49959  2.93065  4.28610  3.60916  3.72936  3.78577  2.06024  3.23019  4.22873  3.29772  4.05410  2.84661  1.07081  3.06702  3.24200  3.50466  5.35967  4.13802    203 r - - -
          2.68618  4.42225  2.77519  2.73123  3.46354  2.40513  3.72494  3.29354  2.67741  2.69355  4.24690  2.90347  2.73739  3.18146  2.89801  2.37887  2.77519  2.98518  4.58477  3.61503
          0.02746  4.00466  4.72701  0.61958  0.77255  0.48299  0.95956
    102   3.07860  4.41390  4.70545  4.18475  3.51702  4.39965  4.90423  1.61329  4.06227  2.00230  3.22912  4.43064  4.70400  4.33176  4.27408  3.76604  3.33754  1.04407  5.45730  4.25672    204 v - - -
          2.68618  4.42225  2.77519  2.73123  3.46354  2.40513  3.72494  3.29354  2.67741  2.69355  4.24690  2.90347  2.73739  3.18146  2.89801  2.37887  2.77519  2.98518  4.58477  3.61503
          0.02734  4.00894  4.73129  0.61958  0.77255  0.48576  0.95510
    103   3.07513  5.20863  2.55278  0.84586  4.57281  3.36597  3.96701  4.05407  2.86513  3.65010  4.62003  3.01790  3.97762  3.18105  3.28670  3.04479  3.38104  3.72455  5.71868  4.44326    205 e - - -
          2.68618  4.42225  2.77519  2.73123  3.46354  2.40513  3.72494  3.29354  2.67741  2.69355  4.24690  2.90347  2.73739  3.18146  2.89801  2.37887  2.77519  2.98518  4.58477  3.61503
          0.02734  4.00894  4.73129  0.61958  0.77255  0.48576  0.95510
    104   3.16435  4.99052  3.66941  3.15425  4.37990  3.62389  3.93071  3.93254  2.30286  3.42375  4.42191  3.50277  4.12122  3.14560  0.78875  3.24288  3.42190  3.65097  5.40847  4.27924    206 r - - -
          2.68618  4.42225  2.77519  2.73123  3.46354  2.40513  3.72494  3.29354  2.67741  2.69355  4.24690  2.90347  2.73739  3.18146  2.89801  2.37887  2.77519  2.98518  4.58477  3.61503
          0.02734  4.00894  4.73129  0.61958  0.77255  0.48576  0.95510
    105   2.27981  4.27388  3.20171  2.98240  4.30208  2.83626  4.14407  3.76941  3.07115  3.45077  4.29222  3.20327  3.72622  3.40511  3.32584  1.08358  2.78236  3.23934  5.63465  4.37112    207 s - - -
          2.68618  4.42225  2.77519  2.73123  3.46354  2.40513  3.72494  3.29354  2.67741  2.69355  4.24690  2.90347  2.73739  3.18146  2.89801  2.37887  2.77519  2.98518  4.58477  3.61503
          0.02734  4.00894  4.73129  0.61958  0.77255  0.48576  0.95510
    106   2.45805  4.13084  3.25135  2.75891  3.93033  3.25604  3.76141  3.32739  2.61007  2.99179  3.78188  3.14673  3.79927  3.03188  2.88340  1.50713  2.69906  2.98530  5.26516  3.99715    208 s - - -
          2.68618  4.42225  2.77519  2.73123  3.46354  2.40513  3.72494  3.29354  2.67741  2.69355  4.24690  2.90347  2.73739  3.18146  2.89801  2.37887  2.77519  2.98518  4.58477  3.61503
          0.02734  4.00894  4.73129  0.61958  0.77255  0.48576  0.95510
    107   2.53834  4.45203  3.36231  3.26314  4.47931  0.73725  4.42443  4.01111  3.46153  3.69800  4.63545  3.49676  3.88322  3.77047  3.72091  2.76240  3.08901  3.49955  5.67753  4.58044    209 g - - -
          2.68618  4.42225  2.77519  2.73123  3.46354  2.40513  3.72494  3.29354  2.67741  2.69355  4.24690  2.90347  2.73739  3.18146  2.89801  2.37887  2.77519  2.98518  4.58477  3.61503
          0.02734  4.00894  4.73129  0.61958  0.77255  0.48576  0.95510
    108   2.88783  5.08648  3.04895  2.58692  4.49450  3.43380  3.63617  3.88461  1.27164  3.37966  4.22640  3.04123  3.94537  2.57743  2.31547  2.79202  3.09270  3.54280  5.48130  4.23345    210 k - - -
          2.68618  4.42225  2.77519  2.73123  3.46354  2.40513  3.72494  3.29354  2.67741  2.69355  4.24690  2.90347  2.73739  3.18146  2.89801  2.37887  2.77519  2.98518  4.58477  3.61503
          0.02734  4.00894  4.73129  0.61958  0.77255  0.48576  0.95510
    109   3.40302  4.77874  4.42993  4.14987  0.87478  4.12282  3.90908  2.87767  4.03867  2.20277  3.58975  4.15068  4.55945  4.16679  4.13279  3.66852  3.69864  2.88254  4.11918  2.46326    211 f - - -
          2.68618  4.42225  2.77519  2.73123  3.46354  2.40513  3.72494  3.29354  2.67741  2.69355  4.24690  2.90347  2.73739  3.18146  2.89801  2.37887  2.77519  2.98518  4.58477  3.61503
          0.02734  4.00894  4.73129  0.61958  0.77255  0.48576  0.95510
    110   2.63458  4.18655  3.86679  3.29230  3.22866  3.71137  4.00571  2.34795  3.14732  1.65426  2.68833  3.59592  4.07574  3.38229  3.43417  2.82999  2.81332  2.20643  4.80649  3.61167    212 l - - -
          2.68618  4.42225  2.77519  2.73123  3.46354  2.40513  3.72494  3.29354  2.67741  2.69355  4.24690  2.90347  2.73739  3.18146  2.89801  2.37887  2.77519  2.98518  4.58477  3.61503
          0.02734  4.00894  4.73129  0.61958  0.77255  0.48576  0.95510
    111   3.16435  4.99052  3.66941  3.15425  4.37990  3.62389  3.93071  3.93254  2.30286  3.42375  4.42191  3.50277  4.12122  3.14560  0.78875  3.24288  3.42190  3.65097  5.40847  4.27924    213 r - - -
          2.68618  4.42225  2.77519  2.73123  3.46354  2.40513  3.72494  3.29354  2.67741  2.69355  4.24690  2.90347  2.73739  3.18146  2.89801  2.37887  2.77519  2.98518  4.58477  3.61503
          0.02734  4.00894  4.73129  0.61958  0.77255  0.48576  0.95510
    112   2.94783  5.00231  3.44212  2.78968  4.34104  3.62744  3.63011  3.74790  1.89831  3.25788  4.13230  3.19390  4.00729  2.76923  1.28074  2.87788  3.13725  3.44708  5.07993  4.14069    214 r - - -
          2.68618  4.42225  2.77519  2.73123  3.46354  2.40513  3.72494  3.29354  2.67741  2.69355  4.24690  2.90347  2.73739  3.18146  2.89801  2.37887  2.77519  2.98518  4.58477  3.61503
          0.02734  4.00894  4.73129  0.61958  0.77255  0.48576  0.95510
    113   3.39113  4.77016  4.43693  4.14432  0.90530  4.14150  3.89694  2.84468  4.02495  2.16005  3.55705  4.14354  4.56655  4.15213  4.12247  3.66013  3.68259  2.85234  4.10637  2.44850    215 f - - -
          2.68618  4.42225  2.77519  2.73123  3.46354  2.40513  3.72494  3.29354  2.67741  2.69355  4.24690  2.90347  2.73739  3.18146  2.89801  2.37887  2.77519  2.98518  4.58477  3.61503
          0.02734  4.00894  4.73129  0.61958  0.77255  0.48576  0.95510
    114   2.98718  5.05822  3.48869  2.79478  4.39531  3.66393  3.61239  3.78978  1.79458  3.27706  4.14980  3.19915  4.02096  2.70000  1.29775  3.00611  3.15842  3.49184  4.93037  4.16328    216 r - - -
          2.68618  4.42225  2.77519  2.73123  3.46354  2.40513  3.72494  3.29354  2.67741  2.69355  4.24690  2.90347  2.73739  3.18146  2.89801  2.37887  2.77519  2.98518  4.58477  3.61503
          0.02734  4.00894  4.73129  0.61958  0.77255  0.48576  0.95510
    115   3.27637  4.69061  4.57144  4.08774  3.08229  4.35886  4.68856  2.23259  3.82315  0.82457  2.85957  4.36248  4.65102  4.11477  3.98874  3.76565  3.53107  2.32850  5.11279  3.90091    217 l - - -
          2.68618  4.42225  2.77519  2.73123  3.46354  2.40513  3.72494  3.29354  2.67741  2.69355  4.24690  2.90347  2.73739  3.18146  2.89801  2.37887  2.77519  2.98518  4.58477  3.61503
          0.02734  4.00894  4.73129  0.61958  0.77255  0.48576  0.95510
    116   2.64599  4.50557  3.34427  3.17635  4.24832  3.21087  4.29601  3.71335  3.23200  3.37773  4.39414  3.45960  0.88511  3.61865  3.50197  2.81020  3.01944  3.33175  5.54744  4.36668    218 p - - -
          2.68618  4.42225  2.77519  2.73123  3.46354  2.40513  3.72494  3.29354  2.67741  2.69355  4.24690  2.90347  2.73739  3.18146  2.89801  2.37887  2.77519  2.98518  4.58477  3.61503
          0.02734  4.00894  4.73129  0.61958  0.77255  0.48576  0.95510
    117   2.88704  5.36154  2.17371  1.19344  4.65757  3.22626  3.74628  4.13657  2.62044  3.66785  4.51627  2.74014  3.85204  2.86892  3.18754  2.81374  3.17650  3.74145  5.83845  4.38616    219 e - - -
          2.68618  4.42225  2.77519  2.73123  3.46354  2.40513  3.72494  3.29354  2.67741  2.69355  4.24690  2.90347  2.73739  3.18146  2.89801  2.37887  2.77519  2.98518  4.58477  3.61503
          0.02734  4.00894  4.73129  0.61958  0.77255  0.48576  0.95510
    118   2.83021  5.07926  2.24956  2.31321  4.45281  3.23549  3.84684  4.04384  2.80524  3.63302  4.51071  1.23440  3.86399  3.04762  3.29056  2.80900  3.16173  3.63922  5.71418  4.28926    220 n - - -
          2.68618  4.42225  2.77519  2.73123  3.46354  2.40513  3.72494  3.29354  2.67741  2.69355  4.24690  2.90347  2.73739  3.18146  2.89801  2.37887  2.77519  2.98518  4.58477  3.61503
          0.02734  4.00894  4.73129  0.61958  0.77255  0.48576  0.95510
    119   1.32733  4.18972  3.76173  3.36048  3.88417  3.21480  4.28122  2.70611  3.29455  2.77863  3.79719  3.51778  3.88494  3.60695  3.57561  2.63773  2.68442  2.00878  5.41350  4.20174    221 a - - -
          2.68618  4.42225  2.77519  2.73123  3.46354  2.40513  3.72494  3.29354  2.67741  2.69355  4.24690  2.90347  2.73739  3.18146  2.89801  2.37887  2.77519  2.98518  4.58477  3.61503
          0.02734  4.00894  4.73129  0.61958  0.77255  0.48576  0.95510
    120   3.00059  5.07535  3.19586  2.75004  4.48398  3.55624  3.70703  3.90335  1.04375  3.41754  4.31851  3.13362  4.01458  2.86768  2.27439  3.01558  3.22515  3.58263  5.47041  4.25071    222 k - - -
          2.68618  4.42225  2.77519  2.73123  3.46354  2.40513  3.72494  3.29354  2.67741  2.69355  4.24690  2.90347  2.73739  3.18146  2.89801  2.37887  2.77519  2.98518  4.58477  3.61503
          0.02734  4.00894  4.73129  0.61958  0.77255  0.48576  0.95510
    121   2.64417  4.19831  3.93692  3.36651  3.24038  3.76132  4.08242  2.26904  3.27209  2.05775  2.32766  3.66401  3.89856  3.53415  3.52616  3.04659  2.57304  1.87951  4.86858  3.67496    223 v - - -
          2.68618  4.42225  2.77519  2.73123  3.46354  2.40513  3.72494  3.29354  2.67741  2.69355  4.24690  2.90347  2.73739  3.18146  2.89801  2.37887  2.77519  2.98518  4.58477  3.61503
          0.02734  4.00894  4.73129  0.61958  0.77255  0.48576  0.95510
    122   2.95947  5.55207  1.31156  1.68286  4.83714  3.15752  3.77242  4.36311  2.80235  3.85574  4.70713  2.60317  3.84877  2.93924  3.40858  2.83700  3.25020  3.92909  6.01428  4.49453    224 d - - -
          2.68618  4.42225  2.77519  2.73123  3.46354  2.40513  3.72494  3.29354  2.67741  2.69355  4.24690  2.90347  2.73739  3.18146  2.89801  2.37887  2.77519  2.98518  4.58477  3.61503
          0.02734  4.00894  4.73129  0.61958  0.77255  0.48576  0.95510
    123   2.72611  5.11532  2.65885  1.88830  4.42690  3.37431  3.49967  3.87726  2.29494  3.39542  4.20238  2.82867  3.83619  1.90007  2.71940  2.72672  2.99544  3.50537  5.53350  4.18468    225 e - - -
          2.68618  4.42225  2.77519  2.73123  3.46354  2.40513  3.72494  3.29354  2.67741  2.69355  4.24690  2.90347  2.73739  3.18146  2.89801  2.37887  2.77519  2.98518  4.58477  3.61503
          0.02734  4.00894  4.73129  0.61958  0.77255  0.48576  0.95510
    124   2.97485  4.36239  4.56924  4.06176  3.53292  4.25195  4.77537  1.58061  3.93616  2.11356  3.37667  4.29661  4.59860  4.22098  4.15238  3.62075  3.26311  1.08665  5.38361  4.17863    226 v - - -
          2.68618  4.42225  2.77519  2.73123  3.46354  2.40513  3.72494  3.29354  2.67741  2.69355  4.24690  2.90347  2.73739  3.18146  2.89801  2.37887  2.77519  2.98518  4.58477  3.61503
          0.02734  4.00894  4.73129  0.61958  0.77255  0.48576  0.95510
    125   2.88190  5.01144  3.17815  2.63911  4.42411  3.53587  3.63590  3.79824  1.23231  3.32097  4.14529  3.07763  3.95175  2.78262  2.25019  2.83244  3.02059  3.47055  5.41878  4.19706    227 k - - -
          2.68618  4.42225  2.77519  2.73123  3.46354  2.40513  3.72494  3.29354  2.67741  2.69355  4.24690  2.90347  2.73739  3.18146  2.89801  2.37887  2.77519  2.98518  4.58477  3.61503
          0.02734  4.00894  4.73129  0.61958  0.77255  0.48576  0.95510
    126   0.96810  4.21940  3.52175  3.27410  4.07854  3.06363  4.27957  3.25553  3.25934  3.11855  4.10296  3.42008  3.79681  3.60335  3.52241  2.54790  2.82350  2.89206  5.50558  4.28367    228 a - - -
          2.68618  4.42225  2.77519  2.73123  3.46354  2.40513  3.72494  3.29354  2.67741  2.69355  4.24690  2.90347  2.73739  3.18146  2.89801  2.37887  2.77519  2.98518  4.58477  3.61503
          0.02734  4.00894  4.73129  0.61958  0.77255  0.48576  0.95510
    127   2.00834  4.12753  3.29609  2.84406  4.10464  2.51411  3.94361  3.51834  2.83146  3.17386  3.99464  2.95537  3.72158  3.16456  3.23180  1.67198  2.56090  3.08242  5.41446  4.17179    229 s - - -
          2.68618  4.42225  2.77519  2.73123  3.46354  2.40513  3.72494  3.29354  2.67741  2.69355  4.24690  2.90347  2.73739  3.18146  2.89801  2.37887  2.77519  2.98518  4.58477  3.61503
          0.02734  4.00894  4.73129  0.61958  0.77255  0.48576  0.95510
    128   3.03252  4.51136  4.28568  3.74812  3.14193  4.10677  4.42075  2.27143  3.52841  1.58084  1.51699  4.04238  4.43054  3.83642  3.73934  3.44691  3.27994  2.28646  5.02420  3.83323    230 m - - -
          2.68618  4.42225  2.77519  2.73123  3.46354  2.40513  3.72494  3.29354  2.67741  2.69355  4.24690  2.90347  2.73739  3.18146  2.89801  2.37887  2.77519  2.98518  4.58477  3.61503
          0.02734  4.00894  4.73129  0.61958  0.77255  0.48576  0.95510
    129   2.89316  5.17084  2.39188  1.11294  4.47251  3.29765  3.79320  3.93136  2.66673  3.53668  4.43146  2.84706  3.88289  2.97797  3.11786  2.85106  3.18270  3.58248  5.67562  4.29702    231 e - - -
          2.68618  4.42225  2.77519  2.73123  3.46354  2.40513  3.72494  3.29354  2.67741  2.69355  4.24690  2.90347  2.73739  3.18146  2.89801  2.37887  2.77519  2.98518  4.58477  3.61503
          0.02734  4.00894  4.73129  0.61958  0.77255  0.48576  0.95510
    130   2.76629  4.95913  2.46222  2.36577  4.20957  3.26272  3.67839  3.88060  2.66235  3.46299  4.32971  1.34342  3.85349  2.99085  3.09163  2.76794  3.08138  3.50137  5.50114  4.08176    232 n - - -
          2.68618  4.42225  2.77519  2.73123  3.46354  2.40513  3.72494  3.29354  2.67741  2.69355  4.24690  2.90347  2.73739  3.18146  2.89801  2.37887  2.77519  2.98518  4.58477  3.61503
          0.02734  4.00894  4.73129  0.61958  0.77255  0.48576  0.95510
    131   2.51750  4.40215  3.26918  3.13451  4.31056  0.86670  4.28561  3.86446  3.28078  3.55435  4.47025  3.38754  3.83805  3.61369  3.56052  2.68045  2.99816  3.38098  5.56236  4.38877    233 g - - -
          2.68618  4.42225  2.77519  2.73123  3.46354  2.40513  3.72494  3.29354  2.67741  2.69355  4.24690  2.90347  2.73739  3.18146  2.89801  2.37887  2.77519  2.98518  4.58477  3.61503
          0.02734  4.00894  4.73129  0.61958  0.77255  0.48576  0.95510
    132   2.84796  4.36201  4.25415  3.85412  3.55994  3.86968  4.61565  1.99626  3.69200  2.26092  3.50589  4.04550  4.38181  4.04695  3.91119  3.30048  3.18460  0.98875  5.34419  4.07021    234 v - - -
          2.68618  4.42225  2.77519  2.73123  3.46354  2.40513  3.72494  3.29354  2.67741  2.69355  4.24690  2.90347  2.73739  3.18146  2.89801  2.37887  2.77519  2.98518  4.58477  3.61503
          0.02734  4.00894  4.73129  0.61958  0.77255  0.48576  0.95510
    133   3.15183  4.62945  4.27035  3.86341  3.12413  4.09365  4.49031  2.35499  3.60440  0.85876  3.12905  4.12734  4.48801  3.96436  3.78600  3.55104  3.43404  2.40100  5.01922  3.73579    235 l - - -
          2.68618  4.42225  2.77519  2.73123  3.46354  2.40513  3.72494  3.29354  2.67741  2.69355  4.24690  2.90347  2.73739  3.18146  2.89801  2.37887  2.77519  2.98518  4.58477  3.61503
          0.02734  4.00894  4.73129  0.61958  0.77255  0.48576  0.95510
    134   2.47641  4.41300  3.17381  2.78389  3.95749  3.23521  3.87917  3.25485  2.64650  3.02331  3.89113  2.99702  3.81216  3.11840  3.05651  2.52540  1.49094  2.96825  5.29420  4.03984    236 t - - -
          2.68618  4.42225  2.77519  2.73123  3.46354  2.40513  3.72494  3.29354  2.67741  2.69355  4.24690  2.90347  2.73739  3.18146  2.89801  2.37887  2.77519  2.98518  4.58477  3.61503
          0.02734  4.00894  4.73129  0.61958  0.77255  0.48576  0.95510
    135   2.87680  4.36515  4.31119  3.88295  3.54657  3.94021  4.63538  1.93722  3.71809  2.22509  3.47338  4.08575  4.42214  4.06545  3.93986  3.35589  3.19908  0.99760  5.34575  4.08022    237 v - - -
          2.68618  4.42225  2.77519  2.73123  3.46354  2.40513  3.72494  3.29354  2.67741  2.69355  4.24690  2.90347  2.73739  3.18146  2.89801  2.37887  2.77519  2.98518  4.58477  3.61503
          0.02734  4.00894  4.73129  0.61958  0.77255  0.48576  0.95510
    136   2.50831  4.31583  3.43955  2.90960  3.63474  3.39641  3.87918  2.74519  2.81534  2.65588  3.40701  3.27947  3.88332  3.16798  3.13380  2.53978  1.71053  2.53765  5.06647  3.82893    238 t - - -
          2.68618  4.42225  2.77519  2.73123  3.46354  2.40513  3.72494  3.29354  2.67741  2.69355  4.24690  2.90347  2.73739  3.18146  2.89801  2.37887  2.77519  2.98518  4.58477  3.61503
          0.02734  4.00894  4.73129  0.61958  0.77255  0.48576  0.95510
    137   2.92805  4.37327  4.39293  3.92445  3.52323  4.05950  4.66387  1.85898  3.76164  2.15370  3.42403  4.14946  4.48713  4.09453  3.98662  3.45236  3.22602  1.01405  5.34267  4.09230    239 v - - -
          2.68618  4.42225  2.77519  2.73123  3.46354  2.40513  3.72494  3.29354  2.67741  2.69355  4.24690  2.90347  2.73739  3.18146  2.89801  2.37887  2.77519  2.98518  4.58477  3.61503
          0.02734  4.00894  4.73129  0.61958  0.77255  0.48576  0.95510
    138   2.56571  4.45718  3.27653  2.96836  3.83826  3.26382  4.01934  3.28028  2.88404  2.75700  3.97267  3.30034  1.33921  3.31297  3.18568  2.72268  2.95494  2.99379  5.27243  3.95621    240 p - - -
          2.68618  4.42225  2.77519  2.73123  3.46354  2.40513  3.72494  3.29354  2.67741  2.69355  4.24690  2.90347  2.73739  3.18146  2.89801  2.37887  2.77519  2.98518  4.58477  3.61503
          0.02734  4.00894  4.73129  0.61958  0.77255  0.48576  0.95510
    139   2.93512  4.99584  3.18750  2.73569  4.38380  3.52991  3.70330  3.76784  1.09792  3.32501  4.23821  3.15893  3.99020  2.86825  2.33817  2.96355  3.12783  3.46233  5.42644  4.19883    241 k - - -
          2.68618  4.42225  2.77519  2.73121  3.46354  2.40513  3.72495  3.29354  2.67741  2.69355  4.24690  2.90347  2.73740  3.18146  2.89801  2.37887  2.77520  2.98516  4.58477  3.61503
          0.04769  3.27656  4.73129  0.54173  0.87166  0.48576  0.95510
    140   2.37245  4.83157  2.91987  1.95424  4.09635  3.39511  3.60219  3.51101  2.23947  3.08582  3.80406  2.91856  3.79612  2.60678  2.80611  2.60722  2.81248  2.92835  5.31969  3.98902    243 e - - -
          2.68618  4.42225  2.77519  2.73123  3.46354  2.40513  3.72494  3.29354  2.67741  2.69355  4.24690  2.90347  2.73739  3.18146  2.89801  2.37887  2.77519  2.98518  4.58477  3.61503
          0.02734  4.00894  4.73129  0.61958  0.77255  0.48576  0.95510
    141   2.70854  5.14716  2.35816  1.35463  4.47184  3.28708  3.69512  3.92354  2.54452  3.47708  4.29799  2.78705  3.54014  2.83486  3.05651  2.72976  2.99056  3.54348  5.64936  4.25545    244 e - - -
          2.68617  4.42225  2.77520  2.73123  3.46354  2.40513  3.72495  3.29354  2.67741  2.69355  4.24690  2.90346  2.73740  3.18146  2.89801  2.37887  2.77520  2.98518  4.58477  3.61503
          0.04834  3.48780  4.09700  0.56783  0.83644  0.48576  0.95510
    142   2.37169  4.44967  3.15877  2.46742  3.63215  3.41097  3.71232  2.91882  2.56874  2.67015  3.52526  3.11468  3.61055  2.91829  3.01987  2.70637  2.78631  2.10538  5.01622  3.75542    246 v - - -
          2.68618  4.42225  2.77519  2.73123  3.46354  2.40513  3.72494  3.29354  2.67741  2.69355  4.24690  2.90347  2.73739  3.18146  2.89801  2.37887  2.77519  2.98518  4.58477  3.61503
          0.02756  4.00110  4.72345  0.61958  0.77255  0.49390  0.94222
    143   2.92320  5.07290  3.10258  2.59638  4.47440  3.53712  3.63227  3.86756  1.20668  3.36829  4.22195  2.99307  3.95941  2.76030  2.25650  2.89628  3.12923  3.53694  5.44258  4.21823    247 k - - -
          2.68618  4.42225  2.77519  2.73123  3.46354  2.40513  3.72494  3.29354  2.67741  2.69355  4.24690  2.90347  2.73739  3.18146  2.89801  2.37887  2.77519  2.98518  4.58477  3.61503
          0.02756  4.00110  4.72345  0.61958  0.77255  0.49390  0.94222
    144   2.96067  5.08103  3.30348  2.71527  4.50204  3.59746  3.61720  3.87740  1.19482  3.35914  4.21798  3.12004  3.92172  2.75891  2.02995  2.96423  3.15006  3.55465  5.41859  4.22488    248 k - - -
          2.68618  4.42225  2.77519  2.73123  3.46354  2.40513  3.72494  3.29354  2.67741  2.69355  4.24690  2.90347  2.73739  3.18146  2.89801  2.37887  2.77519  2.98518  4.58477  3.61503
          0.02756  4.00110  4.72345  0.61958  0.77255  0.49390  0.94222
    145   2.15595  4.22940  3.24388  2.85874  4.02534  3.13535  3.81369  3.41716  2.82229  3.10522  3.96542  3.18630  1.64325  3.19162  3.16860  2.50382  2.73591  3.02958  5.36300  4.11280    249 p - - -
          2.68618  4.42225  2.77519  2.73123  3.46354  2.40513  3.72494  3.29354  2.67741  2.69355  4.24690  2.90347  2.73739  3.18146  2.89801  2.37887  2.77519  2.98518  4.58477  3.61503
          0.02756  4.00110  4.72345  0.61958  0.77255  0.49390  0.94222
    146   2.73784  5.30166  1.69366  1.75071  4.60234  3.22464  3.65842  4.09568  2.52253  3.58378  4.39968  2.73166  3.80824  2.63047  3.10548  2.72315  3.02397  3.68247  5.74016  4.30574    250 d - - -
          2.68618  4.42225  2.77519  2.73123  3.46354  2.40513  3.72494  3.29352  2.67741  2.69355  4.24690  2.90347  2.73739  3.18146  2.89801  2.37887  2.77519  2.98518  4.58477  3.61503
          0.03210  3.78515  4.72345  0.60027  0.79554  0.48071  0.96324
    147   2.51188  4.27592  4.20321  3.69428  3.57255  3.88828  4.46908  1.86657  3.58441  2.30955  3.45260  3.94147  4.32666  3.88656  3.83581  3.19825  3.03040  1.18624  5.26384  4.05294    252 v - - -
          2.68619  4.42226  2.77520  2.73124  3.46355  2.40513  3.72495  3.29355  2.67729  2.69356  4.24690  2.90347  2.73740  3.18147  2.89801  2.37887  2.77520  2.98519  4.58478  3.61504
          0.08754  2.63205  4.43219  0.44502  1.02391  0.48576  0.95510
    148   2.95809  5.07293  3.17162  2.68913  4.46874  3.55716  3.65100  3.87300  1.14244  3.36977  4.24716  3.12291  3.98719  2.74769  2.23119  2.92637  3.16747  3.55118  5.44326  4.22099    254 k - - -
          2.68618  4.42225  2.77519  2.73123  3.46354  2.40513  3.72494  3.29354  2.67741  2.69355  4.24690  2.90347  2.73739  3.18146  2.89801  2.37887  2.77519  2.98518  4.58477  3.61503
          0.02742  4.00586  4.72821  0.61958  0.77255  0.48898  0.94999
    149   1.72956  4.35948  3.12749  2.77228  4.03624  3.13377  3.89923  3.42734  2.80085  3.05576  3.93345  3.08445  3.55007  3.11978  3.19693  1.93156  2.43877  3.01820  5.37293  4.08139    255 a - - -
          2.68618  4.42225  2.77519  2.73123  3.46354  2.40513  3.72494  3.29354  2.67741  2.69355  4.24690  2.90347  2.73739  3.18146  2.89801  2.37887  2.77519  2.98518  4.58477  3.61503
          0.03095  4.00586  4.40075  0.61958  0.77255  0.48898  0.94999
    150   2.92738  4.34696  4.43126  3.93316  3.49655  4.11021  4.64838  1.16511  3.78977  2.12252  3.37545  4.16545  4.49991  4.09348  4.00862  3.28765  3.20552  1.62890  5.31149  4.08029    256 i - - -
          2.68618  4.42225  2.77519  2.73123  3.46354  2.40513  3.72494  3.29354  2.67741  2.69355  4.24690  2.90347  2.73739  3.18146  2.89801  2.37887  2.77519  2.98518  4.58477  3.61503
          0.02752  4.00243  4.72478  0.61958  0.77255  0.48852  0.95071
    151   2.78687  5.29727  2.08133  1.56840  4.59721  3.28767  3.64175  4.08583  2.49395  3.57983  4.37716  2.70479  3.81071  2.43835  2.91987  2.71314  3.04104  3.66958  5.73341  4.29183    257 e - - -
          2.68614  4.42226  2.77520  2.73124  3.46355  2.40513  3.72495  3.29355  2.67739  2.69353  4.24690  2.90347  2.73740  3.18147  2.89801  2.37886  2.77520  2.98519  4.58478  3.61504
          0.03861  3.53969  4.72715  0.76994  0.62183  0.49007  0.94825
    152   3.05252  4.16408  4.67895  4.16337  3.36280  4.31287  4.81835  1.06933  4.02136  1.94311  3.28726  4.38125  4.64657  4.28183  4.21608  3.68612  3.32037  1.70646  5.34388  4.11607    263 i - - -
          2.68618  4.42225  2.77519  2.73123  3.46354  2.40513  3.72494  3.29354  2.67741  2.69355  4.24690  2.90347  2.73739  3.18146  2.89801  2.37887  2.77519  2.98518  4.58477  3.61503
          0.02745  4.00481  4.72715  0.61958  0.77255  0.49007  0.94825
    153   2.32906  4.37398  3.12194  2.79669  4.07393  3.10815  3.90145  3.56017  2.83791  3.22326  4.06866  3.11212  3.66650  3.10192  3.20079  1.31775  2.62093  3.13391  5.46683  4.19277    264 s - - -
          2.68618  4.42225  2.77519  2.73123  3.46354  2.40513  3.72494  3.29354  2.67741  2.69355  4.24690  2.90347  2.73739  3.18146  2.89801  2.37887  2.77519  2.98518  4.58477  3.61503
          0.04414  4.00481  3.69084  0.61958  0.77255  0.49007  0.94825
    154   2.35220  4.43844  2.81133  2.62179  4.32928  1.35154  4.00967  3.71512  2.94655  3.40326  4.25488  3.06890  3.75332  3.24026  3.33025  2.50897  2.74172  3.25176  5.64288  4.35613    265 g - - -
          2.68619  4.42228  2.77519  2.73125  3.46356  2.40514  3.72481  3.29357  2.67743  2.69357  4.24692  2.90346  2.73739  3.18144  2.89798  2.37884  2.77516  2.98521  4.58472  3.61506
          0.06685  2.73848        *  0.91132  0.51415  0.00000        *
//
