HMMER3/f [3.1b2 | February 2015]
NAME  Mafft_Group_6
LENG  197
ALPH  amino
RF    no
MM    no
CONS  yes
CS    no
MAP   yes
DATE  Fri Oct 14 16:29:44 2016
NSEQ  61
EFFN  1.358948
CKSUM 100519477
STATS LOCAL MSV      -10.7317  0.70554
STATS LOCAL VITERBI  -11.6573  0.70554
STATS LOCAL FORWARD   -5.1036  0.70554
HMM          A        C        D        E        F        G        H        I        K        L        M        N        P        Q        R        S        T        V        W        Y   
            m->m     m->i     m->d     i->m     i->i     d->m     d->d
  COMPO   2.59279  4.51446  2.89588  2.67063  3.38120  2.81658  3.66860  2.91549  2.64616  2.49418  3.74516  3.06752  3.05266  3.12829  2.83316  2.61285  2.81330  2.55265  4.64444  3.81924
          2.68591  4.42235  2.77490  2.73133  3.46364  2.40522  3.72504  3.29364  2.67751  2.69365  4.24527  2.90356  2.73749  3.18156  2.89810  2.37870  2.77529  2.98528  4.58487  3.61513
          0.52767  1.76910  1.42905  1.15523  0.37831  0.00000        *
      1   3.06947  4.52145  4.31311  3.77958  3.03613  4.17275  4.46842  2.14919  3.57336  1.18913  2.24070  4.09459  4.45834  3.85851  3.78175  3.52060  3.30985  2.21158  5.01226  3.83332      5 l - - -
          2.68618  4.42225  2.77519  2.73123  3.46354  2.40513  3.72494  3.29354  2.67741  2.69355  4.24690  2.90347  2.73739  3.18146  2.89801  2.37887  2.77519  2.98518  4.58477  3.61503
          0.03384  3.79887  4.52121  0.61958  0.77255  0.56058  0.84601
      2   3.06245  4.46617  4.47391  3.91692  2.86749  4.23935  4.52629  1.86617  3.79339  1.55915  1.78488  4.19412  4.50284  3.98104  3.97950  3.56374  3.29392  2.15606  5.00645  3.83753      6 l - - -
          2.68618  4.42225  2.77519  2.73123  3.46354  2.40513  3.72494  3.29354  2.67741  2.69355  4.24690  2.90347  2.73739  3.18146  2.89801  2.37887  2.77519  2.98518  4.58477  3.61503
          0.03017  3.91164  4.63399  0.61958  0.77255  0.62883  0.76188
      3   2.70399  5.12582  2.21180  1.68554  4.40642  3.27624  3.35938  3.87612  2.46595  3.26066  4.21039  2.63627  3.77475  2.76122  2.97070  2.65682  2.81705  3.48944  5.58638  4.17267      7 e - - -
          2.68618  4.42225  2.77519  2.73123  3.46354  2.40513  3.72494  3.29354  2.67741  2.69355  4.24690  2.90347  2.73739  3.18146  2.89801  2.37887  2.77519  2.98518  4.58477  3.61503
          0.08114  3.91164  2.84858  0.61958  0.77255  0.62883  0.76188
      4   2.53125  4.22658  3.52415  3.00588  3.40203  3.19469  3.88572  2.35346  2.90423  1.93471  3.38958  3.35443  3.92521  3.24221  3.21376  2.46817  2.80611  2.38980  4.90290  3.65643      8 l - - -
          2.68618  4.42225  2.77519  2.73123  3.46354  2.40513  3.72494  3.29354  2.67741  2.69355  4.24690  2.90347  2.73739  3.18146  2.89801  2.37887  2.77519  2.98518  4.58477  3.61503
          0.03173  3.86223  4.58458  0.61958  0.77255  0.66775  0.71921
      5   2.57731  4.45893  3.14618  2.65937  2.75694  3.43886  3.66438  3.03282  2.65043  2.69904  3.59306  2.35593  3.65858  2.98194  3.04200  2.61346  2.82453  2.78001  4.80257  3.15179      9 n - - -
          2.68562  4.42423  2.77620  2.73202  3.46204  2.40542  3.72538  3.29246  2.67738  2.69126  4.24888  2.90337  2.73899  3.18250  2.89707  2.37909  2.77554  2.98521  4.57709  3.61593
          0.48164  1.22412  2.42796  3.66394  0.02597  0.60989  0.78398
      6   2.38716  4.24841  3.36147  2.88049  3.71263  3.22193  3.88611  2.72668  2.80132  2.64980  3.65668  3.21644  3.78413  3.15766  3.14560  1.87080  2.44180  2.52638  5.14776  3.89187     83 s - - -
          2.68618  4.42225  2.77519  2.73123  3.46354  2.40513  3.72494  3.29354  2.67741  2.69355  4.24690  2.90347  2.73739  3.18146  2.89801  2.37887  2.77519  2.98518  4.58477  3.61503
          0.03298  3.82405  4.54639  0.61958  0.77255  0.66090  0.72647
      7   2.47547  4.75466  2.78582  2.42730  4.12743  2.31487  3.35920  3.55185  2.04907  3.14697  3.98803  2.91868  3.79064  2.82319  2.74204  2.65916  2.89031  3.21089  5.35497  4.04275     84 k - - -
          2.68618  4.42225  2.77519  2.73123  3.46354  2.40513  3.72494  3.29354  2.67741  2.69355  4.24690  2.90347  2.73739  3.18146  2.89801  2.37887  2.77519  2.98518  4.58477  3.61503
          0.06013  3.84870  3.29558  0.61958  0.77255  0.67782  0.70871
      8   2.58771  4.19442  3.70347  3.16038  3.10267  3.60589  3.96203  2.28101  3.06831  2.23803  3.32230  3.36074  4.01750  3.37338  3.36309  2.73340  2.84735  1.71547  4.85191  3.58104     85 v - - -
          2.68618  4.42225  2.77519  2.73123  3.46354  2.40513  3.72494  3.29354  2.67741  2.69355  4.24690  2.90347  2.73739  3.18146  2.89801  2.37887  2.77519  2.98518  4.58477  3.61503
          0.03306  3.82164  4.54398  0.61958  0.77255  0.65931  0.72817
      9   2.55373  4.96272  2.55904  1.79490  4.27285  3.28396  3.61475  3.70600  2.32078  3.26979  4.09003  2.80131  3.26301  2.68361  2.85499  2.51251  2.91770  3.34765  5.47221  4.10712     86 e - - -
          2.68618  4.42225  2.77519  2.73123  3.46354  2.40513  3.72494  3.29354  2.67741  2.69355  4.24690  2.90347  2.73739  3.18146  2.89801  2.37887  2.77519  2.98518  4.58477  3.61503
          0.03217  3.84870  4.57105  0.61958  0.77255  0.67782  0.70871
     10   2.87547  4.34862  4.15205  3.60581  2.77280  3.98079  4.22866  2.03126  3.48340  1.35516  3.05921  3.89021  4.30800  3.73112  3.71172  3.13468  3.11539  2.13745  4.82566  3.53361     87 l - - -
          2.68618  4.42225  2.77519  2.73123  3.46354  2.40513  3.72494  3.29354  2.67741  2.69355  4.24690  2.90347  2.73739  3.18146  2.89801  2.37887  2.77519  2.98518  4.58477  3.61503
          0.03217  3.84870  4.57105  0.61958  0.77255  0.67782  0.70871
     11   2.74783  4.25531  3.95758  3.27729  3.21501  3.84670  4.12700  1.69423  3.26785  1.86784  3.17800  3.71598  4.19255  3.56763  3.52315  3.14126  2.98377  1.99290  4.88750  3.36751     88 i - - -
          2.68618  4.42225  2.77519  2.73123  3.46354  2.40513  3.72494  3.29354  2.67741  2.69355  4.24690  2.90347  2.73739  3.18146  2.89801  2.37887  2.77519  2.98518  4.58477  3.61503
          0.03217  3.84870  4.57105  0.61958  0.77255  0.67782  0.70871
     12   3.09965  4.47853  4.53012  3.98062  2.94598  4.31831  4.61984  1.82541  3.86312  1.17688  2.94524  4.26921  4.56522  4.05417  4.05744  3.65227  3.33364  1.90829  5.07764  3.90139     89 l - - -
          2.68618  4.42225  2.77519  2.73123  3.46354  2.40513  3.72494  3.29354  2.67741  2.69355  4.24690  2.90347  2.73739  3.18146  2.89801  2.37887  2.77519  2.98518  4.58477  3.61503
          0.03217  3.84870  4.57105  0.61958  0.77255  0.67782  0.70871
     13   2.46256  4.46045  3.00515  2.61603  3.90918  3.20713  3.75781  3.22414  2.57624  3.00419  3.86937  2.93698  3.75865  2.76131  2.94263  1.72538  2.79330  2.91622  5.24631  3.94079     90 s - - -
          2.68675  4.42297  2.77591  2.73114  3.46425  2.40524  3.72347  3.29332  2.67704  2.69246  4.24588  2.90373  2.73724  3.17980  2.89827  2.37958  2.77546  2.98535  4.58548  3.61461
          0.45338  1.07861  3.71093  2.56892  0.07971  0.67782  0.70871
     14   2.55950  4.24745  3.75081  3.21325  1.98666  3.66381  3.69947  2.69457  3.10442  2.26849  3.33917  3.10685  4.04112  3.37311  3.36432  2.94924  2.91469  2.51099  3.69494  2.78181    117 f - - -
          2.68618  4.42225  2.77519  2.73123  3.46354  2.40513  3.72494  3.29354  2.67741  2.69355  4.24690  2.90347  2.73739  3.18146  2.89801  2.37887  2.77519  2.98518  4.58477  3.61503
          0.06946  3.83449  3.09024  0.61958  0.77255  0.68815  0.69817
     15   2.48677  3.31056  3.93572  3.42776  3.44924  3.45641  4.17426  2.22950  3.29989  2.29478  3.40782  3.61961  3.99290  3.59983  3.54628  2.66933  2.82383  1.54856  5.03798  3.80973    118 v - - -
          2.68618  4.42225  2.77519  2.73123  3.46354  2.40513  3.72494  3.29354  2.67741  2.69355  4.24690  2.90347  2.73739  3.18146  2.89801  2.37887  2.77519  2.98518  4.58477  3.61503
          0.03384  3.79887  4.52121  0.61958  0.77255  0.71297  0.67371
     16   2.42005  4.27353  3.30470  2.80394  3.30299  3.27771  3.80384  2.80857  2.75689  2.65052  3.57308  3.17656  3.46641  3.09021  3.11979  1.94153  2.73594  2.53874  5.01347  3.72624    119 s - - -
          2.68618  4.42225  2.77519  2.73123  3.46354  2.40513  3.72494  3.29354  2.67741  2.69355  4.24690  2.90347  2.73739  3.18146  2.89801  2.37887  2.77519  2.98518  4.58477  3.61503
          0.03384  3.79887  4.52121  0.61958  0.77255  0.71297  0.67371
     17   2.71349  4.79884  3.07710  2.54979  4.04861  3.45088  3.58751  3.41927  1.72891  2.84794  3.89276  3.01435  3.85589  2.46558  2.42947  2.75844  2.93222  2.96102  5.24296  3.97011    120 k - - -
          2.68650  4.42257  2.77432  2.73117  3.46262  2.40545  3.72526  3.29367  2.67773  2.69376  4.24722  2.90333  2.73771  3.18178  2.89826  2.37877  2.77551  2.98501  4.58509  3.61246
          0.41828  1.10579  4.52121  1.87015  0.16735  0.64488  0.74386
     18   2.45158  4.50216  2.46923  2.51609  4.17261  3.05956  3.86657  3.64429  2.81175  3.31480  4.18003  2.95112  3.71664  3.09152  3.23102  1.43991  2.84826  3.21918  5.49619  4.15596    132 s - - -
          2.68618  4.42225  2.77519  2.73123  3.46354  2.40513  3.72494  3.29354  2.67741  2.69355  4.24690  2.90347  2.73739  3.18146  2.89801  2.37887  2.77519  2.98518  4.58477  3.61503
          0.03217  3.84870  4.57105  0.61958  0.77255  0.67782  0.70871
     19   2.33786  3.69231  3.60057  3.08239  3.58140  3.27481  3.97407  2.46445  2.99785  2.59059  3.52707  3.35511  3.83070  3.31078  3.31035  2.47173  1.92429  2.36857  5.05565  3.83398    133 t - - -
          2.68618  4.42225  2.77519  2.73123  3.46354  2.40513  3.72494  3.29354  2.67741  2.69355  4.24690  2.90347  2.73739  3.18146  2.89801  2.37887  2.77519  2.98518  4.58477  3.61503
          0.03217  3.84870  4.57105  0.61958  0.77255  0.67782  0.70871
     20   2.54471  4.97416  1.80767  2.21089  4.31773  3.22353  3.35490  3.77774  2.52577  3.34243  4.16139  2.75880  3.35805  2.80096  3.02923  2.52043  2.84397  3.39765  5.54352  4.14607    134 d - - -
          2.68618  4.42225  2.77519  2.73123  3.46354  2.40513  3.72494  3.29354  2.67741  2.69355  4.24690  2.90347  2.73739  3.18146  2.89801  2.37887  2.77519  2.98518  4.58477  3.61503
          0.04684  3.84870  3.71093  0.61958  0.77255  0.67782  0.70871
     21   2.59043  4.54557  3.07053  2.57992  3.18868  3.42478  3.65362  3.08227  2.37218  2.53358  3.65356  2.33215  3.83995  2.89814  2.88922  2.69704  2.83120  2.82712  4.98713  3.63228    135 n - - -
          2.68618  4.42225  2.77519  2.73123  3.46354  2.40513  3.72494  3.29354  2.67741  2.69355  4.24690  2.90347  2.73739  3.18146  2.89801  2.37887  2.77519  2.98518  4.58477  3.61503
          0.05848  3.83449  3.34685  0.61958  0.77255  0.68815  0.69817
     22   2.35431  4.34317  2.95229  2.67278  4.07093  3.04547  3.86736  3.45661  2.72667  3.14936  4.01650  2.80933  1.99097  3.09665  3.08147  2.48380  2.43176  3.05140  5.39824  4.11515    136 p - - -
          2.68618  4.42225  2.77519  2.73123  3.46354  2.40513  3.72494  3.29354  2.67741  2.69355  4.24690  2.90347  2.73739  3.18146  2.89801  2.37887  2.77519  2.98518  4.58477  3.61503
          0.03347  3.80948  4.53183  0.61958  0.77255  0.70573  0.68072
     23   2.68897  4.91159  2.71979  2.27351  4.26032  3.32947  3.59653  3.66729  1.78911  3.22833  4.06128  2.64884  3.79794  2.74898  2.60719  2.53869  2.78168  3.32229  5.40927  4.09465    137 k - - -
          2.68618  4.42225  2.77519  2.73123  3.46354  2.40513  3.72494  3.29354  2.67741  2.69355  4.24690  2.90347  2.73739  3.18146  2.89801  2.37887  2.77519  2.98518  4.58477  3.61503
          0.03347  3.80948  4.53183  0.61958  0.77255  0.70573  0.68072
     24   2.41580  4.44876  2.77439  2.55366  4.16505  2.80418  3.83869  3.63169  2.71574  3.27066  4.12092  2.56248  1.94241  3.05761  3.09830  2.51703  2.80821  3.19910  5.45478  4.15418    138 p - - -
          2.68709  4.42256  2.77558  2.73018  3.46354  2.40608  3.72001  3.29324  2.67791  2.69409  4.24753  2.90403  2.73861  3.18264  2.89577  2.37723  2.77518  2.98559  4.58471  3.61648
          0.41462  1.17040  3.53488  3.83784  0.02178  0.67104  0.71575
     25   2.52241  4.70342  2.96314  2.52000  3.93003  3.36065  2.35014  3.44214  2.28568  3.04067  3.89898  2.98620  3.81768  2.81372  2.40523  2.54235  2.88926  3.12932  5.19722  3.87211    234 k - - -
          2.68618  4.42225  2.77519  2.73123  3.46354  2.40513  3.72494  3.29354  2.67741  2.69355  4.24690  2.90347  2.73739  3.18146  2.89801  2.37887  2.77519  2.98518  4.58477  3.61503
          0.03324  3.81638  4.53873  0.61958  0.77255  0.70095  0.68540
     26   2.53387  4.65672  2.82807  2.43634  4.08907  3.06962  3.65529  3.50472  2.30360  3.10823  3.93905  2.77789  3.44555  2.82733  2.68215  2.00409  2.82158  3.15079  5.33618  4.02721    235 s - - -
          2.68618  4.42225  2.77519  2.73123  3.46354  2.40513  3.72494  3.29354  2.67741  2.69355  4.24690  2.90347  2.73739  3.18146  2.89801  2.37887  2.77519  2.98518  4.58477  3.61503
          0.03324  3.81638  4.53873  0.61958  0.77255  0.70095  0.68540
     27   2.65474  4.72428  3.11532  2.56969  4.05035  3.41210  3.60380  3.32216  2.17448  3.02127  3.88311  3.02378  3.43607  2.65228  1.86944  2.71396  2.75429  3.12765  5.24409  3.98089    236 r - - -
          2.68618  4.42225  2.77519  2.73123  3.46354  2.40513  3.72494  3.29354  2.67741  2.69355  4.24690  2.90347  2.73739  3.18146  2.89801  2.37887  2.77519  2.98518  4.58477  3.61503
          0.03324  3.81638  4.53873  0.61958  0.77255  0.70095  0.68540
     28   2.79941  4.93798  3.03576  2.55149  4.30576  3.44809  3.57478  3.71171  1.93468  3.23632  4.09060  2.56028  3.87481  2.72591  1.71477  2.81333  3.01598  3.38443  5.35188  4.10145    237 r - - -
          2.68618  4.42225  2.77519  2.73123  3.46354  2.40513  3.72494  3.29354  2.67741  2.69355  4.24690  2.90347  2.73739  3.18146  2.89801  2.37887  2.77519  2.98518  4.58477  3.61503
          0.03324  3.81638  4.53873  0.61958  0.77255  0.70095  0.68540
     29   2.87694  4.88784  3.25353  2.73283  4.18858  3.49174  3.61757  3.66393  1.99652  3.16402  4.09321  3.13429  3.93151  2.61561  1.39625  2.91999  3.10015  3.37521  5.27582  4.04289    238 r - - -
          2.68679  4.41426  2.77570  2.73107  3.46343  2.40555  3.72353  3.29309  2.67766  2.69287  4.24442  2.90392  2.73722  3.18173  2.89853  2.37877  2.77537  2.98558  4.58574  3.61600
          0.38163  1.26794  3.32874  3.03426  0.04931  0.56971  0.83400
     30   2.75631  5.12981  2.31352  1.75280  4.34699  3.27317  2.39724  3.86812  2.48207  3.40810  4.23756  2.75952  3.79492  2.79986  2.95543  2.70880  3.01070  3.49920  5.55693  4.14126    276 e - - -
          2.68618  4.42225  2.77519  2.73123  3.46354  2.40513  3.72494  3.29354  2.67741  2.69355  4.24690  2.90347  2.73739  3.18146  2.89801  2.37887  2.77519  2.98518  4.58477  3.61503
          0.03089  3.88851  4.61085  0.61958  0.77255  0.59324  0.80416
     31   2.11822  4.30019  3.39936  2.86248  3.60855  3.38118  3.84547  2.77008  2.80987  2.64760  2.95374  3.24365  3.85897  3.13359  3.17277  2.12228  2.51725  2.62523  5.03827  3.79648    277 a - - -
          2.68618  4.42225  2.77519  2.73123  3.46354  2.40513  3.72494  3.29354  2.67741  2.69355  4.24690  2.90347  2.73739  3.18146  2.89801  2.37887  2.77519  2.98518  4.58477  3.61503
          0.02801  3.98510  4.70745  0.61958  0.77255  0.61787  0.77455
     32   2.75585  4.42229  3.75149  3.26664  3.53404  3.67591  4.10532  2.69447  2.86314  2.37080  1.42293  3.58929  4.13414  3.45337  3.27124  3.02669  2.71885  2.54333  5.10447  3.89165    278 m - - -
          2.68618  4.42225  2.77519  2.73123  3.46354  2.40513  3.72494  3.29354  2.67741  2.69355  4.24690  2.90347  2.73739  3.18146  2.89801  2.37887  2.77519  2.98518  4.58477  3.61503
          0.02245  4.20360  4.92595  0.61958  0.77255  0.61787  0.77455
     33   3.24749  5.34441  3.72907  2.97801  4.86201  3.83058  3.70070  4.17899  1.28740  3.57238  4.44945  3.35070  4.17788  2.83013  1.28379  3.23138  3.38893  3.86170  5.57028  4.44304    279 r - - -
          2.68618  4.42225  2.77519  2.73123  3.46354  2.40513  3.72494  3.29354  2.67741  2.69355  4.24690  2.90347  2.73739  3.18146  2.89801  2.37887  2.77519  2.98518  4.58477  3.61503
          0.02245  4.20360  4.92595  0.61958  0.77255  0.61787  0.77455
     34   2.89915  3.27549  4.62188  4.08396  3.57998  4.11644  4.66740  1.77850  3.96657  2.35651  3.46846  4.23823  4.50865  4.20411  4.14039  3.46937  2.81016  1.06827  5.28539  4.08405    280 v - - -
          2.68618  4.42225  2.77519  2.73123  3.46354  2.40513  3.72494  3.29354  2.67741  2.69355  4.24690  2.90347  2.73739  3.18146  2.89801  2.37887  2.77519  2.98518  4.58477  3.61503
          0.02245  4.20360  4.92595  0.61958  0.77255  0.61787  0.77455
     35   2.92302  5.13827  2.79729  2.51381  4.14322  3.49417  1.48126  3.89861  2.44938  3.42867  4.29067  2.61084  3.98517  2.64091  2.79909  2.91060  3.16790  3.56075  5.41636  3.99169    281 h - - -
          2.68618  4.42225  2.77519  2.73123  3.46354  2.40513  3.72494  3.29354  2.67741  2.69355  4.24690  2.90347  2.73739  3.18146  2.89801  2.37887  2.77519  2.98518  4.58477  3.61503
          0.08083  4.20360  2.76933  0.61958  0.77255  0.41122  1.08721
     36   2.76833  4.55361  3.68483  3.25911  3.74824  3.57763  4.20750  3.03796  3.13398  2.60963  2.32298  3.58559  1.31188  3.52178  3.43067  2.97913  3.10722  2.86517  5.30379  4.05575    282 p - - -
          2.68618  4.42225  2.77519  2.73123  3.46354  2.40513  3.72494  3.29354  2.67741  2.69355  4.24690  2.90347  2.73739  3.18146  2.89801  2.37887  2.77519  2.98518  4.58477  3.61503
          0.02059  4.28928  5.01163  0.61958  0.77255  0.55390  0.85498
     37   2.06327  4.22296  3.76710  3.19266  3.21535  3.67411  3.95265  2.58591  3.05890  2.26292  2.45354  3.52066  4.04913  3.08706  3.40029  2.81097  2.66691  2.23956  4.82465  3.61408    283 a - - -
          2.68618  4.42225  2.77519  2.73123  3.46354  2.40513  3.72494  3.29354  2.67741  2.69355  4.24690  2.90347  2.73739  3.18146  2.89801  2.37887  2.77519  2.98518  4.58477  3.61503
          0.02524  4.31205  4.46351  0.61958  0.77255  0.55390  0.85498
     38   2.49547  4.68040  3.16112  2.64527  4.01195  3.44674  3.79075  3.40900  2.61678  2.72089  3.88817  3.11868  2.07920  2.83987  2.97894  2.10088  2.79490  3.09451  5.32530  4.02831    284 p - - -
          2.68618  4.42225  2.77519  2.73123  3.46354  2.40513  3.72494  3.29354  2.67741  2.69355  4.24690  2.90347  2.73739  3.18146  2.89801  2.37887  2.77519  2.98518  4.58477  3.61503
          0.02022  4.30702  5.02937  0.61958  0.77255  0.45201  1.01156
     39   2.64175  4.96459  3.05537  2.49101  4.23965  3.44716  3.67698  3.66357  2.05495  2.60403  4.03177  2.40492  3.66156  2.81054  2.22844  2.70792  2.87754  3.05530  5.43752  4.09811    285 k - - -
          2.68618  4.42225  2.77519  2.73123  3.46354  2.40513  3.72494  3.29354  2.67741  2.69355  4.24690  2.90347  2.73739  3.18146  2.89801  2.37887  2.77519  2.98518  4.58477  3.61503
          0.01925  4.35581  5.07816  0.61958  0.77255  0.49284  0.94389
     40   2.76730  5.15494  2.96793  2.32546  4.49594  3.49935  3.68095  3.94124  1.46246  3.44510  4.22387  2.79569  3.77612  2.79698  2.67284  2.33450  2.81114  3.54917  5.58877  4.23163    286 k - - -
          2.68618  4.42225  2.77519  2.73123  3.46354  2.40513  3.72494  3.29354  2.67741  2.69355  4.24690  2.90347  2.73739  3.18146  2.89801  2.37887  2.77519  2.98518  4.58477  3.61503
          0.02989  4.35581  4.09723  0.61958  0.77255  0.49284  0.94389
     41   2.63935  4.51952  3.39093  2.77758  3.68175  3.59898  3.81465  2.51050  2.69149  2.69271  3.61627  3.25943  3.97965  2.96804  1.83740  2.63986  2.83591  2.77276  3.83946  3.82130    287 r - - -
          2.68619  4.42226  2.77521  2.73125  3.46355  2.40514  3.72496  3.29355  2.67742  2.69356  4.24691  2.90320  2.73741  3.18148  2.89802  2.37888  2.77521  2.98520  4.58478  3.61504
          0.33941  2.46860  1.59402  0.35829  1.20021  0.50800  0.92055
     42   2.68613  4.87621  2.54945  2.44157  4.45313  3.25192  3.86503  3.90564  2.75530  3.51103  4.34582  1.34461  3.85604  3.04489  3.21486  2.58809  2.66759  3.48610  5.70399  4.33208    289 n - - -
          2.68618  4.42225  2.77519  2.73123  3.46354  2.40513  3.72494  3.29354  2.67741  2.69355  4.24690  2.90347  2.73739  3.18146  2.89801  2.37887  2.77519  2.98518  4.58477  3.61503
          0.02428  4.12621  4.84855  0.61958  0.77255  0.75645  0.63362
     43   2.84409  4.28647  4.28490  3.73881  3.20814  4.00473  4.39242  1.22857  3.61962  2.18196  3.34607  3.72597  4.36926  3.88645  3.83868  3.32473  2.89756  1.86686  5.08071  3.85519    290 i - - -
          2.68618  4.42225  2.77519  2.73123  3.46354  2.40513  3.72494  3.29354  2.67741  2.69355  4.24690  2.90347  2.73739  3.18146  2.89801  2.37887  2.77519  2.98518  4.58477  3.61503
          0.04335  4.12621  3.63888  0.61958  0.77255  0.75645  0.63362
     44   1.85980  4.36036  3.38338  2.86191  3.76068  3.34485  3.88438  2.90656  2.82087  2.67273  3.69117  3.15869  3.85844  3.14805  3.19588  2.31555  2.12389  2.78682  5.16023  3.91060    291 a - - -
          2.68618  4.42225  2.77519  2.73123  3.46354  2.40513  3.72494  3.29354  2.67741  2.69355  4.24690  2.90347  2.73739  3.18146  2.89801  2.37887  2.77519  2.98518  4.58477  3.61503
          0.02474  4.10759  4.82994  0.61958  0.77255  0.77287  0.61932
     45   2.89400  4.33768  4.65672  4.10464  3.07403  4.27626  4.68937  1.26870  3.99696  1.98146  3.29072  4.30912  4.58188  4.20951  4.16874  3.61038  3.04853  1.55854  5.23538  4.05381    292 i - - -
          2.68618  4.42225  2.77519  2.73123  3.46354  2.40513  3.72494  3.29354  2.67741  2.69355  4.24690  2.90347  2.73739  3.18146  2.89801  2.37887  2.77519  2.98518  4.58477  3.61503
          0.02888  4.10759  4.42099  0.61958  0.77255  0.77287  0.61932
     46   2.44844  4.90841  3.03141  2.46910  4.19912  3.45503  3.41475  3.47615  2.28791  3.17920  3.98821  2.97730  3.84707  2.24980  2.07135  2.56414  2.80057  3.27542  5.37480  4.05461    293 r - - -
          2.68618  4.42225  2.77519  2.73123  3.46354  2.40513  3.72494  3.29354  2.67741  2.69355  4.24690  2.90347  2.73739  3.18146  2.89801  2.37887  2.77519  2.98518  4.58477  3.61503
          0.02484  4.10355  4.82590  0.61958  0.77255  0.65509  0.73271
     47   2.61080  4.69425  2.89860  2.01629  3.58344  3.43132  3.32798  3.50929  2.42344  3.10215  3.90923  2.90630  3.82308  2.66516  2.71358  2.57754  2.84202  3.17772  5.33138  2.87559    294 e - - -
          2.68631  4.42197  2.77525  2.73141  3.46372  2.40462  3.72493  3.29277  2.67766  2.69380  4.24715  2.90315  2.73752  3.18164  2.89822  2.37882  2.77526  2.98526  4.58502  3.61476
          0.55169  0.87582  4.89257  1.15527  0.37830  0.68054  0.70592
     48   2.61258  4.68389  2.79270  2.40480  4.16873  3.29705  3.06388  3.60149  2.40397  3.17486  3.96850  2.45850  3.81556  2.75832  2.79963  2.21718  2.63311  2.95880  5.38891  3.94658    307 s - - -
          2.68618  4.42225  2.77519  2.73123  3.46354  2.40513  3.72494  3.29354  2.67741  2.69355  4.24690  2.90347  2.73739  3.18146  2.89801  2.37887  2.77519  2.98518  4.58477  3.61503
          0.12013  4.18772  2.32267  0.61958  0.77255  0.68633  0.70002
     49   2.43694  4.54562  3.16584  2.60563  3.73035  2.62486  3.46650  3.08460  2.57507  2.63937  3.17904  2.98690  3.86138  2.80420  2.87617  2.66947  2.64494  2.71189  5.09348  3.81220    308 a - - -
          2.68618  4.42225  2.77519  2.73123  3.46354  2.40513  3.72494  3.29354  2.67741  2.69355  4.24690  2.90347  2.73739  3.18146  2.89801  2.37887  2.77519  2.98518  4.58477  3.61503
          0.02496  4.09892  4.82127  0.61958  0.77255  0.78032  0.61297
     50   2.44784  4.69113  3.05660  2.44644  3.91463  3.13860  3.29322  3.31570  2.47097  2.94661  3.26791  3.00497  3.83234  2.82992  2.62927  2.14700  2.82505  2.90266  5.21832  3.90848    309 s - - -
          2.68618  4.42225  2.77519  2.73123  3.46354  2.40513  3.72494  3.29354  2.67741  2.69355  4.24690  2.90347  2.73739  3.18146  2.89801  2.37887  2.77519  2.98518  4.58477  3.61503
          0.02496  4.09892  4.82127  0.61958  0.77255  0.74843  0.64076
     51   2.80389  5.27066  1.69844  2.22907  4.61164  3.30834  3.72633  4.09788  2.52497  3.61005  4.41100  2.07266  3.84674  2.86798  3.14791  2.35552  2.91870  3.67938  5.77708  4.33565    310 d - - -
          2.68618  4.42225  2.77519  2.73123  3.46354  2.40513  3.72494  3.29354  2.67741  2.69355  4.24690  2.90347  2.73739  3.18146  2.89801  2.37887  2.77519  2.98518  4.58477  3.61503
          0.02452  4.11618  4.83853  0.61958  0.77255  0.73383  0.65406
     52   2.31093  4.36470  3.34461  2.94693  4.18592  3.14231  4.05329  3.57213  2.95027  3.17333  4.09969  3.25324  1.83377  3.28363  3.31620  1.68938  2.80738  2.98676  5.52453  4.26557    311 s - - -
          2.68618  4.42225  2.77519  2.73123  3.46354  2.40513  3.72494  3.29354  2.67741  2.69355  4.24690  2.90347  2.73739  3.18146  2.89801  2.37887  2.77519  2.98518  4.58477  3.61503
          0.05474  4.13296  3.29047  0.61958  0.77255  0.75035  0.63904
     53   2.56054  4.53654  3.18661  2.21051  3.71535  3.48814  3.71153  2.97063  2.58520  2.21863  3.23581  2.90666  3.87483  2.93451  2.90365  2.71495  2.66590  2.82160  5.08610  3.80968    312 e - - -
          2.68618  4.42225  2.77519  2.73123  3.46354  2.40513  3.72494  3.29354  2.67741  2.69355  4.24690  2.90347  2.73739  3.18146  2.89801  2.37887  2.77519  2.98518  4.58477  3.61503
          0.04279  4.10307  3.67451  0.61958  0.77255  0.74510  0.64376
     54   2.41090  4.86378  2.95488  2.38311  4.15418  3.40337  3.62078  3.58099  2.37952  3.15716  3.95694  2.93464  3.35501  2.29367  2.57579  2.27122  2.73490  3.10669  5.37136  4.02680    313 s - - -
          2.68618  4.42225  2.77519  2.73123  3.46354  2.40513  3.72494  3.29354  2.67741  2.69355  4.24690  2.90347  2.73739  3.18146  2.89801  2.37887  2.77519  2.98518  4.58477  3.61503
          0.06507  4.10294  3.06877  0.61958  0.77255  0.77688  0.61589
     55   2.56491  5.11506  2.45835  2.04861  4.42442  3.34899  3.61885  3.88979  2.40093  3.40484  4.18317  2.82702  3.71817  2.00570  2.77839  2.46213  2.92068  3.48992  5.56877  4.16839    314 q - - -
          2.68618  4.42225  2.77519  2.73123  3.46354  2.40513  3.72494  3.29354  2.67741  2.69355  4.24690  2.90347  2.73739  3.18146  2.89801  2.37887  2.77519  2.98518  4.58477  3.61503
          0.03912  4.06373  3.85475  0.61958  0.77255  0.72303  0.66413
     56   2.09707  4.91556  2.85480  2.01428  4.22719  3.38180  3.63755  3.66112  2.40860  3.22769  4.02598  2.91214  3.39741  2.72599  2.66358  2.37383  2.87329  3.30017  5.43308  4.07745    315 e - - -
          2.68618  4.42225  2.77519  2.73123  3.46354  2.40513  3.72494  3.29354  2.67741  2.69355  4.24690  2.90347  2.73739  3.18146  2.89801  2.37887  2.77519  2.98518  4.58477  3.61503
          0.03072  4.10041  4.29110  0.61958  0.77255  0.66768  0.71928
     57   2.38595  4.89641  2.94440  2.23517  4.16344  3.16152  3.61930  3.59517  2.39275  3.02848  3.96350  2.67874  3.81175  2.22646  2.86064  2.42634  2.84393  3.19370  4.74513  4.02807    316 q - - -
          2.68545  4.42250  2.77544  2.73148  3.46378  2.40520  3.72519  3.29312  2.67765  2.69286  4.24438  2.90371  2.73764  3.18171  2.89825  2.37884  2.77528  2.98543  4.58502  3.61516
          0.63302  0.91970  2.65394  1.19833  0.35910  0.72857  0.65893
     58   2.51801  4.71416  2.97087  2.09186  3.31408  2.39286  3.48797  3.34460  2.50820  2.89346  3.81411  2.99030  3.83734  2.85151  2.95395  2.64640  2.84984  3.04480  5.23960  3.91775    324 e - - -
          2.68618  4.42225  2.77520  2.73123  3.46354  2.40513  3.72495  3.29354  2.67741  2.69355  4.24690  2.90347  2.73740  3.18146  2.89801  2.37884  2.77520  2.98518  4.58477  3.61503
          0.09351  3.41783  2.87370  0.54928  0.86125  0.71583  0.67096
     59   2.38966  4.10918  3.20438  2.72298  3.63870  2.48180  3.76113  2.90380  2.69298  2.52775  3.47398  3.09532  3.87110  3.01671  3.09155  2.36802  2.74648  2.63836  5.03659  3.77614    326 s - - -
          2.68618  4.42225  2.77519  2.73123  3.46354  2.40513  3.72494  3.29354  2.67741  2.69355  4.24690  2.90347  2.73739  3.18146  2.89801  2.37887  2.77519  2.98518  4.58477  3.61503
          0.02537  4.08280  4.80515  0.61958  0.77255  0.78340  0.61037
     60   2.46193  4.18373  3.01563  2.51679  3.85204  3.09600  3.67887  3.34644  2.47455  2.87650  3.80818  2.17327  3.81682  2.85342  2.95496  2.40175  2.67044  2.99496  5.24820  3.93736    327 n - - -
          2.68618  4.42225  2.77519  2.73123  3.46354  2.40513  3.72494  3.29354  2.67741  2.69355  4.24690  2.90347  2.73739  3.18146  2.89801  2.37887  2.77519  2.98518  4.58477  3.61503
          0.02522  4.08853  4.81088  0.61958  0.77255  0.78910  0.60560
     61   2.61431  4.91605  2.90809  2.38077  4.19946  2.82366  3.23132  3.63447  2.35953  3.19647  3.85301  2.65791  2.73283  2.54318  2.70838  2.61887  2.77399  3.27694  5.39783  4.04248    328 k - - -
          2.68622  4.42231  2.77526  2.73129  3.46360  2.40512  3.72486  3.29360  2.67733  2.69361  4.24511  2.90330  2.73746  3.18144  2.89807  2.37893  2.77526  2.98524  4.58483  3.61509
          0.49691  0.95854  4.81088  0.15746  1.92628  0.34662  1.22783
     62   3.16764  5.35000  3.21018  2.81154  4.81023  3.70151  3.85352  4.24150  0.85742  3.70124  4.56643  2.73796  4.16402  2.99919  2.48677  3.15058  3.38846  3.88249  5.72678  4.48964    330 k - - -
          2.68618  4.42225  2.77519  2.73123  3.46354  2.40513  3.72494  3.29354  2.67741  2.69355  4.24690  2.90347  2.73739  3.18146  2.89801  2.37887  2.77519  2.98518  4.58477  3.61503
          0.01916  4.36051  5.08285  0.61958  0.77255  0.47840  0.96699
     63   2.98241  5.35149  2.59472  2.52146  4.72477  3.55521  3.78580  4.16802  1.05617  3.64568  4.46016  2.86939  4.02335  2.91789  2.68093  2.93776  3.21290  3.78015  5.75037  4.41366    331 k - - -
          2.68618  4.42225  2.77519  2.73123  3.46354  2.40513  3.72494  3.29354  2.67741  2.69355  4.24690  2.90347  2.73739  3.18146  2.89801  2.37887  2.77519  2.98518  4.58477  3.61503
          0.01900  4.36851  5.09086  0.61958  0.77255  0.48576  0.95510
     64   3.76710  5.09770  4.98797  4.65704  3.40874  4.60933  5.16361  2.66219  4.42425  0.44015  3.32292  4.88831  4.97630  4.66692  4.50774  4.28406  4.04732  2.82303  5.43704  4.26638    332 L - - -
          2.68618  4.42225  2.77519  2.73123  3.46354  2.40513  3.72494  3.29354  2.67741  2.69355  4.24690  2.90347  2.73739  3.18146  2.89801  2.37887  2.77519  2.98518  4.58477  3.61503
          0.01900  4.36851  5.09086  0.61958  0.77255  0.48576  0.95510
     65   3.19565  5.33158  3.63527  2.93924  4.78047  3.56807  3.76026  4.11920  1.90075  3.33611  4.41670  3.34744  4.19054  2.61282  1.01047  3.18809  3.35654  3.79788  5.60921  4.43778    333 r - - -
          2.68618  4.42225  2.77519  2.73123  3.46354  2.40513  3.72494  3.29354  2.67741  2.69355  4.24690  2.90347  2.73739  3.18146  2.89801  2.37887  2.77519  2.98518  4.58477  3.61503
          0.01900  4.36851  5.09086  0.61958  0.77255  0.48576  0.95510
     66   3.41565  5.48623  3.95147  3.13922  5.04873  3.97073  3.79235  4.34148  1.31884  3.70440  4.58979  3.48739  4.30553  2.92014  1.06340  3.39399  3.53889  4.02886  5.67503  4.57749    334 r - - -
          2.68618  4.42225  2.77519  2.73123  3.46354  2.40513  3.72494  3.29354  2.67741  2.69355  4.24690  2.90347  2.73739  3.18146  2.89801  2.37887  2.77519  2.98518  4.58477  3.61503
          0.01900  4.36851  5.09086  0.61958  0.77255  0.48576  0.95510
     67   3.76710  5.09770  4.98797  4.65704  3.40874  4.60933  5.16361  2.66219  4.42425  0.44015  3.32292  4.88831  4.97630  4.66692  4.50774  4.28406  4.04732  2.82303  5.43704  4.26638    335 L - - -
          2.68618  4.42225  2.77519  2.73123  3.46354  2.40513  3.72494  3.29354  2.67741  2.69355  4.24690  2.90347  2.73739  3.18146  2.89801  2.37887  2.77519  2.98518  4.58477  3.61503
          0.01900  4.36851  5.09086  0.61958  0.77255  0.48576  0.95510
     68   2.82904  4.71828  3.63096  3.52301  4.64566  3.40896  4.65883  4.22602  3.63406  3.89295  4.84849  3.74293  0.57343  3.99651  3.88641  2.86407  3.32633  3.72817  5.94090  4.73317    336 P - - -
          2.68618  4.42225  2.77519  2.73123  3.46354  2.40513  3.72494  3.29354  2.67741  2.69355  4.24690  2.90347  2.73739  3.18146  2.89801  2.37887  2.77519  2.98518  4.58477  3.61503
          0.01900  4.36851  5.09086  0.61958  0.77255  0.48576  0.95510
     69   3.13396  5.09074  3.26835  3.03241  3.98273  3.66034  0.79723  4.08720  2.95214  3.61861  4.56364  3.46679  3.19558  3.44929  3.25342  3.19925  3.45825  3.74992  5.37248  3.92047    337 h - - -
          2.68618  4.42225  2.77519  2.73123  3.46354  2.40513  3.72494  3.29354  2.67741  2.69355  4.24690  2.90347  2.73739  3.18146  2.89801  2.37887  2.77519  2.98518  4.58477  3.61503
          0.01900  4.36851  5.09086  0.61958  0.77255  0.48576  0.95510
     70   3.34537  4.59281  5.27190  4.80063  3.87971  4.83079  5.52111  1.35388  4.71049  2.34120  3.64689  4.97543  5.10764  4.97086  4.88715  4.25088  3.61287  0.82372  5.92814  4.71142    338 v - - -
          2.68618  4.42225  2.77519  2.73123  3.46354  2.40513  3.72494  3.29354  2.67741  2.69355  4.24690  2.90347  2.73739  3.18146  2.89801  2.37887  2.77519  2.98518  4.58477  3.61503
          0.01900  4.36851  5.09086  0.61958  0.77255  0.48576  0.95510
     71   4.03847  5.20261  5.01702  4.78560  0.60039  4.72784  3.73506  3.58211  4.60980  2.82938  4.16863  4.41784  5.03254  4.50449  4.57372  4.13731  4.26512  3.56098  3.84726  1.90673    339 F - - -
          2.68618  4.42225  2.77519  2.73123  3.46354  2.40513  3.72494  3.29354  2.67741  2.69355  4.24690  2.90347  2.73739  3.18146  2.89801  2.37887  2.77519  2.98518  4.58477  3.61503
          0.01900  4.36851  5.09086  0.61958  0.77255  0.48576  0.95510
     72   1.98662  4.62162  3.09247  2.84519  4.50362  2.30632  4.09025  3.94917  2.98070  3.55905  4.35924  2.91145  3.89818  3.27562  3.41244  1.32101  2.95021  3.45348  5.77233  4.47359    340 s - - -
          2.68618  4.42225  2.77519  2.73123  3.46354  2.40513  3.72494  3.29354  2.67741  2.69355  4.24690  2.90347  2.73739  3.18146  2.89801  2.37887  2.77519  2.98518  4.58477  3.61503
          0.01900  4.36851  5.09086  0.61958  0.77255  0.48576  0.95510
     73   2.96680  4.43911  3.41470  2.75514  4.51867  3.70039  3.72384  3.89966  1.35753  3.40518  4.02874  3.21362  4.06325  2.85528  1.63961  2.97217  3.15976  3.56906  5.52679  4.06570    341 k - - -
          2.68618  4.42225  2.77519  2.73123  3.46354  2.40513  3.72494  3.29354  2.67741  2.69355  4.24690  2.90347  2.73739  3.18146  2.89801  2.37887  2.77519  2.98518  4.58477  3.61503
          0.01900  4.36851  5.09086  0.61958  0.77255  0.48576  0.95510
     74   3.31505  4.58471  5.17117  4.68065  3.60757  4.74747  5.34791  1.63559  4.58637  2.27935  3.58352  4.86352  5.03075  4.82579  4.76137  4.14729  3.57875  0.74536  5.77439  4.54817    342 v - - -
          2.68618  4.42225  2.77519  2.73123  3.46354  2.40513  3.72494  3.29354  2.67741  2.69355  4.24690  2.90347  2.73739  3.18146  2.89801  2.37887  2.77519  2.98518  4.58477  3.61503
          0.01900  4.36851  5.09086  0.61958  0.77255  0.48576  0.95510
     75   3.76710  5.09770  4.98797  4.65704  3.40874  4.60933  5.16361  2.66219  4.42425  0.44015  3.32292  4.88831  4.97630  4.66692  4.50774  4.28406  4.04732  2.82303  5.43704  4.26638    343 L - - -
          2.68618  4.42225  2.77519  2.73123  3.46354  2.40513  3.72494  3.29354  2.67741  2.69355  4.24690  2.90347  2.73739  3.18146  2.89801  2.37887  2.77519  2.98518  4.58477  3.61503
          0.01900  4.36851  5.09086  0.61958  0.77255  0.48576  0.95510
     76   3.06021  5.51881  2.56209  1.09289  4.82907  3.48373  3.88041  4.32498  2.67307  3.80856  4.64710  2.96210  4.03346  2.04327  3.11900  2.98158  3.31951  3.92430  5.93905  4.52377    344 e - - -
          2.68618  4.42225  2.77519  2.73123  3.46354  2.40513  3.72494  3.29354  2.67741  2.69355  4.24690  2.90347  2.73739  3.18146  2.89801  2.37887  2.77519  2.98518  4.58477  3.61503
          0.01900  4.36851  5.09086  0.61958  0.77255  0.48576  0.95510
     77   3.76710  5.09770  4.98797  4.65704  3.40874  4.60933  5.16361  2.66219  4.42425  0.44015  3.32292  4.88831  4.97630  4.66692  4.50774  4.28406  4.04732  2.82303  5.43704  4.26638    345 L - - -
          2.68618  4.42225  2.77519  2.73123  3.46354  2.40513  3.72494  3.29354  2.67741  2.69355  4.24690  2.90347  2.73739  3.18146  2.89801  2.37887  2.77519  2.98518  4.58477  3.61503
          0.01900  4.36851  5.09086  0.61958  0.77255  0.48576  0.95510
     78   3.54708  5.18951  4.20992  4.13831  5.04686  3.85066  5.14716  4.75679  4.24543  4.31180  5.40034  4.38343  0.27012  4.61600  4.40823  3.73583  4.03056  4.33787  6.06329  5.18246    346 P - - -
          2.68618  4.42225  2.77519  2.73123  3.46354  2.40513  3.72494  3.29354  2.67741  2.69355  4.24690  2.90347  2.73739  3.18146  2.89801  2.37887  2.77519  2.98518  4.58477  3.61503
          0.01900  4.36851  5.09086  0.61958  0.77255  0.48576  0.95510
     79   3.46195  4.75405  5.15382  4.61351  1.25602  4.68929  4.72740  1.93743  4.46481  1.42482  3.10764  4.72026  4.88777  4.49334  4.50832  4.04062  3.68210  2.47424  4.93989  3.58037    347 f - - -
          2.68618  4.42225  2.77519  2.73123  3.46354  2.40513  3.72494  3.29354  2.67741  2.69355  4.24690  2.90347  2.73739  3.18146  2.89801  2.37887  2.77519  2.98518  4.58477  3.61503
          0.01900  4.36851  5.09086  0.61958  0.77255  0.48576  0.95510
     80   2.55041  5.08741  3.03960  2.49283  4.40969  3.36428  3.33596  3.84415  2.24054  3.37052  4.15806  2.83960  2.46876  2.80317  1.85917  2.74247  2.97693  3.47122  5.53305  4.18955    348 r - - -
          2.68618  4.42225  2.77519  2.73123  3.46354  2.40513  3.72494  3.29354  2.67741  2.69355  4.24690  2.90347  2.73739  3.18146  2.89801  2.37887  2.77519  2.98518  4.58477  3.61503
          0.01900  4.36851  5.09086  0.61958  0.77255  0.48576  0.95510
     81   2.01461  4.52576  3.45537  3.06213  4.41751  3.26551  4.17231  3.83283  3.00666  3.48276  4.30973  3.37041  3.92537  3.38753  2.89393  1.04562  2.95101  3.36369  5.71284  4.45807    349 s - - -
          2.68618  4.42225  2.77519  2.73123  3.46354  2.40513  3.72494  3.29354  2.67741  2.69355  4.24690  2.90347  2.73739  3.18146  2.89801  2.37887  2.77519  2.98518  4.58477  3.61503
          0.01900  4.36851  5.09086  0.61958  0.77255  0.48576  0.95510
     82   3.27714  5.93329  0.74803  2.10768  5.21328  3.40479  4.04438  4.78566  3.17583  4.26297  5.15948  2.71256  4.08350  3.22884  3.84108  3.12222  3.59264  4.32940  6.40606  4.83035    350 d - - -
          2.68618  4.42225  2.77519  2.73123  3.46354  2.40513  3.72494  3.29354  2.67741  2.69355  4.24690  2.90347  2.73739  3.18146  2.89801  2.37887  2.77519  2.98518  4.58477  3.61503
          0.01900  4.36851  5.09086  0.61958  0.77255  0.48576  0.95510
     83   0.99061  4.43323  3.29140  3.16956  4.27268  3.26019  4.25412  3.56587  3.21486  3.33168  4.18851  3.43761  3.93335  3.51137  3.57107  2.63313  2.23222  3.05510  5.64441  4.40748    351 a - - -
          2.68618  4.42225  2.77519  2.73123  3.46354  2.40513  3.72494  3.29354  2.67741  2.69355  4.24690  2.90347  2.73739  3.18146  2.89801  2.37887  2.77519  2.98518  4.58477  3.61503
          0.01900  4.36851  5.09086  0.61958  0.77255  0.48576  0.95510
     84   3.23205  5.85984  0.79000  2.23759  5.10779  3.40578  3.76982  4.70757  3.10979  4.18229  5.06276  2.54041  4.06848  3.19556  3.74869  3.08932  3.53957  4.25840  6.31184  4.75039    352 d - - -
          2.68618  4.42225  2.77519  2.73123  3.46354  2.40513  3.72494  3.29354  2.67741  2.69355  4.24690  2.90347  2.73739  3.18146  2.89801  2.37887  2.77519  2.98518  4.58477  3.61503
          0.01900  4.36851  5.09086  0.61958  0.77255  0.48576  0.95510
     85   3.22858  4.66686  4.79629  4.50098  3.97358  4.22165  5.23775  2.16457  4.38005  2.58864  3.88571  4.60642  4.77403  4.71589  4.54278  3.77824  3.58978  0.56523  5.83222  4.58575    353 V - - -
          2.68618  4.42225  2.77519  2.73123  3.46354  2.40513  3.72494  3.29354  2.67741  2.69355  4.24690  2.90347  2.73739  3.18146  2.89801  2.37887  2.77519  2.98518  4.58477  3.61503
          0.01900  4.36851  5.09086  0.61958  0.77255  0.48576  0.95510
     86   2.00983  4.82131  3.08023  2.21222  3.71315  3.49620  3.70937  3.46521  2.51713  2.83685  3.90200  3.04211  3.88972  2.81710  2.78610  2.14344  2.81354  3.15201  5.33678  4.01151    354 a - - -
          2.68618  4.42225  2.77519  2.73123  3.46354  2.40513  3.72494  3.29354  2.67741  2.69355  4.24690  2.90347  2.73739  3.18146  2.89801  2.37887  2.77519  2.98518  4.58477  3.61503
          0.01900  4.36851  5.09086  0.61958  0.77255  0.48576  0.95510
     87   2.93251  4.40526  4.51541  3.96615  3.62905  4.22734  4.63179  1.78920  3.25814  2.32646  3.51703  4.20891  4.57224  4.11092  4.02172  3.55401  3.25315  0.98625  5.32469  4.11828    355 v - - -
          2.68618  4.42225  2.77519  2.73123  3.46354  2.40513  3.72494  3.29354  2.67741  2.69355  4.24690  2.90347  2.73739  3.18146  2.89801  2.37887  2.77519  2.98518  4.58477  3.61503
          0.01900  4.36851  5.09086  0.61958  0.77255  0.48576  0.95510
     88   2.67901  4.71941  3.16023  1.65714  3.44410  3.53769  3.63121  3.29208  2.59942  2.70380  3.79534  3.11482  3.92919  2.79504  3.03263  2.76145  2.91075  2.46581  5.23579  3.92781    356 e - - -
          2.68618  4.42225  2.77519  2.73123  3.46354  2.40513  3.72494  3.29354  2.67741  2.69355  4.24690  2.90347  2.73739  3.18146  2.89801  2.37887  2.77519  2.98518  4.58477  3.61503
          0.01900  4.36851  5.09086  0.61958  0.77255  0.48576  0.95510
     89   2.94284  5.19672  2.69366  0.99604  3.45291  3.50822  3.88551  3.83537  2.77366  3.43958  4.33288  3.04286  4.02538  3.07294  3.24917  2.93038  3.20703  3.51890  5.59602  4.16309    357 e - - -
          2.68618  4.42225  2.77519  2.73123  3.46354  2.40513  3.72494  3.29354  2.67741  2.69355  4.24690  2.90347  2.73739  3.18146  2.89801  2.37887  2.77519  2.98518  4.58477  3.61503
          0.01900  4.36851  5.09086  0.61958  0.77255  0.48576  0.95510
     90   2.58102  5.14745  2.64189  2.22637  4.46773  2.51730  3.66834  3.93701  2.40789  3.44653  4.20780  2.25149  3.85791  2.77994  2.81965  2.49440  2.44333  3.52742  5.60468  4.20463    358 e - - -
          2.68618  4.42225  2.77519  2.73123  3.46354  2.40513  3.72494  3.29354  2.67741  2.69355  4.24690  2.90347  2.73739  3.18146  2.89801  2.37887  2.77519  2.98518  4.58477  3.61503
          0.01900  4.36851  5.09086  0.61958  0.77255  0.48576  0.95510
     91   2.46672  4.24808  3.15745  2.59277  4.01292  3.48300  3.40413  3.41351  2.60712  3.04983  3.88556  3.11455  1.79799  2.81734  3.03837  2.58960  2.71042  3.10494  5.32397  4.02158    359 p - - -
          2.68618  4.42225  2.77519  2.73123  3.46354  2.40513  3.72494  3.29354  2.67741  2.69355  4.24690  2.90347  2.73739  3.18146  2.89801  2.37887  2.77519  2.98518  4.58477  3.61503
          0.01900  4.36851  5.09086  0.61958  0.77255  0.48576  0.95510
     92   2.53376  5.33567  1.71087  1.89497  4.65319  3.33731  3.47521  4.14382  2.55555  3.63015  4.39775  2.54818  3.90171  2.76409  3.07592  2.75710  2.73583  3.71413  5.77538  4.34009    360 d - - -
          2.68618  4.42225  2.77519  2.73123  3.46354  2.40513  3.72494  3.29354  2.67741  2.69355  4.24690  2.90347  2.73739  3.18146  2.89801  2.37887  2.77519  2.98518  4.58477  3.61503
          0.01900  4.36851  5.09086  0.61958  0.77255  0.48576  0.95510
     93   2.06561  2.28904  4.18382  3.65154  1.91348  3.56620  4.19590  2.74157  3.53284  2.51446  3.44280  3.76522  4.08321  3.75275  3.71016  2.55922  2.90081  2.51631  4.91194  3.69517    361 f - - -
          2.68618  4.42225  2.77519  2.73123  3.46354  2.40513  3.72494  3.29354  2.67741  2.69355  4.24690  2.90347  2.73739  3.18146  2.89801  2.37887  2.77519  2.98518  4.58477  3.61503
          0.01900  4.36851  5.09086  0.61958  0.77255  0.48576  0.95510
     94   3.09346  4.60285  3.36648  3.66705  1.10438  4.07047  4.01996  2.76764  3.60991  2.10160  3.52688  3.90104  4.43911  3.82247  3.84213  3.39022  3.33457  2.70966  4.47554  2.91905    362 f - - -
          2.68618  4.42225  2.77519  2.73123  3.46354  2.40513  3.72494  3.29354  2.67741  2.69355  4.24690  2.90347  2.73739  3.18146  2.89801  2.37887  2.77519  2.98518  4.58477  3.61503
          0.01900  4.36851  5.09086  0.61958  0.77255  0.48576  0.95510
     95   3.13293  5.15065  3.67195  2.99011  4.25800  3.82893  3.18995  3.83905  2.15434  2.73284  4.24341  3.38705  4.19181  2.96522  1.04182  3.17056  3.31338  3.56363  5.39105  4.11001    363 r - - -
          2.68618  4.42225  2.77519  2.73123  3.46354  2.40513  3.72494  3.29354  2.67741  2.69355  4.24690  2.90347  2.73739  3.18146  2.89801  2.37887  2.77519  2.98518  4.58477  3.61503
          0.01900  4.36851  5.09086  0.61958  0.77255  0.48576  0.95510
     96   3.96826  5.22933  4.93201  4.76400  0.45421  4.48670  4.20391  3.46432  4.66769  2.72806  4.13219  4.62139  4.95151  4.70284  4.66287  4.19345  4.27834  3.48736  4.35119  2.67489    364 F - - -
          2.68618  4.42225  2.77519  2.73123  3.46354  2.40513  3.72494  3.29354  2.67741  2.69355  4.24690  2.90347  2.73739  3.18146  2.89801  2.37887  2.77519  2.98518  4.58477  3.61503
          0.02716  4.36851  4.25963  0.61958  0.77255  0.48576  0.95510
     97   2.88010  4.27037  4.55180  3.97559  3.00416  4.07913  4.43930  2.09181  3.84011  2.21722  2.57084  4.13114  4.42180  4.03761  3.97669  3.22559  3.01272  1.17062  5.01263  3.82803    365 v - - -
          2.68618  4.42225  2.77519  2.73123  3.46354  2.40513  3.72494  3.29354  2.67741  2.69355  4.24690  2.90347  2.73739  3.18146  2.89801  2.37887  2.77519  2.98518  4.58477  3.61503
          0.01916  4.36051  5.08285  0.61958  0.77255  0.49765  0.93638
     98   0.88215  4.37733  4.08089  3.67834  4.04479  3.42452  4.54906  2.75782  3.58914  2.90697  3.96989  3.78554  4.10572  3.89549  3.84908  2.85492  3.03047  2.26709  5.61711  4.40157    366 a - - -
          2.68618  4.42225  2.77519  2.73123  3.46354  2.40513  3.72494  3.29354  2.67741  2.69355  4.24690  2.90347  2.73739  3.18146  2.89801  2.37887  2.77519  2.98518  4.58477  3.61503
          0.01916  4.36051  5.08285  0.61958  0.77255  0.49765  0.93638
     99   2.45345  5.05720  2.84922  1.91229  4.35440  3.45125  3.65864  3.80648  2.13016  3.34301  4.11633  2.81466  3.26550  2.77629  2.90329  2.55668  2.90837  2.63380  5.52327  4.14342    367 e - - -
          2.68618  4.42225  2.77519  2.73123  3.46354  2.40513  3.72494  3.29354  2.67741  2.69355  4.24690  2.90347  2.73739  3.18146  2.89801  2.37887  2.77519  2.98518  4.58477  3.61503
          0.02757  4.36051  4.23893  0.61958  0.77255  0.47840  0.96699
    100   2.45100  4.04457  3.56281  2.99567  3.48964  3.62711  3.45028  2.73144  2.94419  2.56557  2.32272  3.25868  3.74849  3.24360  3.28803  2.68307  2.09500  2.59006  4.94002  3.70977    368 t - - -
          2.68603  4.42229  2.77514  2.73122  3.46358  2.40513  3.72499  3.29358  2.67745  2.69359  4.24694  2.90351  2.73741  3.18150  2.89805  2.37887  2.77524  2.98499  4.58481  3.61507
          0.14481  2.37785  3.16860  0.76335  0.62755  0.49792  0.93597
    101   2.71851  5.40445  1.43689  1.79329  4.71751  3.31310  3.78576  4.21010  2.66311  3.70595  4.49544  2.70355  3.65783  2.91933  3.20335  2.81426  3.14377  3.45114  5.86280  4.41155    373 d - - -
          2.68618  4.42225  2.77519  2.73123  3.46354  2.40513  3.72494  3.29354  2.67741  2.69355  4.24690  2.90347  2.73739  3.18146  2.89801  2.37887  2.77519  2.98518  4.58477  3.61503
          0.28380  4.32381  1.45314  0.61958  0.77255  0.54927  0.86126
    102   2.59904  4.73056  2.74605  2.45434  2.84249  3.01741  3.65223  3.36813  2.48480  2.93916  3.82248  2.86556  3.82170  2.38669  2.93948  2.44319  2.83633  3.06189  5.25007  3.92346    374 q - - -
          2.68641  4.42212  2.77453  2.73114  3.46377  2.40425  3.72432  3.29377  2.67764  2.69371  4.24713  2.90370  2.73762  3.18169  2.89824  2.37883  2.77542  2.98541  4.58500  3.61526
          0.48210  0.98299  4.78816  1.26220  0.33272  0.36375  1.18765
    103   2.77176  5.32752  2.29918  2.23211  4.68857  1.80514  3.81780  4.17326  2.70352  3.68660  4.48347  1.98649  3.93414  2.95791  3.23753  2.51035  3.14551  3.75159  5.85588  4.41913    381 g - - -
          2.68618  4.42225  2.77519  2.73123  3.46354  2.40513  3.72494  3.29354  2.67741  2.69355  4.24690  2.90347  2.73739  3.18146  2.89801  2.37887  2.77519  2.98518  4.58477  3.61503
          0.01952  4.34175  5.06410  0.61958  0.77255  0.49533  0.93999
    104   2.05889  4.16224  4.06270  3.32946  3.00033  3.38280  4.07429  1.80819  3.37486  2.18798  3.27968  3.72018  4.13663  3.60967  3.58175  2.99155  2.90331  2.12556  4.79542  3.59890    382 i - - -
          2.68608  4.42235  2.77530  2.73122  3.46361  2.40502  3.72505  3.29350  2.67751  2.69361  4.24700  2.90354  2.73743  3.18157  2.89767  2.37886  2.77513  2.98522  4.58470  3.61513
          0.34831  1.24521  5.07654  0.58621  0.81290  0.47279  0.97620
    105   2.30778  4.91309  2.83392  2.50906  4.35965  1.93915  3.77376  3.80362  2.57825  3.29057  4.16062  2.48305  3.11595  2.91199  3.05332  2.55555  2.75371  3.40698  5.57317  4.21547    387 g - - -
          2.68618  4.42225  2.77519  2.73123  3.46354  2.40513  3.72494  3.29354  2.67741  2.69355  4.24690  2.90347  2.73739  3.18146  2.89801  2.37887  2.77519  2.98518  4.58477  3.61503
          0.11992  4.36851  2.29924  0.61958  0.77255  0.48576  0.95510
    106   2.69335  5.31271  1.91287  2.14931  4.61876  2.07663  3.12269  4.10456  2.56974  3.60377  4.38501  2.75888  3.88239  2.70922  3.09379  2.70048  3.06349  3.68656  5.76105  4.32612    388 d - - -
          2.68624  4.42231  2.77500  2.73115  3.46360  2.40498  3.72500  3.29360  2.67746  2.69361  4.24695  2.90345  2.73745  3.18152  2.89806  2.37892  2.77522  2.98506  4.58483  3.61509
          0.37548  1.18336  4.99194  0.16623  1.87632  0.41122  1.08721
    107   2.59724  4.18255  4.37335  3.78709  2.93033  3.91355  4.23948  2.23800  3.64955  2.21963  2.92034  3.94727  3.96065  3.84804  3.78955  3.21416  2.99432  1.27267  4.84381  3.45834    390 v - - -
          2.68618  4.42225  2.77519  2.73123  3.46354  2.40513  3.72494  3.29354  2.67741  2.69355  4.24690  2.90347  2.73739  3.18146  2.89801  2.37887  2.77519  2.98518  4.58477  3.61503
          0.01900  4.36851  5.09086  0.61958  0.77255  0.48576  0.95510
    108   3.00343  5.24505  3.37189  2.40057  4.63062  3.70677  3.72029  4.01310  2.01151  3.48553  4.30946  3.20212  4.07218  2.67886  1.20868  2.92596  3.19117  3.66737  4.92056  4.33346    391 r - - -
          2.68618  4.42225  2.77519  2.73123  3.46354  2.40513  3.72494  3.29354  2.67741  2.69355  4.24690  2.90347  2.73739  3.18146  2.89801  2.37887  2.77519  2.98518  4.58477  3.61503
          0.01900  4.36851  5.09086  0.61958  0.77255  0.48576  0.95510
    109   1.20121  4.32986  4.09401  3.65531  3.97378  3.44858  4.48954  2.76691  3.58279  2.90218  3.89453  3.77533  4.10089  3.86261  3.84274  2.86136  2.56666  1.70200  5.50709  4.30869    392 a - - -
          2.68618  4.42225  2.77519  2.73123  3.46354  2.40513  3.72494  3.29354  2.67741  2.69355  4.24690  2.90347  2.73739  3.18146  2.89801  2.37887  2.77519  2.98518  4.58477  3.61503
          0.01900  4.36851  5.09086  0.61958  0.77255  0.48576  0.95510
    110   2.73118  5.04825  2.92975  2.48303  4.29003  3.50810  2.13383  3.77467  2.37983  3.19844  4.10990  3.00680  3.90140  2.04789  2.56055  2.72800  2.95694  3.41349  5.47035  3.63613    393 q - - -
          2.68618  4.42225  2.77519  2.73123  3.46354  2.40513  3.72494  3.29354  2.67741  2.69355  4.24690  2.90347  2.73739  3.18146  2.89801  2.37887  2.77519  2.98518  4.58477  3.61503
          0.01900  4.36851  5.09086  0.61958  0.77255  0.48576  0.95510
    111   1.89782  4.33202  3.85664  3.29796  3.52781  3.73396  4.12106  2.31894  3.22794  2.50347  3.15037  3.62713  4.14895  3.51329  3.53003  3.02343  1.83872  2.21122  5.04951  3.83468    394 t - - -
          2.68618  4.42225  2.77519  2.73123  3.46354  2.40513  3.72494  3.29354  2.67741  2.69355  4.24690  2.90347  2.73739  3.18146  2.89801  2.37887  2.77519  2.98518  4.58477  3.61503
          0.01900  4.36851  5.09086  0.61958  0.77255  0.48576  0.95510
    112   3.35637  4.59113  5.29835  4.79881  3.79821  4.86731  5.46392  1.34361  4.70937  2.03849  3.56632  4.97918  5.10246  4.93237  4.86695  4.26800  3.61019  0.92228  5.83769  4.64952    395 v - - -
          2.68618  4.42225  2.77519  2.73123  3.46354  2.40513  3.72494  3.29354  2.67741  2.69355  4.24690  2.90347  2.73739  3.18146  2.89801  2.37887  2.77519  2.98518  4.58477  3.61503
          0.01900  4.36851  5.09086  0.61958  0.77255  0.48576  0.95510
    113   2.86370  5.27425  2.93159  1.35067  4.62424  3.53540  3.15456  4.07025  2.23751  3.54691  4.33315  3.00956  3.95694  2.69342  2.35675  2.82479  3.08516  3.67386  5.66335  4.31367    396 e - - -
          2.68618  4.42225  2.77519  2.73123  3.46354  2.40513  3.72494  3.29354  2.67741  2.69355  4.24690  2.90347  2.73739  3.18146  2.89801  2.37887  2.77519  2.98518  4.58477  3.61503
          0.01900  4.36851  5.09086  0.61958  0.77255  0.48576  0.95510
    114   3.43817  4.71028  5.17904  4.71470  3.60316  4.80373  5.32905  0.75038  4.53587  1.89873  3.43365  4.91580  5.06631  4.78839  4.68183  4.23588  3.69955  1.87361  5.67046  4.45517    397 i - - -
          2.68618  4.42225  2.77519  2.73123  3.46354  2.40513  3.72494  3.29354  2.67741  2.69355  4.24690  2.90347  2.73739  3.18146  2.89801  2.37887  2.77519  2.98518  4.58477  3.61503
          0.01900  4.36851  5.09086  0.61958  0.77255  0.48576  0.95510
    115   2.83761  4.72483  3.39686  2.64781  3.08746  3.69894  1.55004  3.28434  2.79291  2.65723  3.81825  3.30914  4.08391  3.15283  3.17089  2.94786  3.06657  3.04051  4.74586  2.79300    398 h - - -
          2.68618  4.42225  2.77519  2.73123  3.46354  2.40513  3.72494  3.29354  2.67741  2.69355  4.24690  2.90347  2.73739  3.18146  2.89801  2.37887  2.77519  2.98518  4.58477  3.61503
          0.01900  4.36851  5.09086  0.61958  0.77255  0.48576  0.95510
    116   2.64579  4.63955  3.36925  2.95702  4.30779  3.38077  4.05676  3.69511  2.81326  3.34236  4.19974  3.32784  1.30478  3.26480  2.77903  2.77022  2.21091  3.30912  5.59455  4.33652    399 p - - -
          2.68619  4.42226  2.77520  2.73124  3.46354  2.40513  3.72495  3.29355  2.67741  2.69355  4.24690  2.90347  2.73740  3.18147  2.89801  2.37887  2.77520  2.98519  4.58401  3.61504
          0.05592  3.03164  5.09086  0.45165  1.01218  0.48576  0.95510
    117   3.05970  5.07775  2.50152  2.94513  4.97465  0.61666  4.45994  4.55061  3.54457  4.14888  5.03962  3.40996  4.18549  3.71438  3.99360  3.12903  3.49488  4.03404  6.12942  4.91490    401 G - - -
          2.68618  4.42225  2.77519  2.73123  3.46354  2.40513  3.72494  3.29354  2.67741  2.69355  4.24690  2.90347  2.73739  3.18146  2.89801  2.37887  2.77519  2.98518  4.58477  3.61503
          0.01900  4.36851  5.09086  0.61958  0.77255  0.48576  0.95510
    118   3.31033  4.56537  5.20618  4.68502  3.70998  4.76726  5.29538  1.49881  4.58546  2.12389  3.01752  4.86326  5.01086  4.78777  4.73118  4.14714  3.55860  0.89578  5.69538  4.52634    402 v - - -
          2.68618  4.42225  2.77519  2.73123  3.46354  2.40513  3.72494  3.29354  2.67741  2.69355  4.24690  2.90347  2.73739  3.18146  2.89801  2.37887  2.77519  2.98518  4.58477  3.61503
          0.01900  4.36851  5.09086  0.61958  0.77255  0.48576  0.95510
    119   2.74983  4.44094  4.05169  3.57344  3.81979  3.66925  4.44218  2.37168  3.45730  2.62465  3.72982  3.81030  4.23131  3.78893  3.73880  3.05105  1.09519  2.16876  5.43744  4.21357    403 t - - -
          2.68618  4.42225  2.77519  2.73123  3.46354  2.40513  3.72494  3.29354  2.67741  2.69355  4.24690  2.90347  2.73739  3.18146  2.89801  2.37887  2.77519  2.98518  4.58477  3.61503
          0.01900  4.36851  5.09086  0.61958  0.77255  0.48576  0.95510
    120   3.35944  5.43914  3.76816  3.08104  4.96148  3.91135  3.82156  4.29748  0.77065  3.69227  4.57939  3.45459  4.28085  2.95579  1.99313  3.34536  3.51073  3.97923  5.68095  4.55379    404 k - - -
          2.68618  4.42225  2.77519  2.73123  3.46354  2.40513  3.72494  3.29354  2.67741  2.69355  4.24690  2.90347  2.73739  3.18146  2.89801  2.37887  2.77519  2.98518  4.58477  3.61503
          0.01900  4.36851  5.09086  0.61958  0.77255  0.48576  0.95510
    121   3.36341  4.61084  5.28355  4.81316  3.83995  4.84211  5.52349  0.86073  4.71757  2.28136  3.60660  4.98944  5.11290  4.96699  4.88676  4.26448  3.63034  1.31644  5.90683  4.70244    405 i - - -
          2.68618  4.42225  2.77519  2.73123  3.46354  2.40513  3.72494  3.29354  2.67741  2.69355  4.24690  2.90347  2.73739  3.18146  2.89801  2.37887  2.77519  2.98518  4.58477  3.61503
          0.02869  4.36851  4.15954  0.61958  0.77255  0.48576  0.95510
    122   2.98035  4.48267  4.54318  4.15046  3.81638  4.02928  4.87311  2.12116  3.99529  2.47470  3.74680  4.28040  4.56526  4.33327  4.19271  3.22792  3.32674  0.74891  5.59065  4.31491    406 v - - -
          2.68618  4.42225  2.77519  2.73123  3.46354  2.40513  3.72494  3.29354  2.67741  2.69355  4.24690  2.90347  2.73739  3.18146  2.89801  2.37887  2.77519  2.98518  4.58477  3.61503
          0.01919  4.35901  5.08135  0.61958  0.77255  0.49985  0.93298
    123   3.33367  4.58886  5.22412  4.74172  3.83850  4.80299  5.45213  1.52767  4.64141  2.26454  3.61491  4.92723  5.07768  4.90183  4.82095  4.21351  3.59862  0.76542  5.87336  4.65796    407 v - - -
          2.68618  4.42225  2.77519  2.73123  3.46354  2.40513  3.72494  3.29354  2.67741  2.69355  4.24690  2.90347  2.73739  3.18146  2.89801  2.37887  2.77519  2.98518  4.58477  3.61503
          0.01919  4.35901  5.08135  0.61958  0.77255  0.49985  0.93298
    124   2.79672  4.89205  3.28132  2.67956  4.13858  3.60849  3.30488  3.36244  2.30133  3.01543  3.96978  3.15752  3.98416  2.67835  1.55551  2.84912  3.01126  2.61475  5.35435  4.07709    408 r - - -
          2.68618  4.42225  2.77519  2.73123  3.46354  2.40513  3.72494  3.29354  2.67741  2.69355  4.24690  2.90347  2.73739  3.18146  2.89801  2.37887  2.77519  2.98518  4.58477  3.61503
          0.01919  4.35901  5.08135  0.61958  0.77255  0.47705  0.96919
    125   2.35835  5.10114  2.85707  2.25760  4.41744  2.96148  3.63731  3.48938  2.27619  3.39377  4.15022  2.41708  3.38395  2.67694  2.44164  2.63993  2.74960  3.47638  5.55128  4.15909    409 e - - -
          2.68618  4.42225  2.77519  2.73123  3.46354  2.40513  3.72494  3.29354  2.67741  2.69355  4.24690  2.90347  2.73739  3.18146  2.89801  2.37887  2.77519  2.98518  4.58477  3.61503
          0.01900  4.36851  5.09086  0.61958  0.77255  0.48576  0.95510
    126   2.62418  4.82556  3.02006  2.46973  4.06388  2.41890  3.70739  3.29809  2.51667  2.84580  3.71927  2.23944  3.88616  2.86507  2.97543  2.42452  2.82381  3.00500  5.34282  4.01517    410 n - - -
          2.68618  4.42225  2.77519  2.73123  3.46354  2.40513  3.72494  3.29354  2.67741  2.69355  4.24690  2.90347  2.73739  3.18146  2.89801  2.37887  2.77519  2.98518  4.58477  3.61503
          0.05068  4.36851  3.30371  0.61958  0.77255  0.48576  0.95510
    127   2.22302  5.04520  2.69004  2.37153  4.35364  2.26916  3.21742  3.80582  2.44154  3.34593  4.12228  2.84563  3.43502  2.78861  2.87350  2.43746  2.83130  3.42158  5.52976  4.14988    411 a - - -
          2.68618  4.42225  2.77519  2.73123  3.46354  2.40513  3.72494  3.29354  2.67741  2.69355  4.24690  2.90347  2.73739  3.18146  2.89801  2.37887  2.77519  2.98518  4.58477  3.61503
          0.27036  4.33744  1.49691  0.61958  0.77255  0.53062  0.88731
    128   2.67387  4.88783  2.55727  2.38903  4.29184  1.73937  3.48102  3.73779  2.62021  3.32580  4.15123  2.91075  3.66662  2.79551  3.09032  2.36381  2.96415  3.36628  5.54526  4.18549    412 g - - -
          2.68618  4.42225  2.77519  2.73123  3.46354  2.40513  3.72494  3.29354  2.67741  2.69355  4.24690  2.90347  2.73739  3.18146  2.89801  2.37887  2.77519  2.98518  4.58477  3.61503
          0.04326  4.09221  3.66366  0.61958  0.77255  0.64887  0.73948
    129   2.51788  5.11906  2.15193  1.90428  4.21088  3.04931  3.64123  3.90332  2.43969  3.42089  4.19381  2.76028  3.81419  2.76158  2.94248  2.32044  2.92470  3.42827  5.58781  4.18216    413 e - - -
          2.68601  4.42260  2.77422  2.73146  3.46389  2.40367  3.72518  3.29381  2.67767  2.69385  4.24725  2.90382  2.73763  3.18182  2.89828  2.37917  2.77555  2.98492  4.58512  3.61538
          0.70289  0.69866  4.87979  1.33054  0.30698  0.37814  1.15560
    130   2.37770  4.30909  3.23830  3.05005  3.43757  3.64885  3.91172  2.32871  2.90575  2.38410  2.76405  3.29319  4.02644  3.28441  3.32202  2.38509  2.87671  2.32556  4.89888  3.22900    426 v - - -
          2.68618  4.42225  2.77519  2.73123  3.46354  2.40513  3.72494  3.29354  2.67741  2.69355  4.24690  2.90347  2.73739  3.18146  2.89801  2.37887  2.77519  2.98518  4.58477  3.61503
          0.21563  4.35513  1.70856  0.61958  0.77255  0.50551  0.92432
    131   2.45288  4.56145  3.05261  2.21735  3.67966  3.40946  3.41206  3.12044  2.59986  2.21050  3.48657  3.10081  3.87909  2.93552  3.02314  2.71466  2.83317  2.56254  5.10823  3.82605    427 l - - -
          2.68618  4.42225  2.77519  2.73123  3.46354  2.40513  3.72494  3.29354  2.67741  2.69355  4.24690  2.90347  2.73739  3.18146  2.89801  2.37887  2.77519  2.98518  4.58477  3.61503
          0.03326  4.16289  4.06590  0.61958  0.77255  0.73162  0.65610
    132   2.74475  5.22034  2.19592  1.62437  4.51681  2.81299  3.09436  4.00118  2.49373  3.50775  4.28769  2.82436  3.83296  2.79433  3.00745  2.69307  2.99056  3.59115  5.66594  3.87942    428 e - - -
          2.68618  4.42225  2.77519  2.73123  3.46354  2.40513  3.72494  3.29354  2.67741  2.69355  4.24690  2.90347  2.73739  3.18146  2.89801  2.37887  2.77519  2.98518  4.58477  3.61503
          0.02362  4.15325  4.87560  0.61958  0.77255  0.74073  0.64773
    133   2.59180  4.31879  3.18347  2.84225  3.04636  3.56654  3.81946  2.72690  2.84175  1.82708  3.33693  3.29904  3.71517  3.14868  3.01753  2.61176  2.82389  2.58835  4.89870  3.66191    429 l - - -
          2.68618  4.42225  2.77519  2.73123  3.46354  2.40513  3.72494  3.29354  2.67741  2.69355  4.24690  2.90347  2.73739  3.18146  2.89801  2.37887  2.77519  2.98518  4.58477  3.61503
          0.02362  4.15325  4.87560  0.61958  0.77255  0.70884  0.67770
    134   2.52990  3.79954  3.19342  2.77844  3.61853  3.36125  3.59437  2.98849  2.74584  2.17910  3.55973  3.21218  3.90638  3.06718  3.13406  2.07078  2.54115  2.73700  5.02715  3.77287    430 s - - -
          2.68611  4.42228  2.77515  2.73121  3.46357  2.40516  3.72498  3.29357  2.67744  2.69358  4.24670  2.90350  2.73736  3.18142  2.89804  2.37882  2.77523  2.98521  4.58480  3.61506
          0.22795  1.62795  4.89195  0.24457  1.52804  0.41206  1.08555
    135   2.59257  4.48693  2.98535  2.79772  3.60290  3.31903  3.81829  2.96100  2.75889  1.65037  3.37578  3.24605  3.96399  2.99312  2.91755  2.76173  2.82979  2.77087  5.05341  3.79714    432 l - - -
          2.68618  4.42225  2.77519  2.73123  3.46354  2.40513  3.72494  3.29354  2.67741  2.69355  4.24690  2.90347  2.73739  3.18146  2.89801  2.37887  2.77519  2.98518  4.58477  3.61503
          0.02458  4.33853  4.49000  0.61958  0.77255  0.47770  0.96813
    136   2.62129  5.33966  1.56278  1.81428  4.65544  3.37068  3.75713  4.01541  2.59674  3.63889  4.41709  2.58278  3.91199  2.88274  3.12122  2.77889  3.03258  3.50449  5.79384  4.35817    433 d - - -
          2.68618  4.42225  2.77519  2.73123  3.46354  2.40513  3.72494  3.29354  2.67741  2.69355  4.24690  2.90347  2.73739  3.18146  2.89801  2.37887  2.77519  2.98518  4.58477  3.61503
          0.03476  4.35580  3.84754  0.61958  0.77255  0.48547  0.95558
    137   2.57425  5.25138  2.14629  1.74910  4.57842  3.25450  3.68263  4.06424  2.37817  3.54919  4.30488  2.89021  3.65692  2.31813  2.96999  2.61361  2.98366  3.53638  5.68953  4.26780    434 e - - -
          2.68618  4.42225  2.77519  2.73123  3.46354  2.40513  3.72494  3.29354  2.67741  2.69355  4.24690  2.90347  2.73739  3.18146  2.89801  2.37887  2.77519  2.98518  4.58477  3.61503
          0.01939  4.34867  5.07102  0.61958  0.77255  0.47910  0.96585
    138   3.19409  4.57029  4.78915  4.21191  2.72670  4.37593  4.64847  2.41718  4.07091  0.84116  2.72310  4.40569  4.63947  4.19642  4.18383  3.44563  3.41935  2.39138  5.05928  3.90371    435 l - - -
          2.68618  4.42225  2.77519  2.73123  3.46354  2.40513  3.72494  3.29354  2.67741  2.69355  4.24690  2.90347  2.73739  3.18146  2.89801  2.37887  2.77519  2.98518  4.58477  3.61503
          0.01909  4.36377  5.08611  0.61958  0.77255  0.48136  0.96218
    139   2.69291  5.15405  2.83153  1.76671  4.47756  3.32043  3.12412  3.94916  2.08141  3.44818  4.20316  2.42180  3.85169  2.75742  2.88038  2.66118  2.92535  3.22366  5.59596  4.02498    436 e - - -
          2.68618  4.42225  2.77519  2.73123  3.46354  2.40513  3.72494  3.29354  2.67741  2.69355  4.24690  2.90347  2.73739  3.18146  2.89801  2.37887  2.77519  2.98518  4.58477  3.61503
          0.01900  4.36851  5.09086  0.61958  0.77255  0.48576  0.95510
    140   2.73541  4.16880  4.32287  3.73421  3.10161  3.87322  4.18773  2.26381  3.59651  1.61456  3.21500  3.89948  3.44188  3.79402  3.73863  3.17029  2.90181  1.67595  4.79705  3.21374    437 l - - -
          2.68618  4.42225  2.77519  2.73123  3.46354  2.40513  3.72494  3.29354  2.67741  2.69355  4.24690  2.90347  2.73739  3.18146  2.89801  2.37887  2.77519  2.98518  4.58477  3.61503
          0.01900  4.36851  5.09086  0.61958  0.77255  0.48576  0.95510
    141   3.38250  5.67695  0.54396  2.56504  5.19935  3.18982  4.29102  4.83909  3.44994  4.35933  5.29689  3.13969  4.21821  3.51165  4.05514  3.29663  3.73972  4.37944  6.31224  4.94951    438 D - - -
          2.68618  4.42225  2.77519  2.73123  3.46354  2.40513  3.72494  3.29354  2.67741  2.69355  4.24690  2.90347  2.73739  3.18146  2.89801  2.37887  2.77519  2.98518  4.58477  3.61503
          0.01900  4.36851  5.09086  0.61958  0.77255  0.48576  0.95510
    142   2.66444  4.37376  3.56062  2.98979  3.50887  3.64691  3.89810  2.61337  2.66647  2.43290  2.71366  3.38968  4.02507  3.23432  2.80840  2.89498  1.95446  2.44601  4.95935  3.72847    439 t - - -
          2.68618  4.42225  2.77519  2.73123  3.46354  2.40513  3.72494  3.29354  2.67741  2.69355  4.24690  2.90347  2.73739  3.18146  2.89801  2.37887  2.77519  2.98518  4.58477  3.61503
          0.01900  4.36851  5.09086  0.61958  0.77255  0.48576  0.95510
    143   4.28486  5.45619  4.92416  4.77137  3.35237  4.35458  4.64786  4.37036  4.50889  3.66597  4.97370  4.83432  4.91672  4.86692  4.53901  4.48406  4.61652  4.27119  0.29013  3.33348    440 W - - -
          2.68618  4.42225  2.77519  2.73123  3.46354  2.40513  3.72494  3.29354  2.67741  2.69355  4.24690  2.90347  2.73739  3.18146  2.89801  2.37887  2.77519  2.98518  4.58477  3.61503
          0.01900  4.36851  5.09086  0.61958  0.77255  0.48576  0.95510
    144   3.66691  5.41217  4.21638  3.65584  4.90058  4.01944  4.31885  4.50476  2.61334  3.92938  4.93947  3.96496  4.51898  3.53507  0.43039  3.74238  3.91228  4.21211  5.79264  4.74755    441 R - - -
          2.68618  4.42225  2.77519  2.73123  3.46354  2.40513  3.72494  3.29354  2.67741  2.69355  4.24690  2.90347  2.73739  3.18146  2.89801  2.37887  2.77519  2.98518  4.58477  3.61503
          0.01900  4.36851  5.09086  0.61958  0.77255  0.48576  0.95510
    145   2.89087  3.92213  4.32275  3.79453  1.14229  3.91566  4.02347  2.65618  3.65608  2.43936  3.47418  3.91414  4.32092  3.85355  3.81795  2.86292  3.14994  2.58586  4.47624  2.90640    442 f - - -
          2.68618  4.42225  2.77519  2.73123  3.46354  2.40513  3.72494  3.29354  2.67741  2.69355  4.24690  2.90347  2.73739  3.18146  2.89801  2.37887  2.77519  2.98518  4.58477  3.61503
          0.01900  4.36851  5.09086  0.61958  0.77255  0.48576  0.95510
    146   3.21161  5.18449  3.74660  3.19132  4.74929  3.78173  4.02090  4.19516  2.36009  3.67571  4.58329  3.55366  3.25087  3.19156  0.72928  3.26943  3.47036  3.85206  5.69944  4.55276    443 r - - -
          2.68618  4.42225  2.77519  2.73123  3.46354  2.40513  3.72494  3.29354  2.67741  2.69355  4.24690  2.90347  2.73739  3.18146  2.89801  2.37887  2.77519  2.98518  4.58477  3.61503
          0.01900  4.36851  5.09086  0.61958  0.77255  0.48576  0.95510
    147   3.76710  5.09770  4.98797  4.65704  3.40874  4.60933  5.16361  2.66219  4.42425  0.44015  3.32292  4.88831  4.97630  4.66692  4.50774  4.28406  4.04732  2.82303  5.43704  4.26638    444 L - - -
          2.68618  4.42225  2.77519  2.73123  3.46354  2.40513  3.72494  3.29354  2.67741  2.69355  4.24690  2.90347  2.73739  3.18146  2.89801  2.37887  2.77519  2.98518  4.58477  3.61503
          0.01900  4.36851  5.09086  0.61958  0.77255  0.48576  0.95510
    148   2.31344  4.56966  3.64229  3.49223  4.64703  3.30287  4.61603  4.01840  3.59000  3.73950  4.67685  3.66881  0.71008  3.92307  3.85524  2.83812  3.16052  3.52828  5.97641  4.79311    445 p - - -
          2.68618  4.42225  2.77519  2.73123  3.46354  2.40513  3.72494  3.29354  2.67741  2.69355  4.24690  2.90347  2.73739  3.18146  2.89801  2.37887  2.77519  2.98518  4.58477  3.61503
          0.01900  4.36851  5.09086  0.61958  0.77255  0.48576  0.95510
    149   2.01104  4.94811  2.94424  1.75124  4.34612  3.42257  3.75524  3.78301  2.55257  3.35330  4.14621  3.00653  3.16022  2.89258  3.02556  2.55091  2.44970  3.39942  5.55787  4.19837    446 e - - -
          2.68618  4.42225  2.77519  2.73123  3.46354  2.40513  3.72494  3.29354  2.67741  2.69355  4.24690  2.90347  2.73739  3.18146  2.89801  2.37887  2.77519  2.98518  4.58477  3.61503
          0.01900  4.36851  5.09086  0.61958  0.77255  0.48576  0.95510
    150   2.40826  3.40619  3.56852  2.98219  4.06919  3.13580  4.09711  3.46044  3.03689  3.14054  3.98688  3.37993  3.56283  3.34869  3.41053  1.62585  1.67463  3.08952  5.43985  4.19708    447 s - - -
          2.68618  4.42225  2.77519  2.73123  3.46354  2.40513  3.72494  3.29354  2.67741  2.69355  4.24690  2.90347  2.73739  3.18146  2.89801  2.37887  2.77519  2.98518  4.58477  3.61503
          0.01900  4.36851  5.09086  0.61958  0.77255  0.48576  0.95510
    151   2.44463  4.37157  3.73229  3.24340  3.94968  3.37261  4.19131  3.16326  3.18200  2.98961  3.73848  3.50558  3.97848  3.49503  3.51007  2.26553  1.24156  2.41785  5.38052  4.15703    448 t - - -
          2.68618  4.42225  2.77519  2.73123  3.46354  2.40513  3.72494  3.29354  2.67741  2.69355  4.24690  2.90347  2.73739  3.18146  2.89801  2.37887  2.77519  2.98518  4.58477  3.61503
          0.01900  4.36851  5.09086  0.61958  0.77255  0.48576  0.95510
    152   2.65648  3.53321  3.55217  2.98197  3.40574  3.63913  3.89053  2.67662  2.47632  2.42390  2.66516  3.38205  4.01743  3.12063  2.25725  2.88610  2.88771  2.44522  4.94886  3.71746    449 r - - -
          2.68618  4.42225  2.77519  2.73123  3.46354  2.40513  3.72494  3.29354  2.67741  2.69355  4.24690  2.90347  2.73739  3.18146  2.89801  2.37887  2.77519  2.98518  4.58477  3.61503
          0.01900  4.36851  5.09086  0.61958  0.77255  0.48576  0.95510
    153   2.57084  4.58455  3.59414  3.29752  4.12573  3.42357  4.33793  3.41447  3.22504  2.70037  4.16582  3.57233  0.95071  3.63149  3.51406  2.88444  3.12303  3.12481  5.60005  4.31685    450 p - - -
          2.68618  4.42225  2.77519  2.73123  3.46354  2.40513  3.72494  3.29354  2.67741  2.69355  4.24690  2.90347  2.73739  3.18146  2.89801  2.37887  2.77519  2.98518  4.58477  3.61503
          0.01900  4.36851  5.09086  0.61958  0.77255  0.48576  0.95510
    154   2.41065  5.31775  2.45213  1.14254  4.68709  3.41525  3.84531  4.15448  2.73004  3.68686  4.49252  2.92262  3.95594  2.99000  3.25436  2.59555  3.10565  3.74238  5.86460  4.43585    451 e - - -
          2.68618  4.42225  2.77519  2.73123  3.46354  2.40513  3.72494  3.29354  2.67741  2.69355  4.24690  2.90347  2.73739  3.18146  2.89801  2.37887  2.77519  2.98518  4.58477  3.61503
          0.01900  4.36851  5.09086  0.61958  0.77255  0.48576  0.95510
    155   3.22541  4.62961  4.69195  4.11738  3.23796  4.38143  4.67025  2.43447  3.59302  0.89955  2.11228  4.36425  4.64720  4.12699  4.05295  3.70640  3.45082  2.45562  5.15759  4.05218    452 l - - -
          2.68618  4.42225  2.77519  2.73123  3.46354  2.40513  3.72494  3.29354  2.67741  2.69355  4.24690  2.90347  2.73739  3.18146  2.89801  2.37887  2.77519  2.98518  4.58477  3.61503
          0.01900  4.36851  5.09086  0.61958  0.77255  0.48576  0.95510
    156   0.89029  4.33822  4.08640  3.70988  4.16053  3.33837  4.57766  2.99920  3.64027  3.07768  4.07802  3.76576  4.05182  3.92744  3.89011  2.77921  2.82031  2.13975  5.68225  4.48918    453 a - - -
          2.68618  4.42225  2.77519  2.73123  3.46354  2.40513  3.72494  3.29354  2.67741  2.69355  4.24690  2.90347  2.73739  3.18146  2.89801  2.37887  2.77519  2.98518  4.58477  3.61503
          0.01900  4.36851  5.09086  0.61958  0.77255  0.48576  0.95510
    157   2.58671  4.41074  3.60916  3.08542  3.80870  3.46082  4.05358  3.07244  3.02645  2.84683  3.24111  3.42606  3.98849  3.34778  3.37691  2.08661  1.46205  2.56182  5.24121  4.00449    454 t - - -
          2.68618  4.42225  2.77519  2.73123  3.46354  2.40513  3.72494  3.29354  2.67741  2.69355  4.24690  2.90347  2.73739  3.18146  2.89801  2.37887  2.77519  2.98518  4.58477  3.61503
          0.01900  4.36851  5.09086  0.61958  0.77255  0.48576  0.95510
    158   0.73738  4.33582  4.06427  3.75243  4.32771  3.24828  4.64269  3.27882  3.69051  3.27109  4.25838  3.75034  4.00569  3.98216  3.92499  2.71024  2.85529  2.59515  5.82161  4.63270    455 a - - -
          2.68618  4.42225  2.77519  2.73123  3.46354  2.40513  3.72494  3.29354  2.67741  2.69355  4.24690  2.90347  2.73739  3.18146  2.89801  2.37887  2.77519  2.98518  4.58477  3.61503
          0.01900  4.36851  5.09086  0.61958  0.77255  0.48576  0.95510
    159   2.16918  4.42911  3.31373  2.91170  3.62332  2.94728  3.88929  2.96390  2.87165  2.68834  3.41295  3.32705  3.98969  3.18668  3.01894  2.83553  2.66074  1.75756  5.05042  3.80662    456 v - - -
          2.68618  4.42225  2.77519  2.73123  3.46354  2.40513  3.72494  3.29354  2.67741  2.69355  4.24690  2.90347  2.73739  3.18146  2.89801  2.37887  2.77519  2.98518  4.58477  3.61503
          0.01900  4.36851  5.09086  0.61958  0.77255  0.48576  0.95510
    160   2.88502  3.09171  4.48541  3.93380  1.53062  3.97351  3.97586  2.70535  3.77229  2.14355  3.38601  3.97587  4.33134  3.91515  3.86326  3.12394  3.11738  2.53387  4.36251  2.12214    457 f - - -
          2.68618  4.42225  2.77516  2.73123  3.46354  2.40513  3.72495  3.29354  2.67741  2.69355  4.24690  2.90347  2.73740  3.18146  2.89801  2.37887  2.77520  2.98518  4.58477  3.61503
          0.03033  3.74119  5.09086  0.55509  0.85337  0.48576  0.95510
    161   2.05157  4.30151  3.51296  3.08130  3.47006  3.53304  4.00799  2.38201  3.11992  2.52575  3.44427  3.52260  4.07841  3.40323  3.42770  2.87249  2.86584  1.61649  4.95177  3.73327    459 v - - -
          2.68618  4.42225  2.77519  2.73123  3.46354  2.40513  3.72494  3.29354  2.67741  2.69355  4.24690  2.90347  2.73739  3.18146  2.89801  2.37887  2.77519  2.98518  4.58477  3.61503
          0.01900  4.36851  5.09086  0.61958  0.77255  0.48576  0.95510
    162   2.78898  5.50452  1.19249  2.20688  4.81152  2.91184  3.84811  4.31186  2.76470  3.80561  4.60887  2.53695  3.96903  2.80666  3.32096  2.88538  3.23523  3.68506  5.96546  4.49841    460 d - - -
          2.68618  4.42225  2.77519  2.73123  3.46354  2.40513  3.72494  3.29354  2.67741  2.69355  4.24690  2.90347  2.73739  3.18146  2.89801  2.37887  2.77519  2.98518  4.58477  3.61503
          0.01900  4.36851  5.09086  0.61958  0.77255  0.48576  0.95510
    163   3.39868  5.09563  4.17035  4.14414  5.22220  0.25655  5.20342  4.97238  4.39046  4.55008  5.54983  4.33734  4.49834  4.67618  4.54419  3.58886  3.91664  4.40425  6.15702  5.35050    461 G - - -
          2.68618  4.42225  2.77519  2.73123  3.46354  2.40513  3.72494  3.29354  2.67741  2.69355  4.24690  2.90347  2.73739  3.18146  2.89801  2.37887  2.77519  2.98518  4.58477  3.61503
          0.01900  4.36851  5.09086  0.61958  0.77255  0.48576  0.95510
    164   2.91228  5.42123  2.49588  1.22375  4.74136  3.45220  3.78154  4.22498  2.41493  3.70484  4.49290  2.91299  3.95229  2.30715  2.98289  2.84314  3.15882  3.80363  5.84206  4.41686    462 e - - -
          2.68618  4.42225  2.77519  2.73123  3.46354  2.40513  3.72494  3.29354  2.67741  2.69355  4.24690  2.90347  2.73739  3.18146  2.89801  2.37887  2.77519  2.98518  4.58477  3.61503
          0.01900  4.36851  5.09086  0.61958  0.77255  0.48576  0.95510
    165   3.76710  5.09770  4.98797  4.65704  3.40874  4.60933  5.16361  2.66219  4.42425  0.44015  3.32292  4.88831  4.97630  4.66692  4.50774  4.28406  4.04732  2.82303  5.43704  4.26638    463 L - - -
          2.68618  4.42225  2.77519  2.73123  3.46354  2.40513  3.72494  3.29354  2.67741  2.69355  4.24690  2.90347  2.73739  3.18146  2.89801  2.37887  2.77519  2.98518  4.58477  3.61503
          0.01900  4.36851  5.09086  0.61958  0.77255  0.48576  0.95510
    166   3.18774  4.49759  5.00815  4.51229  3.79724  4.54141  5.15205  1.00198  4.39790  2.39777  3.62201  4.67266  4.87963  4.65811  4.56954  3.60627  3.45734  1.26063  5.67523  4.45740    464 i - - -
          2.68618  4.42225  2.77519  2.73123  3.46354  2.40513  3.72494  3.29354  2.67741  2.69355  4.24690  2.90347  2.73739  3.18146  2.89801  2.37887  2.77519  2.98518  4.58477  3.61503
          0.01900  4.36851  5.09086  0.61958  0.77255  0.48576  0.95510
    167   3.22858  4.66686  4.79629  4.50098  3.97358  4.22165  5.23775  2.16457  4.38005  2.58864  3.88571  4.60642  4.77403  4.71589  4.54278  3.77824  3.58978  0.56523  5.83222  4.58575    465 V - - -
          2.68618  4.42225  2.77519  2.73123  3.46354  2.40513  3.72494  3.29354  2.67741  2.69355  4.24690  2.90347  2.73739  3.18146  2.89801  2.37887  2.77519  2.98518  4.58477  3.61503
          0.01900  4.36851  5.09086  0.61958  0.77255  0.48576  0.95510
    168   2.59247  4.41559  3.99699  3.65907  4.15904  3.37398  4.56269  3.08149  3.54961  3.06033  4.11701  3.75846  4.08513  3.89796  3.79698  2.82939  0.84361  2.47686  5.69706  4.47246    466 t - - -
          2.68618  4.42225  2.77519  2.73123  3.46354  2.40513  3.72494  3.29354  2.67741  2.69355  4.24690  2.90347  2.73739  3.18146  2.89801  2.37887  2.77519  2.98518  4.58477  3.61503
          0.01900  4.36851  5.09086  0.61958  0.77255  0.48576  0.95510
    169   3.22858  4.66686  4.79629  4.50098  3.97358  4.22165  5.23775  2.16457  4.38005  2.58864  3.88571  4.60642  4.77403  4.71589  4.54278  3.77824  3.58978  0.56523  5.83222  4.58575    467 V - - -
          2.68618  4.42225  2.77519  2.73123  3.46354  2.40513  3.72494  3.29354  2.67741  2.69355  4.24690  2.90347  2.73739  3.18146  2.89801  2.37887  2.77519  2.98518  4.58477  3.61503
          0.01900  4.36851  5.09086  0.61958  0.77255  0.48576  0.95510
    170   3.54708  5.18951  4.20992  4.13831  5.04686  3.85066  5.14716  4.75679  4.24543  4.31180  5.40034  4.38343  0.27012  4.61600  4.40823  3.73583  4.03056  4.33787  6.06329  5.18246    468 P - - -
          2.68618  4.42225  2.77519  2.73123  3.46354  2.40513  3.72494  3.29354  2.67741  2.69355  4.24690  2.90347  2.73739  3.18146  2.89801  2.37887  2.77519  2.98518  4.58477  3.61503
          0.01900  4.36851  5.09086  0.61958  0.77255  0.48576  0.95510
    171   3.35689  5.43094  3.73879  3.07939  4.94684  3.90227  3.83466  4.29327  0.75077  3.69491  4.58533  3.45586  4.28152  2.97138  2.06309  3.34536  3.51460  3.97498  5.68530  4.55400    469 k - - -
          2.68618  4.42225  2.77519  2.73123  3.46354  2.40513  3.72494  3.29354  2.67741  2.69355  4.24690  2.90347  2.73739  3.18146  2.89801  2.37887  2.77519  2.98518  4.58477  3.61503
          0.01900  4.36851  5.09086  0.61958  0.77255  0.48576  0.95510
    172   2.05977  4.06650  3.22077  2.75949  3.72754  2.23509  3.81420  2.94042  2.73304  2.78666  3.29578  3.07235  3.95085  3.05936  3.03039  2.74651  2.69266  2.77018  5.11781  3.85126    470 a - - -
          2.68618  4.42225  2.77519  2.73123  3.46354  2.40513  3.72494  3.29354  2.67741  2.69355  4.24690  2.90347  2.73739  3.18146  2.89801  2.37887  2.77519  2.98518  4.58477  3.61503
          0.03523  4.36851  3.81921  0.61958  0.77255  0.48576  0.95510
    173   2.38872  4.87360  2.70377  2.34579  3.51468  2.76248  3.52961  3.53753  2.42989  2.98572  3.74768  2.88086  3.61555  2.76546  2.87942  2.68137  2.84307  2.61357  5.37225  4.03236    471 e - - -
          2.68618  4.42225  2.77519  2.73123  3.46354  2.40513  3.72494  3.29354  2.67741  2.69355  4.24690  2.90347  2.73739  3.18146  2.89801  2.37887  2.77519  2.98518  4.58477  3.61503
          0.03442  4.35259  3.86526  0.61958  0.77255  0.47140  0.97851
    174   2.45420  5.19645  2.43354  2.09129  4.52598  2.76416  3.56647  4.00642  2.41945  3.49546  4.24700  2.33513  3.85129  2.76460  2.41282  2.60456  2.94223  3.57988  5.63694  4.22547    472 e - - -
          2.68620  4.42261  2.77486  2.72995  3.46379  2.40509  3.72530  3.29350  2.67776  2.69372  4.24672  2.90330  2.73729  3.18174  2.89823  2.37911  2.77539  2.98518  4.58484  3.61539
          0.51691  0.92282  5.07628  1.36759  0.29400  0.50724  0.92170
    175   2.61928  5.25398  1.99386  2.37004  4.78651  1.25669  3.96822  4.26787  2.94649  3.81615  4.64549  2.80472  3.98246  3.13798  3.49340  2.88746  3.24503  3.82364  6.00467  4.57117    485 g - - -
          2.68618  4.42225  2.77519  2.73123  3.46354  2.40513  3.72494  3.29354  2.67741  2.69355  4.24690  2.90347  2.73739  3.18146  2.89801  2.37887  2.77519  2.98518  4.58477  3.61503
          0.04599  4.35393  3.43903  0.61958  0.77255  0.50724  0.92170
    176   2.74102  5.23827  2.14963  2.23269  4.56459  2.32431  3.57355  4.04675  2.38982  3.53355  4.29169  2.50584  3.86290  2.69567  2.46279  2.69442  2.97894  3.62035  5.67441  4.25817    486 d - - -
          2.68618  4.42225  2.77519  2.73123  3.46354  2.40513  3.72494  3.29354  2.67741  2.69355  4.24690  2.90347  2.73739  3.18146  2.89801  2.37887  2.77519  2.98518  4.58477  3.61503
          0.04068  4.31282  3.63177  0.61958  0.77255  0.51469  0.91053
    177   2.53664  4.07980  2.77580  2.97059  4.48105  0.97627  4.22393  3.91558  3.18565  3.58624  4.41797  3.30917  3.90924  3.45593  3.57869  2.61623  2.97853  3.41987  5.79571  4.51983    487 g - - -
          2.68618  4.42225  2.77519  2.73123  3.46354  2.40513  3.72494  3.29354  2.67741  2.69355  4.24690  2.90347  2.73739  3.18146  2.89801  2.37887  2.77519  2.98518  4.58477  3.61503
          0.07340  4.30571  2.85979  0.61958  0.77255  0.55338  0.85567
    178   2.74593  5.37722  2.23288  1.71963  4.68198  1.85875  3.50534  4.17260  2.65644  3.67513  4.47264  2.67930  3.90274  2.90772  3.19595  2.80207  3.13318  3.75521  5.83857  4.38966    488 e - - -
          2.68618  4.42225  2.77519  2.73123  3.46354  2.40513  3.72494  3.29354  2.67741  2.69355  4.24690  2.90347  2.73739  3.18146  2.89801  2.37887  2.77519  2.98518  4.58477  3.61503
          0.03033  4.25365  4.15666  0.61958  0.77255  0.50077  0.93157
    179   2.43584  4.71946  3.01433  2.44196  2.88936  3.00129  3.70852  3.19284  2.23930  2.88369  3.79957  2.64987  3.88400  2.88798  2.90921  2.70649  2.86791  2.86228  4.59988  3.93609    489 k - - -
          2.68661  4.42242  2.77569  2.73219  3.46247  2.40563  3.72246  3.29225  2.67724  2.69259  4.24742  2.90270  2.73775  3.18204  2.89858  2.37922  2.77406  2.98576  4.58416  3.61572
          0.81687  1.09991  1.49037  2.61174  0.07624  0.52215  0.89955
    180   2.46591  4.86389  2.86780  2.38917  4.18951  2.75742  3.13529  3.62344  2.36868  3.19787  3.99677  2.54459  3.60071  2.77755  2.89414  2.22864  2.71623  3.26237  5.41108  4.05738    529 s - - -
          2.68618  4.42225  2.77519  2.73123  3.46354  2.40513  3.72494  3.29354  2.67741  2.69355  4.24690  2.90347  2.73739  3.18146  2.89801  2.37887  2.77519  2.98518  4.58477  3.61503
          0.08556  4.07538  2.73309  0.61958  0.77255  0.51282  0.91330
    181   1.90765  4.42705  3.34129  2.82601  3.80298  2.28264  3.87352  3.19860  2.79517  2.87877  3.74091  3.22487  3.87495  3.12543  3.13665  2.20654  2.83000  2.89764  3.64344  3.92481    530 a - - -
          2.68618  4.42225  2.77519  2.73123  3.46354  2.40513  3.72494  3.29354  2.67741  2.69355  4.24690  2.90347  2.73739  3.18146  2.89801  2.37887  2.77519  2.98518  4.58477  3.61503
          0.02277  4.18969  4.91203  0.61958  0.77255  0.62114  0.77074
    182   2.48854  4.92906  2.33578  2.18173  4.19387  2.99522  3.57249  3.19252  2.32631  2.66279  3.99403  2.93604  3.82901  2.77283  2.89754  2.64266  2.86777  3.27537  5.41307  4.05447    531 e - - -
          2.68618  4.42225  2.77519  2.73123  3.46354  2.40513  3.72494  3.29354  2.67741  2.69355  4.24690  2.90347  2.73739  3.18146  2.89801  2.37887  2.77519  2.98518  4.58477  3.61503
          0.02201  4.22308  4.94543  0.61958  0.77255  0.58465  0.81486
    183   2.55539  4.18747  3.79268  3.16372  2.67421  2.55455  3.94910  2.44949  3.13777  2.31159  2.93746  3.44262  4.03985  3.40211  3.40843  2.93282  2.40663  2.31061  4.79293  3.58494    532 v - - -
          2.68618  4.42225  2.77519  2.73123  3.46354  2.40513  3.72494  3.29354  2.67741  2.69355  4.24690  2.90347  2.73739  3.18146  2.89801  2.37887  2.77519  2.98518  4.58477  3.61503
          0.02129  4.25593  4.97828  0.61958  0.77255  0.61533  0.77753
    184   2.66059  4.66128  3.21283  2.59715  3.87111  3.00126  3.73181  3.25239  2.52439  2.67286  2.90409  3.12420  3.91463  2.93087  1.94091  2.66119  2.78630  2.97685  5.19716  3.91623    533 r - - -
          2.68618  4.42225  2.77519  2.73123  3.46354  2.40513  3.72494  3.29354  2.67741  2.69355  4.24690  2.90347  2.73739  3.18146  2.89801  2.37887  2.77519  2.98518  4.58477  3.61503
          0.04503  4.25593  3.51168  0.61958  0.77255  0.61533  0.77753
    185   2.16843  5.07287  2.01471  2.37061  4.52734  1.86709  3.80672  3.98937  2.69169  3.54285  4.34944  2.91018  3.88006  2.78558  3.20216  2.69350  3.04812  3.57555  5.73631  4.33756    534 g - - -
          2.68618  4.42225  2.77519  2.73123  3.46354  2.40513  3.72494  3.29354  2.67741  2.69355  4.24690  2.90347  2.73739  3.18146  2.89801  2.37887  2.77519  2.98518  4.58477  3.61503
          0.10251  4.23270  2.48987  0.61958  0.77255  0.60732  0.78704
    186   2.56795  4.35244  3.45259  2.86334  3.61571  2.32275  3.89629  2.88130  2.87820  2.42135  3.56431  3.31301  3.93817  3.19924  3.23484  2.73505  2.33683  2.11215  5.05162  3.81202    535 v - - -
          2.68618  4.42225  2.77519  2.73123  3.46354  2.40513  3.72494  3.29354  2.67741  2.69355  4.24690  2.90347  2.73739  3.18146  2.89801  2.37887  2.77519  2.98518  4.58477  3.61503
          0.06302  4.17159  3.08680  0.61958  0.77255  0.70628  0.68019
    187   2.59606  4.06609  4.21285  3.62399  2.80160  3.75057  4.03080  2.05668  3.47750  2.15307  2.35765  3.68966  4.11200  3.67377  3.61324  2.98298  2.85987  2.27916  2.85526  3.38818    536 i - - -
          2.68618  4.42225  2.77519  2.73123  3.46354  2.40513  3.72494  3.29354  2.67741  2.69355  4.24690  2.90347  2.73739  3.18146  2.89801  2.37887  2.77519  2.98518  4.58477  3.61503
          0.03088  4.13268  4.24250  0.61958  0.77255  0.65031  0.73791
    188   2.67742  4.76762  3.01322  2.51191  4.03831  1.92098  3.72649  2.97387  2.49498  3.06179  3.90881  3.04769  3.88958  2.38123  2.83705  2.73821  2.92544  3.12971  5.32306  4.01848    537 g - - -
          2.68621  4.42228  2.77523  2.73126  3.46357  2.40516  3.72498  3.29329  2.67744  2.69327  4.24693  2.90350  2.73743  3.18149  2.89804  2.37890  2.77523  2.98518  4.58480  3.61506
          0.31556  1.62885  2.59746  0.24373  1.53107  0.66723  0.71976
    189   2.35103  4.68116  2.97778  2.51836  3.98199  2.49542  3.69573  3.38849  2.52645  3.01634  3.84477  2.81175  3.82715  2.86924  2.89821  2.54518  2.27072  3.01025  5.28181  3.72325    539 t - - -
          2.68618  4.42225  2.77519  2.73123  3.46354  2.40513  3.72494  3.29354  2.67741  2.69355  4.24690  2.90347  2.73739  3.18146  2.89801  2.37887  2.77519  2.98518  4.58477  3.61503
          0.04984  4.12518  3.42790  0.61958  0.77255  0.71332  0.67337
    190   2.61130  4.80476  2.67126  2.34193  3.40268  2.48638  3.65331  3.47443  2.47131  3.08173  3.89914  2.74561  3.82183  2.80914  2.93756  2.64503  2.40983  3.08896  5.32805  3.99073    540 e - - -
          2.68618  4.42225  2.77519  2.73123  3.46354  2.40513  3.72494  3.29354  2.67741  2.69355  4.24690  2.90347  2.73739  3.18146  2.89801  2.37887  2.77519  2.98518  4.58477  3.61503
          0.08596  4.12016  2.71621  0.61958  0.77255  0.59796  0.79835
    191   2.64247  5.00287  2.54026  2.29540  4.30181  2.62515  3.62814  3.75130  2.40911  3.01214  4.07967  2.64747  3.80989  2.75351  2.72795  2.14116  2.88101  3.37345  5.48544  4.10701    541 s - - -
          2.68595  4.42242  2.77532  2.73124  3.46371  2.40521  3.72512  3.29371  2.67758  2.69341  4.24707  2.90280  2.73725  3.18131  2.89793  2.37900  2.77537  2.98529  4.58494  3.61508
          0.42605  1.08098  4.87299  1.05840  0.42620  0.36016  1.19588
    192   2.66727  4.90489  3.04475  2.41427  4.16176  3.30975  3.50440  3.58317  2.41270  3.09401  3.83511  3.00558  3.87412  2.77971  2.04972  2.16548  2.65308  2.96521  5.39430  4.05558    548 r - - -
          2.68618  4.42225  2.77519  2.73123  3.46354  2.40513  3.72494  3.29354  2.67741  2.69355  4.24690  2.90347  2.73739  3.18146  2.89801  2.37887  2.77519  2.98518  4.58477  3.61503
          0.01988  4.32382  5.04617  0.61958  0.77255  0.48576  0.95510
    193   2.95143  4.40020  4.29993  3.75229  2.43201  4.00585  3.18759  2.66769  3.61650  1.17723  3.36881  3.90969  4.34905  3.80833  3.78584  3.30255  3.17923  2.62740  4.40975  2.63715    549 l - - -
          2.68618  4.42225  2.77519  2.73123  3.46354  2.40513  3.72494  3.29354  2.67741  2.69355  4.24690  2.90347  2.73739  3.18146  2.89801  2.37887  2.77519  2.98518  4.58477  3.61503
          0.01988  4.32382  5.04617  0.61958  0.77255  0.48576  0.95510
    194   2.95495  3.94619  4.62770  4.07110  3.41044  4.20195  4.63364  1.83374  3.95865  2.28812  3.45455  4.25292  4.54801  4.18559  4.13092  3.53078  2.47613  1.07957  5.23918  4.04027    550 v - - -
          2.68618  4.42225  2.77519  2.73123  3.46354  2.40513  3.72494  3.29354  2.67741  2.69355  4.24690  2.90347  2.73739  3.18146  2.89801  2.37887  2.77519  2.98518  4.58477  3.61503
          0.01988  4.32382  5.04617  0.61958  0.77255  0.48576  0.95510
    195   2.73908  4.29312  4.02938  3.48063  3.30318  3.77684  4.17538  2.55263  3.36649  1.21980  3.33214  3.74725  3.50530  3.63765  3.60517  2.97179  2.87316  2.21141  4.95812  3.75972    551 l - - -
          2.68618  4.42225  2.77519  2.73123  3.46354  2.40513  3.72494  3.29354  2.67741  2.69355  4.24690  2.90347  2.73739  3.18146  2.89801  2.37887  2.77519  2.98518  4.58477  3.61503
          0.04201  4.32382  3.57957  0.61958  0.77255  0.48576  0.95510
    196   3.09025  4.42821  4.79562  4.26512  3.69979  4.40662  4.91916  1.57144  4.15934  2.27645  3.53888  4.46729  4.73710  4.41400  4.35333  3.76085  2.56234  1.02775  5.50867  4.30452    552 v - - -
          2.68618  4.42225  2.77519  2.73123  3.46354  2.40513  3.72494  3.29354  2.67741  2.69355  4.24690  2.90347  2.73739  3.18146  2.89801  2.37887  2.77519  2.98518  4.58477  3.61503
          0.02130  4.25538  4.97773  0.61958  0.77255  0.51607  0.90848
    197   2.66626  5.04430  2.93405  2.41369  4.34132  3.47380  3.67280  3.77357  2.23547  3.31832  4.11978  2.97734  2.90069  1.67624  2.77660  2.73367  2.96803  3.41539  5.49838  3.86332    553 q - - -
          2.68623  4.41272  2.77509  2.73049  3.46641  2.40671  3.72579  3.29208  2.67869  2.69095  4.24611  2.90450  2.73822  3.18326  2.89687  2.37917  2.77653  2.98213  4.58527  3.61435
          0.28884  1.38282        *  4.33900  0.01314  0.00000        *
//
