HMMER3/f [3.1b2 | February 2015]
NAME  Mafft_preGroup_1
LENG  157
ALPH  amino
RF    no
MM    no
CONS  yes
CS    no
MAP   yes
DATE  Thu Oct 20 17:40:13 2016
NSEQ  3
EFFN  0.500977
CKSUM 435802632
STATS LOCAL MSV      -10.2587  0.70875
STATS LOCAL VITERBI  -11.0633  0.70875
STATS LOCAL FORWARD   -4.8229  0.70875
HMM          A        C        D        E        F        G        H        I        K        L        M        N        P        Q        R        S        T        V        W        Y   
            m->m     m->i     m->d     i->m     i->i     d->m     d->d
  COMPO   2.57850  4.45774  2.71425  2.56202  3.50552  2.78657  3.69876  2.91324  2.62987  2.58852  3.85678  3.08674  3.32307  3.12033  2.72557  2.65185  2.90123  2.61777  4.00126  3.81807
          2.68628  4.42235  2.77529  2.73133  3.46364  2.40486  3.72504  3.29364  2.67726  2.69365  4.24583  2.90357  2.73749  3.18156  2.89750  2.37897  2.77529  2.98528  4.58487  3.61513
          0.16981  1.92363  4.59488  1.38828  0.28702  0.00000        *
      1   2.96917  4.51791  4.04944  3.64286  3.20763  3.83410  4.37798  2.38323  3.41095  1.80225  1.37781  3.92036  4.29466  3.79279  3.61627  3.31831  3.27445  2.38937  5.04849  3.81030      7 m - - -
          2.68618  4.42225  2.77519  2.73123  3.46354  2.40513  3.72494  3.29354  2.67741  2.69355  4.24690  2.90347  2.73739  3.18146  2.89801  2.37887  2.77519  2.98518  4.58477  3.61503
          0.03140  3.87253  4.59488  0.61958  0.77255  0.48576  0.95510
      2   2.52625  4.69197  2.13204  2.36810  4.23080  3.16458  3.73277  3.64090  2.62469  3.27070  4.10092  2.86551  3.73606  2.90834  3.09562  2.10560  2.26743  3.24774  5.50136  4.14884      8 s - - -
          2.68618  4.42225  2.77519  2.73123  3.46354  2.40513  3.72494  3.29354  2.67741  2.69355  4.24690  2.90347  2.73739  3.18146  2.89801  2.37887  2.77519  2.98518  4.58477  3.61503
          0.03140  3.87253  4.59488  0.61958  0.77255  0.48576  0.95510
      3   2.55893  4.34677  3.42715  2.97071  3.13275  3.37728  3.76496  3.05611  2.83584  2.70350  3.65398  3.29406  3.89292  3.21558  3.13819  1.79666  2.87331  2.79888  2.79977  3.18529      9 s - - -
          2.68618  4.42225  2.77519  2.73123  3.46354  2.40513  3.72494  3.29354  2.67741  2.69355  4.24690  2.90347  2.73739  3.18146  2.89801  2.37887  2.77519  2.98518  4.58477  3.61503
          0.03140  3.87253  4.59488  0.61958  0.77255  0.48576  0.95510
      4   3.14404  4.51874  4.55787  4.03890  3.13433  4.34500  4.68774  1.65544  3.85710  1.16576  2.98811  4.32133  4.60994  4.10656  4.04279  3.71221  3.38794  1.98306  5.14528  3.96054     10 l - - -
          2.68618  4.42225  2.77519  2.73123  3.46354  2.40513  3.72494  3.29354  2.67741  2.69355  4.24690  2.90347  2.73739  3.18146  2.89801  2.37887  2.77519  2.98518  4.58477  3.61503
          0.03140  3.87253  4.59488  0.61958  0.77255  0.48576  0.95510
      5   2.33392  4.19239  3.40375  3.08177  3.87741  1.72800  4.09873  3.02285  3.07551  2.91179  3.87702  3.31292  3.76254  3.40858  3.37595  2.53578  2.76414  2.01708  5.32448  4.07810     11 g - - -
          2.68618  4.42225  2.77519  2.73123  3.46354  2.40513  3.72494  3.29354  2.67741  2.69355  4.24690  2.90347  2.73739  3.18146  2.89801  2.37887  2.77519  2.98518  4.58477  3.61503
          0.03140  3.87253  4.59488  0.61958  0.77255  0.48576  0.95510
      6   2.03550  4.30478  3.33518  2.88152  3.66349  3.29780  3.89668  2.86983  2.81602  2.14762  3.60830  3.23970  2.70811  3.17478  3.15683  2.65228  2.79435  2.62583  5.12870  3.87551     12 a - - -
          2.68618  4.42225  2.77519  2.73123  3.46354  2.40513  3.72494  3.29354  2.67741  2.69355  4.24690  2.90347  2.73739  3.18146  2.89801  2.37887  2.77519  2.98518  4.58477  3.61503
          0.03140  3.87253  4.59488  0.61958  0.77255  0.48576  0.95510
      7   3.31445  4.68831  4.24176  3.83566  1.98611  4.09613  3.42743  3.20927  3.61436  2.62192  3.79673  3.81413  4.43991  3.79299  3.75224  3.45909  3.54162  3.08299  1.78489  1.53340     13 y - - -
          2.68618  4.42225  2.77519  2.73123  3.46354  2.40513  3.72494  3.29354  2.67741  2.69355  4.24690  2.90347  2.73739  3.18146  2.89801  2.37887  2.77519  2.98518  4.58477  3.61503
          0.03140  3.87253  4.59488  0.61958  0.77255  0.48576  0.95510
      8   3.00541  4.84467  3.49605  3.00702  4.19926  3.49348  3.82412  3.74092  2.23713  3.25683  4.25695  3.36678  3.99600  3.04439  0.97829  3.08954  3.27132  3.46485  5.28224  4.12654     14 r - - -
          2.68618  4.42225  2.77519  2.73123  3.46354  2.40513  3.72494  3.29354  2.67741  2.69355  4.24690  2.90347  2.73739  3.18146  2.89801  2.37887  2.77519  2.98518  4.58477  3.61503
          0.03140  3.87253  4.59488  0.61958  0.77255  0.48576  0.95510
      9   2.66484  4.44035  3.33864  3.23801  4.38046  0.72901  4.35835  3.98003  3.41930  3.63417  4.60986  3.50292  3.83149  3.74344  3.65540  2.83675  3.14608  3.50833  5.47566  4.48234     15 g - - -
          2.68618  4.42225  2.77519  2.73123  3.46354  2.40513  3.72494  3.29354  2.67741  2.69355  4.24690  2.90347  2.73739  3.18146  2.89801  2.37887  2.77519  2.98518  4.58477  3.61503
          0.03140  3.87253  4.59488  0.61958  0.77255  0.48576  0.95510
     10   2.66484  4.44035  3.33864  3.23801  4.38046  0.72901  4.35835  3.98003  3.41930  3.63417  4.60986  3.50292  3.83149  3.74344  3.65540  2.83675  3.14608  3.50833  5.47566  4.48234     16 g - - -
          2.68618  4.42225  2.77519  2.73123  3.46354  2.40513  3.72494  3.29354  2.67741  2.69355  4.24690  2.90347  2.73739  3.18146  2.89801  2.37887  2.77519  2.98518  4.58477  3.61503
          0.03140  3.87253  4.59488  0.61958  0.77255  0.48576  0.95510
     11   2.60735  4.68389  2.72311  2.49728  4.21207  1.81745  3.79005  3.70306  2.58100  3.29822  4.17219  2.96286  3.78659  2.19235  2.94740  2.66855  2.94835  3.31901  5.45830  4.14884     17 g - - -
          2.68618  4.42225  2.77519  2.73123  3.46354  2.40513  3.72494  3.29354  2.67741  2.69355  4.24690  2.90347  2.73739  3.18146  2.89801  2.37887  2.77519  2.98518  4.58477  3.61503
          0.03140  3.87253  4.59488  0.61958  0.77255  0.48576  0.95510
     12   2.69652  4.46101  3.45173  2.88426  3.18093  3.59116  3.69134  2.91114  2.58204  2.12800  3.50810  3.27557  3.96987  3.06278  2.35134  2.87039  2.92275  2.71683  4.69046  2.57821     18 l - - -
          2.68618  4.42225  2.77519  2.73123  3.46354  2.40513  3.72494  3.29354  2.67741  2.69355  4.24690  2.90347  2.73739  3.18146  2.89801  2.37887  2.77519  2.98518  4.58477  3.61503
          0.03140  3.87253  4.59488  0.61958  0.77255  0.48576  0.95510
     13   2.68253  4.95843  1.56011  2.21537  4.43748  3.13861  3.75696  3.93159  2.73394  3.52688  4.38019  2.75564  3.76102  2.94046  3.25778  2.07086  3.01644  3.51370  5.69499  4.26903     19 d - - -
          2.68618  4.42225  2.77519  2.73123  3.46354  2.40513  3.72494  3.29354  2.67741  2.69355  4.24690  2.90347  2.73739  3.18146  2.89801  2.37887  2.77519  2.98518  4.58477  3.61503
          0.03140  3.87253  4.59488  0.61958  0.77255  0.48576  0.95510
     14   2.67713  4.81591  3.00514  2.50237  4.05823  3.41212  2.72793  3.54295  2.21729  3.11107  3.95351  2.98273  2.82827  2.76514  2.14996  2.71094  2.91006  3.22133  5.26290  3.94844     20 r - - -
          2.68619  4.42227  2.77494  2.73125  3.46355  2.40514  3.72496  3.29356  2.67742  2.69356  4.24691  2.90348  2.73741  3.18148  2.89802  2.37888  2.77521  2.98520  4.58478  3.61505
          0.17083  1.91779  4.59488  0.34449  1.23298  0.48576  0.95510
     15   3.33553  4.71023  4.09115  3.79721  2.66613  3.73013  3.89974  3.35907  3.51939  2.75398  3.99287  3.94624  4.24785  3.90700  3.64775  3.53924  3.63592  3.24940  0.88517  2.66821     22 w - - -
          2.68618  4.42225  2.77519  2.73123  3.46354  2.40513  3.72494  3.29354  2.67741  2.69355  4.24690  2.90347  2.73739  3.18146  2.89801  2.37887  2.77519  2.98518  4.58477  3.61503
          0.16776  3.87253  2.01260  0.61958  0.77255  0.48576  0.95510
     16   2.62960  2.65766  4.12799  3.62649  3.34427  3.65344  4.31281  1.68769  3.46945  2.12158  3.29415  3.81151  4.14445  3.77035  3.68715  3.03964  2.94759  1.88063  5.04762  3.80948     23 i - - -
          2.68621  4.42228  2.77496  2.73126  3.46357  2.40516  3.72498  3.29357  2.67744  2.69358  4.24693  2.90350  2.73717  3.18150  2.89804  2.37890  2.77523  2.98522  4.58480  3.61506
          0.19744  1.78593  4.46302  0.65857  0.72897  0.59265  0.80488
     17   2.17613  4.13685  3.00858  2.81301  4.15376  1.99293  4.00323  3.61508  2.96390  3.30059  4.14813  3.07299  3.58172  3.27004  3.29273  1.73887  2.64967  3.09358  5.48362  4.22940     26 s - - -
          2.68618  4.42225  2.77519  2.73123  3.46354  2.40513  3.72494  3.29354  2.67741  2.69355  4.24690  2.90347  2.73739  3.18146  2.89801  2.37887  2.77519  2.98518  4.58477  3.61503
          0.03590  3.74067  4.46302  0.61958  0.77255  0.42429  1.06199
     18   2.22174  4.16102  3.27725  2.98244  4.11931  2.94412  4.06911  3.45785  2.99866  3.20716  4.07629  3.20247  3.66162  3.33555  3.31357  1.50021  2.01670  3.00119  5.48378  4.24019     27 s - - -
          2.68618  4.42225  2.77519  2.73123  3.46354  2.40513  3.72494  3.29354  2.67741  2.69355  4.24690  2.90347  2.73739  3.18146  2.89801  2.37887  2.77519  2.98518  4.58477  3.61503
          0.03140  3.87253  4.59488  0.61958  0.77255  0.48576  0.95510
     19   2.75136  4.50878  3.35852  3.19750  4.19281  3.19629  4.27501  3.73816  3.25479  3.36503  4.41482  3.50423  0.82752  3.64357  3.50038  2.91883  3.19291  3.38354  5.37942  4.31345     28 p - - -
          2.68618  4.42225  2.77519  2.73123  3.46354  2.40513  3.72494  3.29354  2.67741  2.69355  4.24690  2.90347  2.73739  3.18146  2.89801  2.37887  2.77519  2.98518  4.58477  3.61503
          0.03140  3.87253  4.59488  0.61958  0.77255  0.48576  0.95510
     20   3.18602  4.57669  4.43585  3.96931  1.62433  4.21252  4.08038  2.37783  3.82513  1.41444  3.07804  4.11922  4.51279  3.98175  3.97534  3.58009  3.42709  2.43169  4.36535  2.81998     29 l - - -
          2.68618  4.42225  2.77519  2.73123  3.46354  2.40513  3.72494  3.29354  2.67741  2.69355  4.24690  2.90347  2.73739  3.18146  2.89801  2.37887  2.77519  2.98518  4.58477  3.61503
          0.17083  3.87253  1.99341  0.61958  0.77255  0.48576  0.95510
     21   2.25807  4.17359  3.09752  2.91240  3.94329  2.90633  4.02337  3.45002  2.97649  3.18300  4.12477  3.15574  3.63510  3.33805  3.26307  1.31491  2.72903  3.01541  5.32809  4.02726     30 s - - -
          2.68619  4.42227  2.77521  2.73125  3.46355  2.40514  3.72496  3.29355  2.67742  2.69356  4.24691  2.90348  2.73716  3.18148  2.89802  2.37888  2.77521  2.98520  4.58478  3.61505
          0.19448  1.80074  4.46006  0.34764  1.22538  0.42317  1.06411
     22   2.22190  4.16103  3.27789  2.98233  4.11831  2.94459  4.06861  3.45649  2.99816  3.20589  4.07498  3.20254  3.66177  3.33503  3.31318  1.50693  2.00695  3.00030  5.48284  4.23937     32 s - - -
          2.68618  4.42225  2.77519  2.73123  3.46354  2.40513  3.72494  3.29354  2.67741  2.69355  4.24690  2.90347  2.73739  3.18146  2.89801  2.37887  2.77519  2.98518  4.58477  3.61503
          0.03140  3.87253  4.59488  0.61958  0.77255  0.48576  0.95510
     23   2.89263  5.40994  1.43141  1.68111  4.69598  3.17114  3.72143  4.19834  2.73786  3.72697  4.59238  2.64655  3.79392  2.89359  3.32124  2.78471  3.18352  3.78963  5.88455  4.39907     33 d - - -
          2.68618  4.42225  2.77519  2.73123  3.46354  2.40513  3.72494  3.29354  2.67741  2.69355  4.24690  2.90347  2.73739  3.18146  2.89801  2.37887  2.77519  2.98518  4.58477  3.61503
          0.03140  3.87253  4.59488  0.61958  0.77255  0.48576  0.95510
     24   2.10931  4.34069  3.76619  3.34077  3.40645  3.58454  4.20794  2.37332  3.19980  1.47931  3.34899  3.62852  4.09899  3.56503  3.46388  2.98151  3.00786  2.25532  5.11868  3.87407     34 l - - -
          2.68618  4.42225  2.77519  2.73123  3.46354  2.40513  3.72494  3.29354  2.67741  2.69355  4.24690  2.90347  2.73739  3.18146  2.89801  2.37887  2.77519  2.98518  4.58477  3.61503
          0.03140  3.87253  4.59488  0.61958  0.77255  0.48576  0.95510
     25   3.33553  4.71023  4.09115  3.79721  2.66613  3.73013  3.89974  3.35907  3.51939  2.75398  3.99287  3.94624  4.24785  3.90700  3.64775  3.53924  3.63592  3.24940  0.88517  2.66821     35 w - - -
          2.68618  4.42225  2.77519  2.73123  3.46354  2.40513  3.72494  3.29354  2.67741  2.69355  4.24690  2.90347  2.73739  3.18146  2.89801  2.37887  2.77519  2.98518  4.58477  3.61503
          0.03140  3.87253  4.59488  0.61958  0.77255  0.48576  0.95510
     26   2.98956  5.11802  0.91797  2.33476  4.49501  3.21061  3.93093  4.08318  3.01503  3.69146  4.66951  2.89116  3.86340  3.17003  3.53132  2.95186  3.32810  3.72233  5.66362  4.36782     36 d - - -
          2.68618  4.42225  2.77519  2.73123  3.46354  2.40513  3.72494  3.29354  2.67741  2.69355  4.24690  2.90347  2.73739  3.18146  2.89801  2.37887  2.77519  2.98518  4.58477  3.61503
          0.03140  3.87253  4.59488  0.61958  0.77255  0.48576  0.95510
     27   2.75136  4.50878  3.35852  3.19750  4.19281  3.19629  4.27501  3.73816  3.25479  3.36503  4.41482  3.50423  0.82752  3.64357  3.50038  2.91883  3.19291  3.38354  5.37942  4.31345     37 p - - -
          2.68618  4.42225  2.77519  2.73123  3.46354  2.40513  3.72494  3.29354  2.67741  2.69355  4.24690  2.90347  2.73739  3.18146  2.89801  2.37887  2.77519  2.98518  4.58477  3.61503
          0.03140  3.87253  4.59488  0.61958  0.77255  0.48576  0.95510
     28   2.72593  4.38184  3.65019  3.09078  2.44898  3.68683  3.83417  2.65018  2.88168  1.86792  3.29194  3.44912  4.05596  3.26766  2.49349  2.97074  2.95943  2.53301  4.67058  3.28359     38 l - - -
          2.68618  4.42225  2.77519  2.73123  3.46354  2.40513  3.72494  3.29354  2.67741  2.69355  4.24690  2.90347  2.73739  3.18146  2.89801  2.37887  2.77519  2.98518  4.58477  3.61503
          0.03140  3.87253  4.59488  0.61958  0.77255  0.48576  0.95510
     29   2.64346  4.93517  2.15191  2.28585  4.30658  2.52732  3.63907  3.76136  2.44095  3.31946  4.13404  2.81890  3.76709  2.78920  2.33139  2.63572  2.91236  3.38100  5.49937  4.13156     39 d - - -
          2.68618  4.42225  2.77519  2.73123  3.46354  2.40513  3.72494  3.29354  2.67741  2.69355  4.24690  2.90347  2.73739  3.18146  2.89801  2.37887  2.77519  2.98518  4.58477  3.61503
          0.03140  3.87253  4.59488  0.61958  0.77255  0.48576  0.95510
     30   2.94824  4.40494  4.28736  3.80944  1.78555  3.99211  4.17134  2.23879  3.69549  1.85920  3.16591  3.99178  4.37264  3.89930  3.88287  3.35643  3.21936  1.78838  4.59071  3.11660     40 f - - -
          2.68618  4.42225  2.77519  2.73123  3.46354  2.40513  3.72494  3.29354  2.67741  2.69355  4.24690  2.90347  2.73739  3.18146  2.89801  2.37887  2.77519  2.98518  4.58477  3.61503
          0.03140  3.87253  4.59488  0.61958  0.77255  0.48576  0.95510
     31   2.66484  4.44035  3.33864  3.23801  4.38046  0.72901  4.35835  3.98003  3.41930  3.63417  4.60986  3.50292  3.83149  3.74344  3.65540  2.83675  3.14608  3.50833  5.47566  4.48234     41 g - - -
          2.68623  4.42230  2.77524  2.73128  3.46306  2.40499  3.72499  3.29359  2.67746  2.69360  4.24694  2.90351  2.73744  3.18151  2.89805  2.37892  2.77524  2.98490  4.58482  3.61508
          0.32930  1.93556  1.99341  0.89480  0.52541  0.48576  0.95510
     32   2.59818  4.74480  2.48173  1.86175  4.18727  3.14815  3.69533  3.60365  2.54349  3.24518  4.11858  2.81050  3.73405  2.88839  2.95984  2.05183  2.91754  3.24448  5.45752  4.10380     45 e - - -
          2.68618  4.42225  2.77519  2.73123  3.46354  2.40513  3.72494  3.29354  2.67741  2.69355  4.24690  2.90347  2.73739  3.18146  2.89801  2.37887  2.77519  2.98518  4.58477  3.61503
          0.03601  3.73771  4.46006  0.61958  0.77255  0.59478  0.80226
     33   2.86352  4.92588  3.21224  2.65393  4.30358  3.49173  3.54843  3.68097  1.59415  3.19447  4.08120  3.07063  3.89950  2.70284  1.74787  2.88683  3.06203  3.37856  5.29590  4.09321     46 k - - -
          2.68618  4.42225  2.77519  2.73123  3.46354  2.40513  3.72494  3.29354  2.67741  2.69355  4.24690  2.90347  2.73739  3.18146  2.89801  2.37887  2.77519  2.98518  4.58477  3.61503
          0.03601  3.73771  4.46006  0.61958  0.77255  0.59478  0.80226
     34   2.57035  4.76371  1.87058  2.23502  4.26117  3.07934  3.71985  3.73690  2.68109  3.36704  4.22843  2.75373  3.70099  2.91458  3.17220  2.00839  2.91456  3.33529  5.54778  4.15041     47 d - - -
          2.68618  4.42225  2.77519  2.73123  3.46354  2.40513  3.72494  3.29354  2.67741  2.69355  4.24690  2.90347  2.73739  3.18146  2.89801  2.37887  2.77519  2.98518  4.58477  3.61503
          0.03601  3.73771  4.46006  0.61958  0.77255  0.59478  0.80226
     35   3.12809  4.54817  3.89522  3.57166  2.55205  3.58720  3.75245  3.15036  3.29821  2.56639  3.79009  3.74906  4.09524  3.69363  3.44886  3.33270  3.42292  3.03708  1.20853  2.56217     48 w - - -
          2.68618  4.42225  2.77519  2.73123  3.46354  2.40513  3.72494  3.29354  2.67741  2.69355  4.24690  2.90347  2.73739  3.18146  2.89801  2.37887  2.77519  2.98518  4.58477  3.61503
          0.03601  3.73771  4.46006  0.61958  0.77255  0.59478  0.80226
     36   2.54834  4.53045  3.02023  2.64938  4.08295  2.18858  3.73215  3.53735  2.37994  3.14679  4.02752  3.05334  3.75383  2.94062  1.95690  2.64500  2.88012  3.17521  5.28282  4.04879     49 r - - -
          2.68618  4.42225  2.77519  2.73123  3.46354  2.40513  3.72494  3.29354  2.67741  2.69355  4.24690  2.90347  2.73739  3.18146  2.89801  2.37887  2.77519  2.98518  4.58477  3.61503
          0.03601  3.73771  4.46006  0.61958  0.77255  0.59478  0.80226
     37   2.86145  4.69966  3.33916  2.88640  4.01993  3.36825  3.74264  3.55673  2.20759  3.09784  4.10702  3.25384  3.88230  2.97452  1.20763  2.95526  3.13992  3.28789  5.16113  3.98190     50 r - - -
          2.68618  4.42225  2.77519  2.73123  3.46354  2.40513  3.72494  3.29354  2.67741  2.69355  4.24690  2.90347  2.73739  3.18146  2.89801  2.37887  2.77519  2.98518  4.58477  3.61503
          0.03601  3.73771  4.46006  0.61958  0.77255  0.42317  1.06411
     38   2.69444  4.88040  1.81740  2.29981  4.46646  1.69325  3.82938  3.96652  2.82729  3.56090  4.42418  2.82647  3.77219  3.02888  3.33350  2.70169  3.04765  3.53742  5.68218  4.33189     51 g - - -
          2.68618  4.42225  2.77519  2.73123  3.46354  2.40513  3.72494  3.29354  2.67741  2.69355  4.24690  2.90347  2.73739  3.18146  2.89801  2.37887  2.77519  2.98518  4.58477  3.61503
          0.03140  3.87253  4.59488  0.61958  0.77255  0.48576  0.95510
     39   2.07025  4.52867  3.08332  2.61672  4.03248  3.25158  3.72483  3.41308  2.44799  3.04973  3.90294  3.04291  2.72186  2.91325  2.25968  2.59225  2.80836  3.06617  5.30230  4.02769     52 a - - -
          2.68618  4.42225  2.77519  2.73123  3.46354  2.40513  3.72494  3.29354  2.67741  2.69355  4.24690  2.90347  2.73739  3.18146  2.89801  2.37887  2.77519  2.98518  4.58477  3.61503
          0.03140  3.87253  4.59488  0.61958  0.77255  0.48576  0.95510
     40   2.98956  5.11802  0.91797  2.33476  4.49501  3.21061  3.93093  4.08318  3.01503  3.69146  4.66951  2.89116  3.86340  3.17003  3.53132  2.95186  3.32810  3.72233  5.66362  4.36782     53 d - - -
          2.68618  4.42225  2.77519  2.73123  3.46354  2.40513  3.72494  3.29354  2.67741  2.69355  4.24690  2.90347  2.73739  3.18146  2.89801  2.37887  2.77519  2.98518  4.58477  3.61503
          0.03140  3.87253  4.59488  0.61958  0.77255  0.48576  0.95510
     41   2.98956  5.11802  0.91797  2.33476  4.49501  3.21061  3.93093  4.08318  3.01503  3.69146  4.66951  2.89116  3.86340  3.17003  3.53132  2.95186  3.32810  3.72233  5.66362  4.36782     54 d - - -
          2.68618  4.42225  2.77519  2.73123  3.46354  2.40513  3.72494  3.29354  2.67741  2.69355  4.24690  2.90347  2.73739  3.18146  2.89801  2.37887  2.77519  2.98518  4.58477  3.61503
          0.03140  3.87253  4.59488  0.61958  0.77255  0.48576  0.95510
     42   2.68641  4.69968  1.87847  2.49810  3.86231  3.38092  3.79311  2.32789  2.70681  2.83251  3.83328  3.00630  3.88111  3.00657  3.15281  2.77200  2.96084  2.74055  5.30364  3.94861     55 d - - -
          2.68618  4.42225  2.77519  2.73123  3.46354  2.40513  3.72494  3.29354  2.67741  2.69355  4.24690  2.90347  2.73739  3.18146  2.89801  2.37887  2.77519  2.98518  4.58477  3.61503
          0.03140  3.87253  4.59488  0.61958  0.77255  0.48576  0.95510
     43   2.54782  4.22052  3.85002  3.42898  3.64881  3.46005  4.31056  2.23371  3.31907  2.42617  3.55331  3.64465  4.04405  3.66226  3.58585  2.86956  2.21861  1.43767  5.29574  4.06642     56 v - - -
          2.68618  4.42225  2.77519  2.73123  3.46354  2.40513  3.72494  3.29354  2.67741  2.69355  4.24690  2.90347  2.73739  3.18146  2.89801  2.37887  2.77519  2.98518  4.58477  3.61503
          0.03140  3.87253  4.59488  0.61958  0.77255  0.48576  0.95510
     44   2.31492  4.23536  3.20636  3.02206  4.07630  2.96523  4.13195  3.59888  3.09583  3.31908  4.24511  3.24688  3.70402  3.44512  3.38191  1.09096  2.79504  3.13398  5.44876  4.15980     57 s - - -
          2.68618  4.42225  2.77519  2.73123  3.46354  2.40513  3.72494  3.29354  2.67741  2.69355  4.24690  2.90347  2.73739  3.18146  2.89801  2.37887  2.77519  2.98518  4.58477  3.61503
          0.03140  3.87253  4.59488  0.61958  0.77255  0.48576  0.95510
     45   1.38061  4.10419  3.34342  3.07630  4.14687  2.89864  4.14358  3.46472  3.12144  3.23862  4.10718  3.23966  3.64203  3.42854  3.42087  1.80603  2.65966  2.98749  5.52332  4.29601     58 a - - -
          2.68618  4.42225  2.77519  2.73123  3.46354  2.40513  3.72494  3.29354  2.67741  2.69355  4.24690  2.90347  2.73739  3.18146  2.89801  2.37887  2.77519  2.98518  4.58477  3.61503
          0.03140  3.87253  4.59488  0.61958  0.77255  0.48576  0.95510
     46   3.01325  4.45624  4.36985  3.87416  3.21153  4.13315  4.57962  2.01477  3.69980  1.25551  3.08960  4.14670  4.48566  3.99062  3.91103  3.51000  3.28363  1.64764  5.15289  3.93984     59 l - - -
          2.68618  4.42225  2.77519  2.73123  3.46354  2.40513  3.72494  3.29354  2.67741  2.69355  4.24690  2.90347  2.73739  3.18146  2.89801  2.37887  2.77519  2.98518  4.58477  3.61503
          0.03140  3.87253  4.59488  0.61958  0.77255  0.48576  0.95510
     47   1.01367  4.19197  3.46257  3.25379  4.05236  3.01653  4.27584  3.17787  3.27005  3.05949  4.09125  3.40342  3.75574  3.61119  3.52062  2.54224  2.81959  2.83226  5.47951  4.27975     60 a - - -
          2.68618  4.42225  2.77519  2.73123  3.46354  2.40513  3.72494  3.29354  2.67741  2.69355  4.24690  2.90347  2.73739  3.18146  2.89801  2.37887  2.77519  2.98518  4.58477  3.61503
          0.03140  3.87253  4.59488  0.61958  0.77255  0.48576  0.95510
     48   2.80333  4.62028  3.31287  2.86940  3.05748  3.57391  2.05939  3.08967  2.61574  2.09345  3.68943  3.26551  4.00603  3.10721  2.90608  2.92978  3.05173  2.90505  4.60833  3.08485     61 h - - -
          2.68618  4.42225  2.77519  2.73123  3.46354  2.40513  3.72494  3.29354  2.67741  2.69355  4.24690  2.90347  2.73739  3.18146  2.89801  2.37887  2.77519  2.98518  4.58477  3.61503
          0.03140  3.87253  4.59488  0.61958  0.77255  0.48576  0.95510
     49   1.01367  4.19197  3.46257  3.25379  4.05236  3.01653  4.27584  3.17787  3.27005  3.05949  4.09125  3.40342  3.75574  3.61119  3.52062  2.54224  2.81959  2.83226  5.47951  4.27975     62 a - - -
          2.68618  4.42225  2.77519  2.73123  3.46354  2.40513  3.72494  3.29354  2.67741  2.69355  4.24690  2.90347  2.73739  3.18146  2.89801  2.37887  2.77519  2.98518  4.58477  3.61503
          0.03140  3.87253  4.59488  0.61958  0.77255  0.48576  0.95510
     50   2.61181  4.64385  2.87877  2.56745  3.69894  3.27618  2.07142  3.52535  2.53200  3.12361  4.01059  3.01425  3.82079  2.97065  2.88192  2.12746  2.92447  3.18695  5.09474  3.65341     63 h - - -
          2.68618  4.42225  2.77519  2.73123  3.46354  2.40513  3.72494  3.29354  2.67741  2.69355  4.24690  2.90347  2.73739  3.18146  2.89801  2.37887  2.77519  2.98518  4.58477  3.61503
          0.03140  3.87253  4.59488  0.61958  0.77255  0.48576  0.95510
     51   2.80811  4.35062  4.12545  3.78852  3.55005  3.72401  4.59020  2.05006  3.65630  2.23702  3.51512  3.97836  4.28446  4.01607  3.86881  3.22749  3.16962  1.02481  5.33452  4.06618     64 v - - -
          2.68618  4.42225  2.77519  2.73123  3.46354  2.40513  3.72494  3.29354  2.67741  2.69355  4.24690  2.90347  2.73739  3.18146  2.89801  2.37887  2.77519  2.98518  4.58477  3.61503
          0.03140  3.87253  4.59488  0.61958  0.77255  0.48576  0.95510
     52   2.98956  5.11802  0.91797  2.33476  4.49501  3.21061  3.93093  4.08318  3.01503  3.69146  4.66951  2.89116  3.86340  3.17003  3.53132  2.95186  3.32810  3.72233  5.66362  4.36782     65 d - - -
          2.68618  4.42225  2.77519  2.73123  3.46354  2.40513  3.72494  3.29354  2.67741  2.69355  4.24690  2.90347  2.73739  3.18146  2.89801  2.37887  2.77519  2.98518  4.58477  3.61503
          0.03140  3.87253  4.59488  0.61958  0.77255  0.48576  0.95510
     53   3.33553  4.71023  4.09115  3.79721  2.66613  3.73013  3.89974  3.35907  3.51939  2.75398  3.99287  3.94624  4.24785  3.90700  3.64775  3.53924  3.63592  3.24940  0.88517  2.66821     66 w - - -
          2.68618  4.42225  2.77519  2.73123  3.46354  2.40513  3.72494  3.29354  2.67741  2.69355  4.24690  2.90347  2.73739  3.18146  2.89801  2.37887  2.77519  2.98518  4.58477  3.61503
          0.03140  3.87253  4.59488  0.61958  0.77255  0.48576  0.95510
     54   3.00541  4.84467  3.49605  3.00702  4.19926  3.49348  3.82412  3.74092  2.23713  3.25683  4.25695  3.36678  3.99600  3.04439  0.97829  3.08954  3.27132  3.46485  5.28224  4.12654     67 r - - -
          2.68618  4.42225  2.77519  2.73123  3.46354  2.40513  3.72494  3.29354  2.67741  2.69355  4.24690  2.90347  2.73739  3.18146  2.89801  2.37887  2.77519  2.98518  4.58477  3.61503
          0.03140  3.87253  4.59488  0.61958  0.77255  0.48576  0.95510
     55   2.95222  5.06345  2.48744  1.02528  4.40966  3.27401  3.86073  3.86357  2.74126  3.48064  4.45460  2.93275  3.87858  3.07634  3.15016  2.93456  3.25643  3.54737  5.58121  4.30338     68 e - - -
          2.68618  4.42225  2.77519  2.73123  3.46354  2.40513  3.72494  3.29354  2.67741  2.69355  4.24690  2.90347  2.73739  3.18146  2.89801  2.37887  2.77519  2.98518  4.58477  3.61503
          0.03140  3.87253  4.59488  0.61958  0.77255  0.48576  0.95510
     56   2.41263  4.25772  3.42802  3.17994  3.96881  3.09702  4.19728  3.09594  3.12292  2.95943  4.00989  3.38937  3.80075  3.51773  3.38165  2.61389  1.17180  2.79092  5.40660  4.18542     69 t - - -
          2.68618  4.42225  2.77519  2.73123  3.46354  2.40513  3.72494  3.29354  2.67741  2.69355  4.24690  2.90347  2.73739  3.18146  2.89801  2.37887  2.77519  2.98518  4.58477  3.61503
          0.03140  3.87253  4.59488  0.61958  0.77255  0.48576  0.95510
     57   2.98956  5.11802  0.91797  2.33476  4.49501  3.21061  3.93093  4.08318  3.01503  3.69146  4.66951  2.89116  3.86340  3.17003  3.53132  2.95186  3.32810  3.72233  5.66362  4.36782     70 d - - -
          2.68618  4.42225  2.77519  2.73123  3.46354  2.40513  3.72494  3.29354  2.67741  2.69355  4.24690  2.90347  2.73739  3.18146  2.89801  2.37887  2.77519  2.98518  4.58477  3.61503
          0.03140  3.87253  4.59488  0.61958  0.77255  0.48576  0.95510
     58   2.76699  4.97977  2.65020  2.38515  4.33488  3.31677  3.65930  3.80281  1.89589  3.35978  4.21657  1.86089  3.83543  2.82528  2.64724  2.76209  3.03199  3.44582  5.48282  4.14950     71 n - - -
          2.68618  4.42225  2.77519  2.73123  3.46354  2.40513  3.72494  3.29354  2.67741  2.69355  4.24690  2.90347  2.73739  3.18146  2.89801  2.37887  2.77519  2.98518  4.58477  3.61503
          0.03140  3.87253  4.59488  0.61958  0.77255  0.48576  0.95510
     59   1.01367  4.19197  3.46257  3.25379  4.05236  3.01653  4.27584  3.17787  3.27005  3.05949  4.09125  3.40342  3.75574  3.61119  3.52062  2.54224  2.81959  2.83226  5.47951  4.27975     72 a - - -
          2.68618  4.42225  2.77519  2.73123  3.46354  2.40513  3.72494  3.29354  2.67741  2.69355  4.24690  2.90347  2.73739  3.18146  2.89801  2.37887  2.77519  2.98518  4.58477  3.61503
          0.03140  3.87253  4.59488  0.61958  0.77255  0.48576  0.95510
     60   2.99474  4.81228  3.12560  2.88548  3.28464  3.44744  1.14237  3.69768  2.72853  3.19166  4.23456  3.29484  3.99993  3.25170  2.99426  3.06541  3.29808  3.43280  4.74970  3.23548     73 h - - -
          2.68618  4.42225  2.77519  2.73123  3.46354  2.40513  3.72494  3.29354  2.67741  2.69355  4.24690  2.90347  2.73739  3.18146  2.89801  2.37887  2.77519  2.98518  4.58477  3.61503
          0.03140  3.87253  4.59488  0.61958  0.77255  0.48576  0.95510
     61   2.75028  4.26488  4.08086  3.55984  3.48780  3.84756  4.37434  1.68697  3.45566  2.19475  3.35821  3.84486  4.26912  3.76129  3.72629  3.18901  2.36979  1.57035  5.20348  3.99147     74 v - - -
          2.68618  4.42225  2.77519  2.73123  3.46354  2.40513  3.72494  3.29354  2.67741  2.69355  4.24690  2.90347  2.73739  3.18146  2.89801  2.37887  2.77519  2.98518  4.58477  3.61503
          0.03140  3.87253  4.59488  0.61958  0.77255  0.48576  0.95510
     62   3.06813  4.46130  4.44562  3.94884  1.76540  4.17308  4.23252  1.79807  3.82194  1.72174  3.07099  4.12884  4.48142  3.99270  3.98326  3.52585  3.31300  2.18382  4.58507  3.12075     75 l - - -
          2.68618  4.42225  2.77519  2.73123  3.46354  2.40513  3.72494  3.29354  2.67741  2.69355  4.24690  2.90347  2.73739  3.18146  2.89801  2.37887  2.77519  2.98518  4.58477  3.61503
          0.03140  3.87253  4.59488  0.61958  0.77255  0.48576  0.95510
     63   3.00541  4.84467  3.49605  3.00702  4.19926  3.49348  3.82412  3.74092  2.23713  3.25683  4.25695  3.36678  3.99600  3.04439  0.97829  3.08954  3.27132  3.46485  5.28224  4.12654     76 r - - -
          2.68618  4.42225  2.77519  2.73123  3.46354  2.40513  3.72494  3.29354  2.67741  2.69355  4.24690  2.90347  2.73739  3.18146  2.89801  2.37887  2.77519  2.98518  4.58477  3.61503
          0.03140  3.87253  4.59488  0.61958  0.77255  0.48576  0.95510
     64   1.01367  4.19197  3.46257  3.25379  4.05236  3.01653  4.27584  3.17787  3.27005  3.05949  4.09125  3.40342  3.75574  3.61119  3.52062  2.54224  2.81959  2.83226  5.47951  4.27975     77 a - - -
          2.68618  4.42225  2.77519  2.73123  3.46354  2.40513  3.72494  3.29354  2.67741  2.69355  4.24690  2.90347  2.73739  3.18146  2.89801  2.37887  2.77519  2.98518  4.58477  3.61503
          0.03140  3.87253  4.59488  0.61958  0.77255  0.48576  0.95510
     65   2.98956  5.11802  0.91797  2.33476  4.49501  3.21061  3.93093  4.08318  3.01503  3.69146  4.66951  2.89116  3.86340  3.17003  3.53132  2.95186  3.32810  3.72233  5.66362  4.36782     78 d - - -
          2.68618  4.42225  2.77519  2.73123  3.46354  2.40513  3.72494  3.29354  2.67741  2.69355  4.24690  2.90347  2.73739  3.18146  2.89801  2.37887  2.77519  2.98518  4.58477  3.61503
          0.03140  3.87253  4.59488  0.61958  0.77255  0.48576  0.95510
     66   3.15527  4.61749  4.18962  3.82940  3.13562  3.98227  4.48512  2.33960  3.59715  0.87512  3.15843  4.10488  4.41757  3.96547  3.77323  3.55304  3.44949  2.37696  5.01500  3.73835     79 l - - -
          2.68618  4.42225  2.77519  2.73123  3.46354  2.40513  3.72494  3.29354  2.67741  2.69355  4.24690  2.90347  2.73739  3.18146  2.89801  2.37887  2.77519  2.98518  4.58477  3.61503
          0.03140  3.87253  4.59488  0.61958  0.77255  0.48576  0.95510
     67   2.75136  4.50878  3.35852  3.19750  4.19281  3.19629  4.27501  3.73816  3.25479  3.36503  4.41482  3.50423  0.82752  3.64357  3.50038  2.91883  3.19291  3.38354  5.37942  4.31345     80 p - - -
          2.68618  4.42225  2.77519  2.73123  3.46354  2.40513  3.72494  3.29354  2.67741  2.69355  4.24690  2.90347  2.73739  3.18146  2.89801  2.37887  2.77519  2.98518  4.58477  3.61503
          0.03140  3.87253  4.59488  0.61958  0.77255  0.48576  0.95510
     68   2.66484  4.44035  3.33864  3.23801  4.38046  0.72901  4.35835  3.98003  3.41930  3.63417  4.60986  3.50292  3.83149  3.74344  3.65540  2.83675  3.14608  3.50833  5.47566  4.48234     81 g - - -
          2.68618  4.42225  2.77519  2.73123  3.46354  2.40513  3.72494  3.29354  2.67741  2.69355  4.24690  2.90347  2.73739  3.18146  2.89801  2.37887  2.77519  2.98518  4.58477  3.61503
          0.03140  3.87253  4.59488  0.61958  0.77255  0.48576  0.95510
     69   2.80811  4.35062  4.12545  3.78852  3.55005  3.72401  4.59020  2.05006  3.65630  2.23702  3.51512  3.97836  4.28446  4.01607  3.86881  3.22749  3.16962  1.02481  5.33452  4.06618     82 v - - -
          2.68618  4.42225  2.77519  2.73123  3.46354  2.40513  3.72494  3.29354  2.67741  2.69355  4.24690  2.90347  2.73739  3.18146  2.89801  2.37887  2.77519  2.98518  4.58477  3.61503
          0.03140  3.87253  4.59488  0.61958  0.77255  0.48576  0.95510
     70   2.96970  5.04699  3.36726  2.74296  4.46512  3.58906  3.57927  3.82644  1.58485  3.30272  4.18348  3.14633  3.97444  2.72369  1.48250  2.98019  3.14956  3.51840  5.37060  4.19182     83 r - - -
          2.68618  4.42225  2.77519  2.73123  3.46354  2.40513  3.72494  3.29354  2.67741  2.69355  4.24690  2.90347  2.73739  3.18146  2.89801  2.37887  2.77519  2.98518  4.58477  3.61503
          0.03140  3.87253  4.59488  0.61958  0.77255  0.48576  0.95510
     71   2.95839  5.05532  3.32773  2.71771  4.47335  3.57845  3.57711  3.83703  1.36964  3.31148  4.18786  3.12947  3.96587  2.71967  1.75723  2.96457  3.14014  3.52434  5.37948  4.19379     84 k - - -
          2.68618  4.42225  2.77519  2.73123  3.46354  2.40513  3.72494  3.29354  2.67741  2.69355  4.24690  2.90347  2.73739  3.18146  2.89801  2.37887  2.77519  2.98518  4.58477  3.61503
          0.03140  3.87253  4.59488  0.61958  0.77255  0.48576  0.95510
     72   2.95222  5.06345  2.48744  1.02528  4.40966  3.27401  3.86073  3.86357  2.74126  3.48064  4.45460  2.93275  3.87858  3.07634  3.15016  2.93456  3.25643  3.54737  5.58121  4.30338     85 e - - -
          2.68618  4.42225  2.77519  2.73123  3.46354  2.40513  3.72494  3.29354  2.67741  2.69355  4.24690  2.90347  2.73739  3.18146  2.89801  2.37887  2.77519  2.98518  4.58477  3.61503
          0.03140  3.87253  4.59488  0.61958  0.77255  0.48576  0.95510
     73   2.89294  5.40986  1.42749  1.68527  4.69594  3.17104  3.72174  4.19828  2.73851  3.72715  4.59280  2.64660  3.79402  2.89402  3.32196  2.78502  3.18394  3.78967  5.88471  4.39927     86 d - - -
          2.68618  4.42225  2.77519  2.73123  3.46354  2.40513  3.72494  3.29354  2.67741  2.69355  4.24690  2.90347  2.73739  3.18146  2.89801  2.37887  2.77519  2.98518  4.58477  3.61503
          0.03140  3.87253  4.59488  0.61958  0.77255  0.48576  0.95510
     74   3.01325  4.45624  4.36985  3.87416  3.21153  4.13315  4.57962  2.01477  3.69980  1.25551  3.08960  4.14670  4.48566  3.99062  3.91103  3.51000  3.28363  1.64764  5.15289  3.93984     87 l - - -
          2.68618  4.42225  2.77519  2.73123  3.46354  2.40513  3.72494  3.29354  2.67741  2.69355  4.24690  2.90347  2.73739  3.18146  2.89801  2.37887  2.77519  2.98518  4.58477  3.61503
          0.03140  3.87253  4.59488  0.61958  0.77255  0.48576  0.95510
     75   2.97207  4.93599  3.14807  2.76944  4.32243  3.46159  3.75907  3.75169  1.03819  3.31672  4.27811  3.19393  3.96188  2.95049  2.43142  3.01401  3.22530  3.45945  5.37701  4.18976     88 k - - -
          2.68618  4.42225  2.77519  2.73123  3.46354  2.40513  3.72494  3.29354  2.67741  2.69355  4.24690  2.90347  2.73739  3.18146  2.89801  2.37887  2.77519  2.98518  4.58477  3.61503
          0.03140  3.87253  4.59488  0.61958  0.77255  0.48576  0.95510
     76   2.80811  4.35062  4.12545  3.78852  3.55005  3.72401  4.59020  2.05006  3.65630  2.23702  3.51512  3.97836  4.28446  4.01607  3.86881  3.22749  3.16962  1.02481  5.33452  4.06618     89 v - - -
          2.68618  4.42225  2.77519  2.73123  3.46354  2.40513  3.72494  3.29354  2.67741  2.69355  4.24690  2.90347  2.73739  3.18146  2.89801  2.37887  2.77519  2.98518  4.58477  3.61503
          0.03140  3.87253  4.59488  0.61958  0.77255  0.48576  0.95510
     77   2.88066  4.86651  2.90282  2.65748  4.03510  3.36599  3.81582  3.66580  2.47825  3.16815  4.19593  3.11725  3.91940  1.23393  2.76246  2.92838  3.17760  3.39544  5.30707  4.00080     90 q - - -
          2.68618  4.42225  2.77519  2.73123  3.46354  2.40513  3.72494  3.29354  2.67741  2.69355  4.24690  2.90347  2.73739  3.18146  2.89801  2.37887  2.77519  2.98518  4.58477  3.61503
          0.03140  3.87253  4.59488  0.61958  0.77255  0.48576  0.95510
     78   2.80811  4.35062  4.12545  3.78852  3.55005  3.72401  4.59020  2.05006  3.65630  2.23702  3.51512  3.97836  4.28446  4.01607  3.86881  3.22749  3.16962  1.02481  5.33452  4.06618     91 v - - -
          2.68618  4.42225  2.77519  2.73123  3.46354  2.40513  3.72494  3.29354  2.67741  2.69355  4.24690  2.90347  2.73739  3.18146  2.89801  2.37887  2.77519  2.98518  4.58477  3.61503
          0.03140  3.87253  4.59488  0.61958  0.77255  0.48576  0.95510
     79   2.95222  5.06345  2.48744  1.02528  4.40966  3.27401  3.86073  3.86357  2.74126  3.48064  4.45460  2.93275  3.87858  3.07634  3.15016  2.93456  3.25643  3.54737  5.58121  4.30338     92 e - - -
          2.68618  4.42225  2.77519  2.73123  3.46354  2.40513  3.72494  3.29354  2.67741  2.69355  4.24690  2.90347  2.73739  3.18146  2.89801  2.37887  2.77519  2.98518  4.58477  3.61503
          0.03140  3.87253  4.59488  0.61958  0.77255  0.48576  0.95510
     80   2.89248  5.40997  1.43336  1.67906  4.69599  3.17118  3.72127  4.19837  2.73754  3.72688  4.59217  2.64653  3.79387  2.89338  3.32089  2.78456  3.18331  3.78960  5.88447  4.39897     93 d - - -
          2.68618  4.42225  2.77519  2.73123  3.46354  2.40513  3.72494  3.29354  2.67741  2.69355  4.24690  2.90347  2.73739  3.18146  2.89801  2.37887  2.77519  2.98518  4.58477  3.61503
          0.03140  3.87253  4.59488  0.61958  0.77255  0.48576  0.95510
     81   2.52706  4.61227  2.62722  2.47528  4.30755  2.19106  3.86094  3.83165  2.76740  3.44736  4.30097  1.68751  3.74049  3.07398  3.17979  2.59645  2.91694  3.37784  5.57152  4.23734     94 n - - -
          2.68618  4.42225  2.77519  2.73123  3.46354  2.40513  3.72494  3.29354  2.67741  2.69355  4.24690  2.90347  2.73739  3.18146  2.89801  2.37887  2.77519  2.98518  4.58477  3.61503
          0.03140  3.87253  4.59488  0.61958  0.77255  0.48576  0.95510
     82   2.76699  4.97977  2.65020  2.38515  4.33488  3.31677  3.65930  3.80281  1.89589  3.35978  4.21657  1.86089  3.83543  2.82528  2.64724  2.76209  3.03199  3.44582  5.48282  4.14950     95 n - - -
          2.68618  4.42225  2.77519  2.73123  3.46354  2.40513  3.72494  3.29354  2.67741  2.69355  4.24690  2.90347  2.73739  3.18146  2.89801  2.37887  2.77519  2.98518  4.58477  3.61503
          0.03140  3.87253  4.59488  0.61958  0.77255  0.48576  0.95510
     83   3.03114  4.44977  4.33589  3.95163  3.37416  4.06669  4.67970  1.07783  3.77978  1.96011  3.30943  4.19696  4.49784  4.12802  3.97633  3.56194  3.33027  1.84575  5.26505  4.00340     96 i - - -
          2.68618  4.42225  2.77519  2.73123  3.46354  2.40513  3.72494  3.29354  2.67741  2.69355  4.24690  2.90347  2.73739  3.18146  2.89801  2.37887  2.77519  2.98518  4.58477  3.61503
          0.03140  3.87253  4.59488  0.61958  0.77255  0.48576  0.95510
     84   3.15527  4.61749  4.18962  3.82940  3.13562  3.98227  4.48512  2.33960  3.59715  0.87512  3.15843  4.10488  4.41757  3.96547  3.77323  3.55304  3.44949  2.37696  5.01500  3.73835     97 l - - -
          2.68618  4.42225  2.77519  2.73123  3.46354  2.40513  3.72494  3.29354  2.67741  2.69355  4.24690  2.90347  2.73739  3.18146  2.89801  2.37887  2.77519  2.98518  4.58477  3.61503
          0.03140  3.87253  4.59488  0.61958  0.77255  0.48576  0.95510
     85   2.85506  5.03916  2.90307  2.50534  4.36987  3.44629  3.60608  3.79457  1.76188  3.30005  4.17179  2.98302  3.89374  1.83004  2.36152  2.84810  3.07304  3.46906  5.42094  4.14936     98 k - - -
          2.68618  4.42225  2.77519  2.73123  3.46354  2.40513  3.72494  3.29354  2.67741  2.69355  4.24690  2.90347  2.73739  3.18146  2.89801  2.37887  2.77519  2.98518  4.58477  3.61503
          0.03140  3.87253  4.59488  0.61958  0.77255  0.48576  0.95510
     86   3.03114  4.44977  4.33589  3.95163  3.37416  4.06669  4.67970  1.07783  3.77978  1.96011  3.30943  4.19696  4.49784  4.12802  3.97633  3.56194  3.33027  1.84575  5.26505  4.00340     99 i - - -
          2.68618  4.42225  2.77519  2.73123  3.46354  2.40513  3.72494  3.29354  2.67741  2.69355  4.24690  2.90347  2.73739  3.18146  2.89801  2.37887  2.77519  2.98518  4.58477  3.61503
          0.03140  3.87253  4.59488  0.61958  0.77255  0.48576  0.95510
     87   2.31492  4.23536  3.20636  3.02206  4.07630  2.96523  4.13195  3.59888  3.09583  3.31908  4.24511  3.24688  3.70402  3.44512  3.38191  1.09096  2.79504  3.13398  5.44876  4.15980    100 s - - -
          2.68618  4.42225  2.77519  2.73123  3.46354  2.40513  3.72494  3.29354  2.67741  2.69355  4.24690  2.90347  2.73739  3.18146  2.89801  2.37887  2.77519  2.98518  4.58477  3.61503
          0.03140  3.87253  4.59488  0.61958  0.77255  0.48576  0.95510
     88   2.66484  4.44035  3.33864  3.23801  4.38046  0.72901  4.35835  3.98003  3.41930  3.63417  4.60986  3.50292  3.83149  3.74344  3.65540  2.83675  3.14608  3.50833  5.47566  4.48234    101 g - - -
          2.68618  4.42225  2.77519  2.73123  3.46354  2.40513  3.72494  3.29354  2.67741  2.69355  4.24690  2.90347  2.73739  3.18146  2.89801  2.37887  2.77519  2.98518  4.58477  3.61503
          0.03140  3.87253  4.59488  0.61958  0.77255  0.48576  0.95510
     89   2.95222  5.06345  2.48744  1.02528  4.40966  3.27401  3.86073  3.86357  2.74126  3.48064  4.45460  2.93275  3.87858  3.07634  3.15016  2.93456  3.25643  3.54737  5.58121  4.30338    102 e - - -
          2.68618  4.42225  2.77519  2.73123  3.46354  2.40513  3.72494  3.29354  2.67741  2.69355  4.24690  2.90347  2.73739  3.18146  2.89801  2.37887  2.77519  2.98518  4.58477  3.61503
          0.03140  3.87253  4.59488  0.61958  0.77255  0.48576  0.95510
     90   2.95883  5.05577  3.32934  2.71823  4.47410  3.57905  3.57681  3.83750  1.37346  3.31165  4.18795  3.12980  3.96611  2.71928  1.75052  2.96494  3.14034  3.52482  5.37945  4.19403    103 k - - -
          2.68618  4.42225  2.77519  2.73123  3.46354  2.40513  3.72494  3.29354  2.67741  2.69355  4.24690  2.90347  2.73739  3.18146  2.89801  2.37887  2.77519  2.98518  4.58477  3.61503
          0.03140  3.87253  4.59488  0.61958  0.77255  0.48576  0.95510
     91   2.45939  4.21047  3.69282  3.27494  3.70050  3.31668  4.19824  2.46359  3.17241  2.53694  3.62278  3.50195  3.92916  3.52296  3.45641  2.72644  1.78339  1.82491  5.28394  4.05005    104 t - - -
          2.68618  4.42225  2.77519  2.73123  3.46354  2.40513  3.72494  3.29354  2.67741  2.69355  4.24690  2.90347  2.73739  3.18146  2.89801  2.37887  2.77519  2.98518  4.58477  3.61503
          0.03140  3.87253  4.59488  0.61958  0.77255  0.48576  0.95510
     92   2.97207  4.93599  3.14807  2.76944  4.32243  3.46159  3.75907  3.75169  1.03819  3.31672  4.27811  3.19393  3.96188  2.95049  2.43142  3.01401  3.22530  3.45945  5.37701  4.18976    105 k - - -
          2.68618  4.42225  2.77519  2.73123  3.46354  2.40513  3.72494  3.29354  2.67741  2.69355  4.24690  2.90347  2.73739  3.18146  2.89801  2.37887  2.77519  2.98518  4.58477  3.61503
          0.03140  3.87253  4.59488  0.61958  0.77255  0.48576  0.95510
     93   2.95222  5.06345  2.48744  1.02528  4.40966  3.27401  3.86073  3.86357  2.74126  3.48064  4.45460  2.93275  3.87858  3.07634  3.15016  2.93456  3.25643  3.54737  5.58121  4.30338    106 e - - -
          2.68618  4.42225  2.77519  2.73123  3.46354  2.40513  3.72494  3.29354  2.67741  2.69355  4.24690  2.90347  2.73739  3.18146  2.89801  2.37887  2.77519  2.98518  4.58477  3.61503
          0.03140  3.87253  4.59488  0.61958  0.77255  0.48576  0.95510
     94   2.97207  4.93599  3.14807  2.76944  4.32243  3.46159  3.75907  3.75169  1.03819  3.31672  4.27811  3.19393  3.96188  2.95049  2.43142  3.01401  3.22530  3.45945  5.37701  4.18976    107 k - - -
          2.68618  4.42225  2.77519  2.73123  3.46354  2.40513  3.72494  3.29354  2.67741  2.69355  4.24690  2.90347  2.73739  3.18146  2.89801  2.37887  2.77519  2.98518  4.58477  3.61503
          0.03140  3.87253  4.59488  0.61958  0.77255  0.48576  0.95510
     95   2.95222  5.06345  2.48744  1.02528  4.40966  3.27401  3.86073  3.86357  2.74126  3.48064  4.45460  2.93275  3.87858  3.07634  3.15016  2.93456  3.25643  3.54737  5.58121  4.30338    108 e - - -
          2.68618  4.42225  2.77519  2.73123  3.46354  2.40513  3.72494  3.29354  2.67741  2.69355  4.24690  2.90347  2.73739  3.18146  2.89801  2.37887  2.77519  2.98518  4.58477  3.61503
          0.03140  3.87253  4.59488  0.61958  0.77255  0.48576  0.95510
     96   2.87321  5.37723  1.73986  1.43037  4.66540  3.18080  3.71075  4.16171  2.70310  3.69144  4.54949  2.65737  3.79191  2.87939  3.27242  2.77224  3.15939  3.75604  5.85000  4.37519    109 e - - -
          2.68618  4.42225  2.77519  2.73123  3.46354  2.40513  3.72494  3.29354  2.67741  2.69355  4.24690  2.90347  2.73739  3.18146  2.89801  2.37887  2.77519  2.98518  4.58477  3.61503
          0.03140  3.87253  4.59488  0.61958  0.77255  0.48576  0.95510
     97   2.51564  4.47629  3.08001  2.63624  3.81293  3.30751  3.74272  3.16001  2.56296  2.85649  3.74778  3.07107  3.80521  2.38995  2.93004  2.19440  2.81082  2.34431  5.17490  3.88751    110 s - - -
          2.68618  4.42225  2.77519  2.73123  3.46354  2.40513  3.72494  3.29354  2.67741  2.69355  4.24690  2.90347  2.73739  3.18146  2.89801  2.37887  2.77519  2.98518  4.58477  3.61503
          0.03140  3.87253  4.59488  0.61958  0.77255  0.48576  0.95510
     98   2.72693  5.10256  1.86950  2.15064  4.52119  2.36750  3.70585  4.01643  2.66214  3.55893  4.38948  2.13318  3.76260  2.87178  3.20341  2.68053  3.03085  3.59549  5.73338  4.29494    111 d - - -
          2.68618  4.42225  2.77519  2.73123  3.46354  2.40513  3.72494  3.29354  2.67741  2.69355  4.24690  2.90347  2.73739  3.18146  2.89801  2.37887  2.77519  2.98518  4.58477  3.61503
          0.03140  3.87253  4.59488  0.61958  0.77255  0.48576  0.95510
     99   2.89263  5.40994  1.43141  1.68111  4.69598  3.17114  3.72143  4.19834  2.73786  3.72697  4.59238  2.64655  3.79392  2.89359  3.32124  2.78471  3.18352  3.78963  5.88455  4.39907    112 d - - -
          2.68618  4.42225  2.77519  2.73123  3.46354  2.40513  3.72494  3.29354  2.67741  2.69355  4.24690  2.90347  2.73739  3.18146  2.89801  2.37887  2.77519  2.98518  4.58477  3.61503
          0.03140  3.87253  4.59488  0.61958  0.77255  0.48576  0.95510
    100   2.89858  5.07797  3.21130  2.61590  4.47631  3.55118  3.55239  3.84572  1.64728  3.31331  4.16169  3.05960  3.92830  2.18666  1.82828  2.89018  3.07979  3.51712  5.39539  4.18014    113 k - - -
          2.68618  4.42225  2.77519  2.73123  3.46354  2.40513  3.72494  3.29354  2.67741  2.69355  4.24690  2.90347  2.73739  3.18146  2.89801  2.37887  2.77519  2.98518  4.58477  3.61503
          0.03140  3.87253  4.59488  0.61958  0.77255  0.48576  0.95510
    101   3.33553  4.71023  4.09115  3.79721  2.66613  3.73013  3.89974  3.35907  3.51939  2.75398  3.99287  3.94624  4.24785  3.90700  3.64775  3.53924  3.63592  3.24940  0.88517  2.66821    114 w - - -
          2.68618  4.42225  2.77519  2.73123  3.46354  2.40513  3.72494  3.29354  2.67741  2.69355  4.24690  2.90347  2.73739  3.18146  2.89801  2.37887  2.77519  2.98518  4.58477  3.61503
          0.03140  3.87253  4.59488  0.61958  0.77255  0.48576  0.95510
    102   2.99474  4.81228  3.12560  2.88548  3.28464  3.44744  1.14237  3.69768  2.72853  3.19166  4.23456  3.29484  3.99993  3.25170  2.99426  3.06541  3.29808  3.43280  4.74970  3.23548    115 h - - -
          2.68618  4.42225  2.77519  2.73123  3.46354  2.40513  3.72494  3.29354  2.67741  2.69355  4.24690  2.90347  2.73739  3.18146  2.89801  2.37887  2.77519  2.98518  4.58477  3.61503
          0.03140  3.87253  4.59488  0.61958  0.77255  0.48576  0.95510
    103   3.00541  4.84467  3.49605  3.00702  4.19926  3.49348  3.82412  3.74092  2.23713  3.25683  4.25695  3.36678  3.99600  3.04439  0.97829  3.08954  3.27132  3.46485  5.28224  4.12654    116 r - - -
          2.68618  4.42225  2.77519  2.73123  3.46354  2.40513  3.72494  3.29354  2.67741  2.69355  4.24690  2.90347  2.73739  3.18146  2.89801  2.37887  2.77519  2.98518  4.58477  3.61503
          0.03140  3.87253  4.59488  0.61958  0.77255  0.48576  0.95510
    104   2.98432  4.36112  4.53415  4.04144  3.46827  4.23028  4.79267  1.49645  3.91690  2.00100  3.30135  4.28703  4.58553  4.20651  4.13969  3.61211  3.25962  1.20930  5.39391  4.17564    117 v - - -
          2.68618  4.42225  2.77519  2.73123  3.46354  2.40513  3.72494  3.29354  2.67741  2.69355  4.24690  2.90347  2.73739  3.18146  2.89801  2.37887  2.77519  2.98518  4.58477  3.61503
          0.03140  3.87253  4.59488  0.61958  0.77255  0.48576  0.95510
    105   2.95222  5.06345  2.48744  1.02528  4.40966  3.27401  3.86073  3.86357  2.74126  3.48064  4.45460  2.93275  3.87858  3.07634  3.15016  2.93456  3.25643  3.54737  5.58121  4.30338    118 e - - -
          2.68618  4.42225  2.77519  2.73123  3.46354  2.40513  3.72494  3.29354  2.67741  2.69355  4.24690  2.90347  2.73739  3.18146  2.89801  2.37887  2.77519  2.98518  4.58477  3.61503
          0.03140  3.87253  4.59488  0.61958  0.77255  0.48576  0.95510
    106   3.00541  4.84467  3.49605  3.00702  4.19926  3.49348  3.82412  3.74092  2.23713  3.25683  4.25695  3.36678  3.99600  3.04439  0.97829  3.08954  3.27132  3.46485  5.28224  4.12654    119 r - - -
          2.68618  4.42225  2.77519  2.73123  3.46354  2.40513  3.72494  3.29354  2.67741  2.69355  4.24690  2.90347  2.73739  3.18146  2.89801  2.37887  2.77519  2.98518  4.58477  3.61503
          0.03140  3.87253  4.59488  0.61958  0.77255  0.48576  0.95510
    107   2.88066  4.86651  2.90282  2.65748  4.03510  3.36599  3.81582  3.66580  2.47825  3.16815  4.19593  3.11725  3.91940  1.23393  2.76246  2.92838  3.17760  3.39544  5.30707  4.00080    120 q - - -
          2.68618  4.42225  2.77519  2.73123  3.46354  2.40513  3.72494  3.29354  2.67741  2.69355  4.24690  2.90347  2.73739  3.18146  2.89801  2.37887  2.77519  2.98518  4.58477  3.61503
          0.03140  3.87253  4.59488  0.61958  0.77255  0.48576  0.95510
    108   2.56129  2.67697  3.51169  2.95679  3.77620  3.34748  3.83117  3.11029  2.51478  2.82171  3.75567  3.28601  3.86627  3.09171  1.74886  2.73263  2.87602  2.83782  5.12312  3.89149    121 r - - -
          2.68618  4.42225  2.77519  2.73123  3.46354  2.40513  3.72494  3.29354  2.67741  2.69355  4.24690  2.90347  2.73739  3.18146  2.89801  2.37887  2.77519  2.98518  4.58477  3.61503
          0.03140  3.87253  4.59488  0.61958  0.77255  0.48576  0.95510
    109   2.66484  4.44035  3.33864  3.23801  4.38046  0.72901  4.35835  3.98003  3.41930  3.63417  4.60986  3.50292  3.83149  3.74344  3.65540  2.83675  3.14608  3.50833  5.47566  4.48234    122 g - - -
          2.68618  4.42225  2.77519  2.73123  3.46354  2.40513  3.72494  3.29354  2.67741  2.69355  4.24690  2.90347  2.73739  3.18146  2.89801  2.37887  2.77519  2.98518  4.58477  3.61503
          0.03140  3.87253  4.59488  0.61958  0.77255  0.48576  0.95510
    110   2.31492  4.23536  3.20636  3.02206  4.07630  2.96523  4.13195  3.59888  3.09583  3.31908  4.24511  3.24688  3.70402  3.44512  3.38191  1.09096  2.79504  3.13398  5.44876  4.15980    123 s - - -
          2.68618  4.42225  2.77519  2.73123  3.46354  2.40513  3.72494  3.29354  2.67741  2.69355  4.24690  2.90347  2.73739  3.18146  2.89801  2.37887  2.77519  2.98518  4.58477  3.61503
          0.03140  3.87253  4.59488  0.61958  0.77255  0.48576  0.95510
    111   3.25834  4.66006  4.23881  3.95326  1.01162  3.94821  3.87712  2.78195  3.86028  2.15196  3.51206  4.01920  4.40675  4.02822  3.97999  3.52830  3.55945  2.77267  4.12606  2.49302    124 f - - -
          2.68618  4.42225  2.77519  2.73123  3.46354  2.40513  3.72494  3.29354  2.67741  2.69355  4.24690  2.90347  2.73739  3.18146  2.89801  2.37887  2.77519  2.98518  4.58477  3.61503
          0.03140  3.87253  4.59488  0.61958  0.77255  0.48576  0.95510
    112   3.15527  4.61749  4.18962  3.82940  3.13562  3.98227  4.48512  2.33960  3.59715  0.87512  3.15843  4.10488  4.41757  3.96547  3.77323  3.55304  3.44949  2.37696  5.01500  3.73835    125 l - - -
          2.68618  4.42225  2.77519  2.73123  3.46354  2.40513  3.72494  3.29354  2.67741  2.69355  4.24690  2.90347  2.73739  3.18146  2.89801  2.37887  2.77519  2.98518  4.58477  3.61503
          0.03140  3.87253  4.59488  0.61958  0.77255  0.48576  0.95510
    113   3.00541  4.84467  3.49605  3.00702  4.19926  3.49348  3.82412  3.74092  2.23713  3.25683  4.25695  3.36678  3.99600  3.04439  0.97829  3.08954  3.27132  3.46485  5.28224  4.12654    126 r - - -
          2.68618  4.42225  2.77519  2.73123  3.46354  2.40513  3.72494  3.29354  2.67741  2.69355  4.24690  2.90347  2.73739  3.18146  2.89801  2.37887  2.77519  2.98518  4.58477  3.61503
          0.03140  3.87253  4.59488  0.61958  0.77255  0.48576  0.95510
    114   3.00541  4.84467  3.49605  3.00702  4.19926  3.49348  3.82412  3.74092  2.23713  3.25683  4.25695  3.36678  3.99600  3.04439  0.97829  3.08954  3.27132  3.46485  5.28224  4.12654    127 r - - -
          2.68618  4.42225  2.77519  2.73123  3.46354  2.40513  3.72494  3.29354  2.67741  2.69355  4.24690  2.90347  2.73739  3.18146  2.89801  2.37887  2.77519  2.98518  4.58477  3.61503
          0.03140  3.87253  4.59488  0.61958  0.77255  0.48576  0.95510
    115   3.25834  4.66006  4.23881  3.95326  1.01162  3.94821  3.87712  2.78195  3.86028  2.15196  3.51206  4.01920  4.40675  4.02822  3.97999  3.52830  3.55945  2.77267  4.12606  2.49302    128 f - - -
          2.68618  4.42225  2.77519  2.73123  3.46354  2.40513  3.72494  3.29354  2.67741  2.69355  4.24690  2.90347  2.73739  3.18146  2.89801  2.37887  2.77519  2.98518  4.58477  3.61503
          0.03140  3.87253  4.59488  0.61958  0.77255  0.48576  0.95510
    116   3.00541  4.84467  3.49605  3.00702  4.19926  3.49348  3.82412  3.74092  2.23713  3.25683  4.25695  3.36678  3.99600  3.04439  0.97829  3.08954  3.27132  3.46485  5.28224  4.12654    129 r - - -
          2.68618  4.42225  2.77519  2.73123  3.46354  2.40513  3.72494  3.29354  2.67741  2.69355  4.24690  2.90347  2.73739  3.18146  2.89801  2.37887  2.77519  2.98518  4.58477  3.61503
          0.03140  3.87253  4.59488  0.61958  0.77255  0.48576  0.95510
    117   3.15527  4.61749  4.18962  3.82940  3.13562  3.98227  4.48512  2.33960  3.59715  0.87512  3.15843  4.10488  4.41757  3.96547  3.77323  3.55304  3.44949  2.37696  5.01500  3.73835    130 l - - -
          2.68618  4.42225  2.77519  2.73123  3.46354  2.40513  3.72494  3.29354  2.67741  2.69355  4.24690  2.90347  2.73739  3.18146  2.89801  2.37887  2.77519  2.98518  4.58477  3.61503
          0.03140  3.87253  4.59488  0.61958  0.77255  0.48576  0.95510
    118   2.75136  4.50878  3.35852  3.19750  4.19281  3.19629  4.27501  3.73816  3.25479  3.36503  4.41482  3.50423  0.82752  3.64357  3.50038  2.91883  3.19291  3.38354  5.37942  4.31345    131 p - - -
          2.68618  4.42225  2.77519  2.73123  3.46354  2.40513  3.72494  3.29354  2.67741  2.69355  4.24690  2.90347  2.73739  3.18146  2.89801  2.37887  2.77519  2.98518  4.58477  3.61503
          0.03140  3.87253  4.59488  0.61958  0.77255  0.48576  0.95510
    119   2.95222  5.06345  2.48744  1.02528  4.40966  3.27401  3.86073  3.86357  2.74126  3.48064  4.45460  2.93275  3.87858  3.07634  3.15016  2.93456  3.25643  3.54737  5.58121  4.30338    132 e - - -
          2.68618  4.42225  2.77519  2.73123  3.46354  2.40513  3.72494  3.29354  2.67741  2.69355  4.24690  2.90347  2.73739  3.18146  2.89801  2.37887  2.77519  2.98518  4.58477  3.61503
          0.03140  3.87253  4.59488  0.61958  0.77255  0.48576  0.95510
    120   2.80121  5.19567  1.79052  2.13208  4.52170  3.17065  3.72403  4.06801  2.70537  3.61951  4.47558  1.71255  3.78357  2.90192  3.24904  2.73646  3.10532  3.65856  5.75093  4.29001    133 n - - -
          2.68618  4.42225  2.77519  2.73123  3.46354  2.40513  3.72494  3.29354  2.67741  2.69355  4.24690  2.90347  2.73739  3.18146  2.89801  2.37887  2.77519  2.98518  4.58477  3.61503
          0.03140  3.87253  4.59488  0.61958  0.77255  0.48576  0.95510
    121   1.01367  4.19197  3.46257  3.25379  4.05236  3.01653  4.27584  3.17787  3.27005  3.05949  4.09125  3.40342  3.75574  3.61119  3.52062  2.54224  2.81959  2.83226  5.47951  4.27975    134 a - - -
          2.68618  4.42225  2.77519  2.73123  3.46354  2.40513  3.72494  3.29354  2.67741  2.69355  4.24690  2.90347  2.73739  3.18146  2.89801  2.37887  2.77519  2.98518  4.58477  3.61503
          0.03140  3.87253  4.59488  0.61958  0.77255  0.48576  0.95510
    122   2.61208  4.49453  3.10657  2.73389  3.64689  3.39223  3.82794  2.28197  2.70153  2.72875  3.72067  2.00322  3.89702  3.09700  3.05458  2.76243  2.90815  2.64279  5.11442  3.76590    135 n - - -
          2.68618  4.42225  2.77519  2.73123  3.46354  2.40513  3.72494  3.29354  2.67741  2.69355  4.24690  2.90347  2.73739  3.18146  2.89801  2.37887  2.77519  2.98518  4.58477  3.61503
          0.03140  3.87253  4.59488  0.61958  0.77255  0.48576  0.95510
    123   2.32145  4.25173  3.22849  2.89991  4.03054  3.04805  3.99649  3.32523  2.89189  3.06829  3.97479  3.18984  2.43450  3.25255  3.22039  2.48640  1.66511  2.94346  5.39881  4.15727    136 t - - -
          2.68618  4.42225  2.77519  2.73123  3.46354  2.40513  3.72494  3.29354  2.67741  2.69355  4.24690  2.90347  2.73739  3.18146  2.89801  2.37887  2.77519  2.98518  4.58477  3.61503
          0.03140  3.87253  4.59488  0.61958  0.77255  0.48576  0.95510
    124   2.83810  5.37851  1.78715  1.72219  4.66371  3.18408  3.68063  4.17148  2.65178  3.67552  4.50920  2.09611  3.77893  2.83935  3.22238  2.73745  3.11642  3.75241  5.83959  4.35386    137 e - - -
          2.68618  4.42225  2.77519  2.73123  3.46354  2.40513  3.72494  3.29354  2.67741  2.69355  4.24690  2.90347  2.73739  3.18146  2.89801  2.37887  2.77519  2.98518  4.58477  3.61503
          0.03140  3.87253  4.59488  0.61958  0.77255  0.48576  0.95510
    125   2.69148  4.86132  2.92797  2.47939  4.23213  2.58563  3.61324  3.65292  2.20326  3.20504  4.04215  2.96146  3.82946  2.25913  2.11556  2.71450  2.93560  3.31024  5.37051  4.08026    138 r - - -
          2.68618  4.42225  2.77519  2.73123  3.46354  2.40513  3.72494  3.29354  2.67741  2.69355  4.24690  2.90347  2.73739  3.18146  2.89801  2.37887  2.77519  2.98518  4.58477  3.61503
          0.03140  3.87253  4.59488  0.61958  0.77255  0.48576  0.95510
    126   3.03114  4.44977  4.33589  3.95163  3.37416  4.06669  4.67970  1.07783  3.77978  1.96011  3.30943  4.19696  4.49784  4.12802  3.97633  3.56194  3.33027  1.84575  5.26505  4.00340    139 i - - -
          2.68618  4.42225  2.77519  2.73123  3.46354  2.40513  3.72494  3.29354  2.67741  2.69355  4.24690  2.90347  2.73739  3.18146  2.89801  2.37887  2.77519  2.98518  4.58477  3.61503
          0.03140  3.87253  4.59488  0.61958  0.77255  0.48576  0.95510
    127   2.42191  4.47147  2.78224  2.57239  4.18695  3.05604  3.86821  3.70339  2.75431  3.34258  4.18983  2.20758  3.71419  3.08800  3.14236  1.61615  2.82469  3.24993  5.49716  4.15817    140 s - - -
          2.68618  4.42225  2.77519  2.73123  3.46354  2.40513  3.72494  3.29354  2.67741  2.69355  4.24690  2.90347  2.73739  3.18146  2.89801  2.37887  2.77519  2.98518  4.58477  3.61503
          0.03140  3.87253  4.59488  0.61958  0.77255  0.48576  0.95510
    128   2.17359  1.84122  3.79770  3.43385  3.83386  2.94994  4.22510  3.12004  3.31106  2.95442  3.86810  3.43126  3.68472  3.61507  3.52958  1.83663  2.64855  2.73709  5.28765  4.06930    141 s - - -
          2.68618  4.42225  2.77519  2.73123  3.46354  2.40513  3.72494  3.29354  2.67741  2.69355  4.24690  2.90347  2.73739  3.18146  2.89801  2.37887  2.77519  2.98518  4.58477  3.61503
          0.03140  3.87253  4.59488  0.61958  0.77255  0.48576  0.95510
    129   1.42788  4.11650  3.45795  3.14262  4.04373  2.97571  4.15977  3.13521  3.12288  3.03679  3.97246  3.30453  3.69648  3.45045  3.41301  2.42632  2.00503  2.76250  5.47019  4.25685    142 a - - -
          2.68618  4.42225  2.77519  2.73123  3.46354  2.40513  3.72494  3.29354  2.67741  2.69355  4.24690  2.90347  2.73739  3.18146  2.89801  2.37887  2.77519  2.98518  4.58477  3.61503
          0.03140  3.87253  4.59488  0.61958  0.77255  0.48576  0.95510
    130   3.15527  4.61749  4.18962  3.82940  3.13562  3.98227  4.48512  2.33960  3.59715  0.87512  3.15843  4.10488  4.41757  3.96547  3.77323  3.55304  3.44949  2.37696  5.01500  3.73835    143 l - - -
          2.68618  4.42225  2.77519  2.73123  3.46354  2.40513  3.72494  3.29354  2.67741  2.69355  4.24690  2.90347  2.73739  3.18146  2.89801  2.37887  2.77519  2.98518  4.58477  3.61503
          0.03140  3.87253  4.59488  0.61958  0.77255  0.48576  0.95510
    131   2.82463  5.13302  2.53350  1.61040  4.46079  3.32593  3.64118  3.87742  1.91141  3.41633  4.26995  2.83249  3.83684  2.79473  2.67791  2.78395  3.06893  3.52411  5.56469  4.22425    144 e - - -
          2.68618  4.42225  2.77519  2.73123  3.46354  2.40513  3.72494  3.29354  2.67741  2.69355  4.24690  2.90347  2.73739  3.18146  2.89801  2.37887  2.77519  2.98518  4.58477  3.61503
          0.03140  3.87253  4.59488  0.61958  0.77255  0.48576  0.95510
    132   2.80042  5.19298  1.79854  2.13330  4.51936  3.17079  3.72429  4.06573  2.70510  3.61781  4.47401  1.70620  3.78363  2.90235  3.24804  2.73625  3.10468  3.65656  5.74907  4.28873    145 n - - -
          2.68618  4.42225  2.77519  2.73123  3.46354  2.40513  3.72494  3.29354  2.67741  2.69355  4.24690  2.90347  2.73739  3.18146  2.89801  2.37887  2.77519  2.98518  4.58477  3.61503
          0.03140  3.87253  4.59488  0.61958  0.77255  0.48576  0.95510
    133   2.66484  4.44035  3.33864  3.23801  4.38046  0.72901  4.35835  3.98003  3.41930  3.63417  4.60986  3.50292  3.83149  3.74344  3.65540  2.83675  3.14608  3.50833  5.47566  4.48234    146 g - - -
          2.68618  4.42225  2.77519  2.73123  3.46354  2.40513  3.72494  3.29354  2.67741  2.69355  4.24690  2.90347  2.73739  3.18146  2.89801  2.37887  2.77519  2.98518  4.58477  3.61503
          0.03140  3.87253  4.59488  0.61958  0.77255  0.48576  0.95510
    134   2.80811  4.35062  4.12545  3.78852  3.55005  3.72401  4.59020  2.05006  3.65630  2.23702  3.51512  3.97836  4.28446  4.01607  3.86881  3.22749  3.16962  1.02481  5.33452  4.06618    147 v - - -
          2.68618  4.42225  2.77519  2.73123  3.46354  2.40513  3.72494  3.29354  2.67741  2.69355  4.24690  2.90347  2.73739  3.18146  2.89801  2.37887  2.77519  2.98518  4.58477  3.61503
          0.03140  3.87253  4.59488  0.61958  0.77255  0.48576  0.95510
    135   3.15527  4.61749  4.18962  3.82940  3.13562  3.98227  4.48512  2.33960  3.59715  0.87512  3.15843  4.10488  4.41757  3.96547  3.77323  3.55304  3.44949  2.37696  5.01500  3.73835    148 l - - -
          2.68618  4.42225  2.77519  2.73123  3.46354  2.40513  3.72494  3.29354  2.67741  2.69355  4.24690  2.90347  2.73739  3.18146  2.89801  2.37887  2.77519  2.98518  4.58477  3.61503
          0.03140  3.87253  4.59488  0.61958  0.77255  0.48576  0.95510
    136   2.43172  4.43057  2.92701  2.65439  4.07590  3.11339  3.86871  3.43883  2.72189  3.16226  4.04049  2.26282  3.74310  3.09465  3.08462  2.55113  1.76249  3.05964  5.40926  4.10686    149 t - - -
          2.68618  4.42225  2.77519  2.73123  3.46354  2.40513  3.72494  3.29354  2.67741  2.69355  4.24690  2.90347  2.73739  3.18146  2.89801  2.37887  2.77519  2.98518  4.58477  3.61503
          0.03140  3.87253  4.59488  0.61958  0.77255  0.48576  0.95510
    137   2.80811  4.35062  4.12545  3.78852  3.55005  3.72401  4.59020  2.05006  3.65630  2.23702  3.51512  3.97836  4.28446  4.01607  3.86881  3.22749  3.16962  1.02481  5.33452  4.06618    150 v - - -
          2.68618  4.42225  2.77519  2.73123  3.46354  2.40513  3.72494  3.29354  2.67741  2.69355  4.24690  2.90347  2.73739  3.18146  2.89801  2.37887  2.77519  2.98518  4.58477  3.61503
          0.03140  3.87253  4.59488  0.61958  0.77255  0.48576  0.95510
    138   2.41263  4.25772  3.42802  3.17994  3.96881  3.09702  4.19728  3.09594  3.12292  2.95943  4.00989  3.38937  3.80075  3.51773  3.38165  2.61389  1.17180  2.79092  5.40660  4.18542    151 t - - -
          2.68618  4.42225  2.77519  2.73123  3.46354  2.40513  3.72494  3.29354  2.67741  2.69355  4.24690  2.90347  2.73739  3.18146  2.89801  2.37887  2.77519  2.98518  4.58477  3.61503
          0.03140  3.87253  4.59488  0.61958  0.77255  0.48576  0.95510
    139   2.80811  4.35062  4.12545  3.78852  3.55005  3.72401  4.59020  2.05006  3.65630  2.23702  3.51512  3.97836  4.28446  4.01607  3.86881  3.22749  3.16962  1.02481  5.33452  4.06618    152 v - - -
          2.68618  4.42225  2.77519  2.73123  3.46354  2.40513  3.72494  3.29354  2.67741  2.69355  4.24690  2.90347  2.73739  3.18146  2.89801  2.37887  2.77519  2.98518  4.58477  3.61503
          0.03140  3.87253  4.59488  0.61958  0.77255  0.48576  0.95510
    140   2.75136  4.50878  3.35852  3.19750  4.19281  3.19629  4.27501  3.73816  3.25479  3.36503  4.41482  3.50423  0.82752  3.64357  3.50038  2.91883  3.19291  3.38354  5.37942  4.31345    153 p - - -
          2.68618  4.42225  2.77519  2.73123  3.46354  2.40513  3.72494  3.29354  2.67741  2.69355  4.24690  2.90347  2.73739  3.18146  2.89801  2.37887  2.77519  2.98518  4.58477  3.61503
          0.03140  3.87253  4.59488  0.61958  0.77255  0.48576  0.95510
    141   2.97207  4.93599  3.14807  2.76944  4.32243  3.46159  3.75907  3.75169  1.03819  3.31672  4.27811  3.19393  3.96188  2.95049  2.43142  3.01401  3.22530  3.45945  5.37701  4.18976    154 k - - -
          2.68618  4.42225  2.77519  2.73123  3.46354  2.40513  3.72494  3.29354  2.67741  2.69355  4.24690  2.90347  2.73739  3.18146  2.89801  2.37887  2.77519  2.98518  4.58477  3.61503
          0.03140  3.87253  4.59488  0.61958  0.77255  0.48576  0.95510
    142   2.69176  4.62438  3.22506  2.73550  3.89602  3.46173  3.74784  3.02523  1.69367  2.82644  3.80140  3.16212  3.91647  2.95079  2.65290  2.81038  2.95329  2.23534  5.23336  3.96549    155 k - - -
          2.68618  4.42225  2.77519  2.73123  3.46354  2.40513  3.72494  3.29354  2.67741  2.69355  4.24690  2.90347  2.73739  3.18146  2.89801  2.37887  2.77519  2.98518  4.58477  3.61503
          0.16776  3.87253  2.01260  0.61958  0.77255  0.48576  0.95510
    143   2.84754  4.91660  2.44899  1.23032  4.24785  3.19496  3.77762  3.67549  2.64197  3.31672  4.30233  2.87399  3.79498  2.99987  3.03253  2.84731  3.15277  3.37523  5.44512  4.17342    156 e - - -
          2.68618  4.42225  2.77519  2.73123  3.46354  2.40513  3.72494  3.29354  2.67741  2.69355  4.24690  2.90347  2.73739  3.18146  2.89801  2.37887  2.77519  2.98518  4.58477  3.61503
          0.03590  3.74067  4.46302  0.61958  0.77255  0.59265  0.80488
    144   2.01632  4.55440  2.93505  2.58599  4.04286  3.23036  3.71677  3.31196  1.91113  3.02853  3.93858  3.01281  3.77714  2.91548  2.68765  2.64675  2.86805  2.99964  5.31102  4.04163    157 k - - -
          2.68618  4.42225  2.77519  2.73123  3.46354  2.40513  3.72494  3.29354  2.67741  2.69355  4.24690  2.90347  2.73739  3.18146  2.89801  2.37887  2.77519  2.98518  4.58477  3.61503
          0.03590  3.74067  4.46302  0.61958  0.77255  0.42429  1.06199
    145   2.60024  4.60696  3.03881  2.63777  4.06290  3.30903  3.74024  3.34961  1.96669  3.04899  3.94547  3.06714  3.82997  2.93425  2.70448  2.69472  1.88889  3.04030  5.32578  4.05947    158 t - - -
          2.68618  4.42225  2.77519  2.73123  3.46354  2.40513  3.72494  3.29354  2.67741  2.69355  4.24690  2.90347  2.73739  3.18146  2.89801  2.37887  2.77519  2.98518  4.58477  3.61503
          0.03140  3.87253  4.59488  0.61958  0.77255  0.48576  0.95510
    146   2.59424  4.79016  2.60990  1.96865  4.22901  3.22226  3.68916  3.65750  2.52797  3.25583  4.08764  2.85151  2.69786  2.85848  2.97554  2.14879  2.89148  3.28462  5.47446  4.12399    159 e - - -
          2.68618  4.42225  2.77519  2.73123  3.46354  2.40513  3.72494  3.29354  2.67741  2.69355  4.24690  2.90347  2.73739  3.18146  2.89801  2.37887  2.77519  2.98518  4.58477  3.61503
          0.03140  3.87253  4.59488  0.61958  0.77255  0.48576  0.95510
    147   2.55188  4.67738  2.71849  2.01678  4.13855  3.22296  3.71254  3.52130  2.54730  3.16478  4.00766  2.90564  3.76238  2.89274  2.97486  2.14886  2.29487  3.16554  5.41315  4.08688    160 e - - -
          2.68618  4.42225  2.77519  2.73123  3.46354  2.40513  3.72494  3.29354  2.67741  2.69355  4.24690  2.90347  2.73739  3.18146  2.89801  2.37887  2.77519  2.98518  4.58477  3.61503
          0.03140  3.87253  4.59488  0.61958  0.77255  0.48576  0.95510
    148   2.46284  4.56684  2.71893  2.47193  4.25747  2.31956  3.79988  3.71385  2.67721  3.32204  4.14975  2.23197  2.56515  2.98993  3.10572  2.53663  2.83062  3.27617  5.52169  4.19792    161 n - - -
          2.68618  4.42225  2.77519  2.73123  3.46354  2.40513  3.72494  3.29354  2.67741  2.69355  4.24690  2.90347  2.73739  3.18146  2.89801  2.37887  2.77519  2.98518  4.58477  3.61503
          0.03140  3.87253  4.59488  0.61958  0.77255  0.48576  0.95510
    149   2.58168  4.65609  2.88602  2.54899  4.17326  3.24241  3.72931  3.59332  1.96434  3.21256  4.07151  2.99486  3.79364  2.91496  2.74201  1.76955  2.90030  3.22674  5.40008  4.10278    162 s - - -
          2.68618  4.42225  2.77519  2.73123  3.46354  2.40513  3.72494  3.29354  2.67741  2.69355  4.24690  2.90347  2.73739  3.18146  2.89801  2.37887  2.77519  2.98518  4.58477  3.61503
          0.03140  3.87253  4.59488  0.61958  0.77255  0.48576  0.95510
    150   2.72798  5.10507  1.86382  2.14964  4.52278  2.37502  3.70568  4.01828  2.66231  3.56039  4.39095  2.13266  3.76273  2.87154  3.20402  2.68105  3.03172  3.59723  5.73466  4.29568    163 d - - -
          2.68618  4.42225  2.77519  2.73123  3.46354  2.40513  3.72494  3.29354  2.67741  2.69355  4.24690  2.90347  2.73739  3.18146  2.89801  2.37887  2.77519  2.98518  4.58477  3.61503
          0.03140  3.87253  4.59488  0.61958  0.77255  0.48576  0.95510
    151   2.80811  4.35062  4.12545  3.78852  3.55005  3.72401  4.59020  2.05006  3.65630  2.23702  3.51512  3.97836  4.28446  4.01607  3.86881  3.22749  3.16962  1.02481  5.33452  4.06618    164 v - - -
          2.68618  4.42225  2.77519  2.73123  3.46354  2.40513  3.72494  3.29354  2.67741  2.69355  4.24690  2.90347  2.73739  3.18146  2.89801  2.37887  2.77519  2.98518  4.58477  3.61503
          0.03140  3.87253  4.59488  0.61958  0.77255  0.48576  0.95510
    152   2.96970  5.04669  3.36732  2.74316  4.46472  3.58900  3.57940  3.82611  1.58663  3.30252  4.18338  3.14647  3.97448  2.72388  1.48086  2.98028  3.14962  3.51813  5.37047  4.19169    165 r - - -
          2.68618  4.42225  2.77519  2.73123  3.46354  2.40513  3.72494  3.29354  2.67741  2.69355  4.24690  2.90347  2.73739  3.18146  2.89801  2.37887  2.77519  2.98518  4.58477  3.61503
          0.03140  3.87253  4.59488  0.61958  0.77255  0.48576  0.95510
    153   2.61652  4.67742  2.90220  2.55142  4.07057  3.29301  3.72596  3.44844  2.42301  3.06920  3.98216  3.00811  3.81955  1.89113  2.75938  2.68734  2.28646  3.13560  5.35116  4.04805    166 q - - -
          2.68618  4.42225  2.77519  2.73123  3.46354  2.40513  3.72494  3.29354  2.67741  2.69355  4.24690  2.90347  2.73739  3.18146  2.89801  2.37887  2.77519  2.98518  4.58477  3.61503
          0.03140  3.87253  4.59488  0.61958  0.77255  0.48576  0.95510
    154   3.03114  4.44977  4.33589  3.95163  3.37416  4.06669  4.67970  1.07783  3.77978  1.96011  3.30943  4.19696  4.49784  4.12802  3.97633  3.56194  3.33027  1.84575  5.26505  4.00340    167 i - - -
          2.68618  4.42225  2.77519  2.73123  3.46354  2.40513  3.72494  3.29354  2.67741  2.69355  4.24690  2.90347  2.73739  3.18146  2.89801  2.37887  2.77519  2.98518  4.58477  3.61503
          0.03140  3.87253  4.59488  0.61958  0.77255  0.48576  0.95510
    155   2.79765  5.15712  1.58834  2.18496  4.22607  3.23594  2.55566  3.94434  2.61167  3.47820  4.33632  2.74571  3.80036  2.86632  3.11735  2.74184  3.07272  3.56992  5.51419  4.04205    168 d - - -
          2.68618  4.42225  2.77519  2.73123  3.46354  2.40513  3.72494  3.29354  2.67741  2.69355  4.24690  2.90347  2.73739  3.18146  2.89801  2.37887  2.77519  2.98518  4.58477  3.61503
          0.03140  3.87253  4.59488  0.61958  0.77255  0.48576  0.95510
    156   2.98432  4.36112  4.53415  4.04144  3.46827  4.23028  4.79267  1.49645  3.91690  2.00100  3.30135  4.28703  4.58553  4.20651  4.13969  3.61211  3.25962  1.20930  5.39391  4.17564    169 v - - -
          2.68618  4.42225  2.77519  2.73123  3.46354  2.40513  3.72494  3.29354  2.67741  2.69355  4.24690  2.90347  2.73739  3.18146  2.89801  2.37887  2.77519  2.98518  4.58477  3.61503
          0.03140  3.87253  4.59488  0.61958  0.77255  0.48576  0.95510
    157   1.83592  4.13343  3.46564  3.07342  3.86520  2.26477  4.06299  3.00237  3.05600  2.88925  3.80316  3.29269  3.73030  3.36381  3.37086  2.47835  2.69459  2.06520  5.29935  4.07607    170 a - - -
          2.68621  4.42228  2.77523  2.73126  3.46357  2.40516  3.72498  3.29357  2.67744  2.69334  4.24693  2.90350  2.73743  3.18110  2.89804  2.37890  2.77523  2.98521  4.58480  3.61506
          0.15761  1.92541        *  0.65819  0.72937  0.00000        *
//
