Id_Group	Score	Indexes
G_1 -0.13762 10  11  12  13  14  15  16  17  18  19  20  21  22  23  24  25  26  27  28  29  30  31  32  33  34  35  36  37  38  39  40  41  42  43  44  45  46  47  48  49  50  51  52  53  54  55  56  57  58  59  60  61  62  63  64  65  66  67  68  69  70
G_2 -0.15415 11  12  13  14  15  16  17  18  19  20  21  22  23  24  25  26  27  28  29  30  31  32  33  34  35  36  37  38  39  40  41  42  43  44  45  46  47  48  49  50  51  52  53  54  55  56  57  58  59  60  61  62  63  64  65  66  67  68  69  70
G_3 -0.2782 18  19  20  21  22  23  24  25  26  27  28  29  30  31  32  33  34  35  36  37  38  39  40  41  42  43  44  45  46  47  48  49  50  51  52  53  54  55  56  57  58  59  60  61  62  63  64  65  66  67  68  69  70
G_4 -0.72213 18  19  20  21  22  23  24  25  26  27  28  29  30  31  32  33  34  35  36  37  38  39  40  41  42  43  44  45  46  47  48  49  50  51
G_5 -0.81451 18  19  20  21  22  23  24  25  26  27  28  29  30  31  32  33  34  35  36  37  38  39  40  41  42  43  44  45  46  47  48
G_6 -1.1575 27  28  29  30  31  32  33  34  35  36  37  38  39  40  41  42  43  44  45  46  47  48
G_7 -1.3041 52  53  54  55  56  57  58  59  60  61  62  63  64  65  66  67  68  69  70
G_8 -1.4759 55  56  57  58  59  60  61  62  63  64  65  66  67  68  69  70
G_9 -1.5404 34  35  36  37  38  39  40  41  42  43  44  45  46  47  48
G_10 -1.8506 60  61  62  63  64  65  66  67  68  69  70
G_11 -1.9459 61  62  63  64  65  66  67  68  69  70
G_12 -2.0513 18  19  20  21  22  23  24  25  26
G_13 -2.0513 1  2  3  4  5  6  7  8  9
G_14 -2.1691 34  35  36  37  38  39  40  41
G_15 -2.3026 64  65  66  67  68  69  70
G_16 -2.3026 42  43  44  45  46  47  48
G_17 -2.3026 35  36  37  38  39  40  41
G_18 -2.3026 27  28  29  30  31  32  33
G_19 -2.3026 11  12  13  14  15  16  17
G_20 -2.3026 3  4  5  6  7  8  9
G_21 -2.4567 28  29  30  31  32  33
G_22 -2.6391 55  56  57  58  59
G_23 -2.6391 37  38  39  40  41
G_24 -2.6391 18  19  20  21  22
G_25 -2.6391 5  6  7  8  9
G_26 -2.8622 67  68  69  70
G_27 -2.8622 56  57  58  59
G_28 -2.8622 42  43  44  45
G_29 -2.8622 30  31  32  33
G_30 -2.8622 23  24  25  26
G_31 -2.8622 14  15  16  17
G_32 -2.8622 6  7  8  9
G_33 -3.1499 68  69  70
G_34 -3.1499 64  65  66
G_35 -3.1499 61  62  63
G_36 -3.1499 57  58  59
G_37 -3.1499 52  53  54
G_38 -3.1499 49  50  51
G_39 -3.1499 46  47  48
G_40 -3.1499 43  44  45
G_41 -3.1499 37  38  39
G_42 -3.1499 18  19  20
G_43 -3.1499 15  16  17
G_44 -3.1499 11  12  13
G_45 -3.1499 7  8  9
