HMMER3/f [3.1b2 | February 2015]
NAME  Mafft_Group_14
LENG  185
ALPH  amino
RF    no
MM    no
CONS  yes
CS    no
MAP   yes
DATE  Mon Oct 24 15:37:51 2016
NSEQ  28
EFFN  1.589355
CKSUM 1342800670
STATS LOCAL MSV      -10.3056  0.70634
STATS LOCAL VITERBI  -11.4231  0.70634
STATS LOCAL FORWARD   -4.7534  0.70634
HMM          A        C        D        E        F        G        H        I        K        L        M        N        P        Q        R        S        T        V        W        Y   
            m->m     m->i     m->d     i->m     i->i     d->m     d->d
  COMPO   2.62581  4.30847  3.00757  2.53378  3.35782  3.00109  3.71029  2.83847  2.48593  2.54433  3.55851  3.01920  3.28965  2.99197  2.88619  2.67365  2.84899  2.65474  4.56787  3.57818
          2.68632  4.42239  2.77534  2.73122  3.46343  2.40527  3.72509  3.29368  2.67726  2.69357  4.24578  2.90361  2.73723  3.18136  2.89782  2.37890  2.77517  2.98513  4.58491  3.61517
          0.31382  2.45491  1.69564  1.63145  0.21771  0.00000        *
      1   3.34005  4.83427  4.51267  4.15585  3.45667  4.15410  4.79853  2.67631  3.89807  2.00564  0.77478  4.37811  4.63260  4.26138  4.05226  3.72207  3.66168  2.72597  5.33897  4.12935     12 m - - -
          2.68618  4.42225  2.77519  2.73123  3.46354  2.40513  3.72494  3.29354  2.67741  2.69355  4.24690  2.90347  2.73739  3.18146  2.89801  2.37887  2.77519  2.98518  4.58477  3.61503
          0.02094  4.27246  4.99480  0.61958  0.77255  0.63097  0.75945
      2   2.41478  5.05007  2.60033  1.54432  4.34404  3.44034  3.68609  3.77619  2.47332  3.33791  3.43252  2.94053  3.86553  2.81350  2.95805  2.68874  2.73437  3.40568  5.53627  4.15865     13 e - - -
          2.68590  4.42230  2.77525  2.73129  3.46359  2.40504  3.72500  3.29359  2.67730  2.69360  4.24695  2.90352  2.73745  3.18152  2.89806  2.37882  2.77525  2.98524  4.58482  3.61508
          0.38587  1.76373  1.90559  0.55027  0.85990  0.68552  0.70084
      3   2.63531  5.01463  2.59734  2.19462  4.30970  3.39744  3.61599  3.76124  2.20086  3.29988  4.07623  2.49084  3.80718  2.73600  2.86937  2.47244  2.44354  2.88903  5.48241  4.10163     17 e - - -
          2.68618  4.42225  2.77519  2.73123  3.46354  2.40513  3.72494  3.29354  2.67741  2.69355  4.24690  2.90347  2.73739  3.18146  2.89801  2.37887  2.77519  2.98518  4.58477  3.61503
          0.02319  4.17164  4.89399  0.61958  0.77255  0.41461  1.08056
      4   2.69077  4.88599  3.09162  2.53154  4.12983  3.51551  3.70934  3.14559  1.87170  3.14249  2.88880  2.52749  3.90475  2.62573  2.92028  2.72475  2.52772  3.21995  5.38230  4.05391     18 k - - -
          2.68618  4.42225  2.77519  2.73123  3.46354  2.40513  3.72494  3.29354  2.67741  2.69355  4.24690  2.90347  2.73739  3.18146  2.89801  2.37887  2.77519  2.98518  4.58477  3.61503
          0.01828  4.40674  5.12909  0.61958  0.77255  0.48140  0.96212
      5   1.73586  4.55277  3.35301  2.79292  3.72898  3.15898  3.36930  3.10305  2.76326  2.65282  3.07716  3.00987  3.98199  3.09015  3.16651  2.82311  2.49149  2.70703  5.12416  3.86011     19 a - - -
          2.68618  4.42225  2.77519  2.73123  3.46354  2.40513  3.72494  3.29354  2.67741  2.69355  4.24690  2.90347  2.73739  3.18146  2.89801  2.37887  2.77519  2.98518  4.58477  3.61503
          0.01756  4.44693  5.16928  0.61958  0.77255  0.46475  0.98964
      6   2.18920  5.16866  2.67678  1.88444  4.49728  2.98589  3.66445  3.97092  2.16199  3.46619  3.85335  2.94524  3.86826  2.76761  2.50299  2.66929  2.93147  3.55073  5.61065  4.21067     20 e - - -
          2.68618  4.42225  2.77519  2.73123  3.46354  2.40513  3.72494  3.29354  2.67741  2.69355  4.24690  2.90347  2.73739  3.18146  2.89801  2.37887  2.77519  2.98518  4.58477  3.61503
          0.01718  4.46837  5.19071  0.61958  0.77255  0.48576  0.95510
      7   2.18952  5.11645  2.95420  2.17679  4.42953  2.74889  2.98617  3.89067  2.43464  3.41120  4.17419  2.96202  3.10993  2.55578  2.92041  2.35013  2.79620  3.49159  5.57735  4.18899     21 e - - -
          2.68618  4.42225  2.77519  2.73123  3.46354  2.40513  3.72494  3.29354  2.67741  2.69355  4.24690  2.90347  2.73739  3.18146  2.89801  2.37887  2.77519  2.98518  4.58477  3.61503
          0.07229  4.46837  2.84258  0.61958  0.77255  0.48576  0.95510
      8   2.06519  4.95110  2.98735  2.34039  4.35616  2.87483  3.75899  3.79960  2.55139  3.36299  4.15039  2.39050  3.88809  2.89283  3.02644  2.19565  2.33262  3.41054  5.56318  4.20289     22 a - - -
          2.68618  4.42225  2.77519  2.73123  3.46354  2.40513  3.72494  3.29354  2.67741  2.69355  4.24690  2.90347  2.73739  3.18146  2.89801  2.37887  2.77519  2.98518  4.58477  3.61503
          0.10348  4.41422  2.45108  0.61958  0.77255  0.56950  0.83427
      9   2.64486  4.73004  2.69899  2.56432  3.30643  3.50374  3.29963  3.01449  2.55166  2.81700  3.80995  2.92060  3.03490  2.69214  2.77678  2.71408  2.87625  2.47462  5.25444  3.94548     23 v - - -
          2.68618  4.42225  2.77519  2.73123  3.46354  2.40513  3.72494  3.29354  2.67741  2.69355  4.24690  2.90347  2.73739  3.18146  2.89801  2.37887  2.77519  2.98518  4.58477  3.61503
          0.07323  4.33049  2.85686  0.61958  0.77255  0.56908  0.83482
     10   2.71076  5.10710  2.98322  2.32997  4.42960  3.47832  3.64599  3.87857  1.90153  2.99859  4.16044  2.19346  3.87077  2.56638  2.60281  2.69073  2.60079  3.48697  5.54049  4.17577     24 k - - -
          2.68618  4.42225  2.77519  2.73123  3.46354  2.40513  3.72494  3.29354  2.67741  2.69355  4.24690  2.90347  2.73739  3.18146  2.89801  2.37887  2.77519  2.98518  4.58477  3.61503
          0.01977  4.32905  5.05139  0.61958  0.77255  0.49169  0.94570
     11   2.69638  4.85011  3.12849  2.56416  4.08392  3.53017  3.12028  3.49129  2.49530  2.64460  3.92591  3.07290  3.02743  2.73584  2.02711  2.74207  2.58169  2.87904  5.35257  4.03480     25 r - - -
          2.68618  4.42225  2.77519  2.73123  3.46354  2.40513  3.72494  3.29354  2.67741  2.69355  4.24690  2.90347  2.73739  3.18146  2.89801  2.37887  2.77519  2.98518  4.58477  3.61503
          0.01815  4.41422  5.13657  0.61958  0.77255  0.56950  0.83427
     12   2.67394  3.65957  4.13775  3.55143  2.78059  3.77686  4.07535  2.40670  3.43116  2.08659  2.94236  3.75801  4.14540  3.65008  3.61092  1.80769  2.90618  2.39007  4.75010  3.03105     26 s - - -
          2.68618  4.42225  2.77519  2.73123  3.46354  2.40513  3.72494  3.29354  2.67741  2.69355  4.24690  2.90347  2.73739  3.18146  2.89801  2.37887  2.77519  2.98518  4.58477  3.61503
          0.01815  4.41422  5.13657  0.61958  0.77255  0.43675  1.03883
     13   4.21281  5.45529  4.77296  4.64432  2.57306  4.56718  4.06326  4.15971  4.49291  3.45037  4.77285  4.53140  5.04079  4.64097  4.53734  4.27374  4.50969  4.06120  4.22754  0.36004     27 Y - - -
          2.68618  4.42225  2.77519  2.73123  3.46354  2.40513  3.72494  3.29354  2.67741  2.69355  4.24690  2.90347  2.73739  3.18146  2.89801  2.37887  2.77519  2.98518  4.58477  3.61503
          0.01718  4.46837  5.19071  0.61958  0.77255  0.48576  0.95510
     14   2.83485  5.31305  2.12053  1.34831  4.62935  3.47619  3.76418  4.10383  2.56102  3.60684  4.37975  2.94692  3.93815  2.88393  2.73187  2.78674  3.07787  3.15603  5.76026  4.34241     28 e - - -
          2.68618  4.42225  2.77519  2.73123  3.46354  2.40513  3.72494  3.29354  2.67741  2.69355  4.24690  2.90347  2.73739  3.18146  2.89801  2.37887  2.77519  2.98518  4.58477  3.61503
          0.01718  4.46837  5.19071  0.61958  0.77255  0.48576  0.95510
     15   2.98731  5.53444  1.31897  1.67040  4.84024  3.47030  3.86422  4.33636  2.45525  3.82384  4.61664  2.92784  4.00256  2.99871  3.28283  2.90586  3.24549  3.40875  5.97347  4.51307     29 d - - -
          2.68618  4.42225  2.77519  2.73123  3.46354  2.40513  3.72494  3.29354  2.67741  2.69355  4.24690  2.90347  2.73739  3.18146  2.89801  2.37887  2.77519  2.98518  4.58477  3.61503
          0.01718  4.46837  5.19071  0.61958  0.77255  0.48576  0.95510
     16   3.66219  4.95664  5.12318  4.71410  0.78739  4.70558  4.38750  2.23146  4.55135  2.06871  3.47281  4.66726  4.98934  4.57883  4.59017  4.10554  3.90818  2.74211  4.55197  2.94910     30 f - - -
          2.68618  4.42225  2.77519  2.73123  3.46354  2.40513  3.72494  3.29354  2.67741  2.69355  4.24690  2.90347  2.73739  3.18146  2.89801  2.37887  2.77519  2.98518  4.58477  3.61503
          0.01718  4.46837  5.19071  0.61958  0.77255  0.48576  0.95510
     17   3.30174  5.93267  1.91477  0.76151  5.22458  3.48785  4.08204  4.78034  3.15334  4.25290  5.12618  2.94821  4.13908  3.25596  3.78295  3.15941  3.60213  4.32982  6.38019  4.84666     31 e - - -
          2.68618  4.42225  2.77519  2.73123  3.46354  2.40513  3.72494  3.29354  2.67741  2.69355  4.24690  2.90347  2.73739  3.18146  2.89801  2.37887  2.77519  2.98518  4.58477  3.61503
          0.01718  4.46837  5.19071  0.61958  0.77255  0.48576  0.95510
     18   3.73285  5.34535  4.40541  4.35330  5.23728  4.00173  5.34128  4.98963  4.47201  4.52443  5.62369  4.58505  0.21615  4.83737  4.61232  3.92677  4.22400  4.55574  6.21173  5.37718     32 P - - -
          2.68618  4.42225  2.77519  2.73123  3.46354  2.40513  3.72494  3.29354  2.67741  2.69355  4.24690  2.90347  2.73739  3.18146  2.89801  2.37887  2.77519  2.98518  4.58477  3.61503
          0.01718  4.46837  5.19071  0.61958  0.77255  0.48576  0.95510
     19   3.36722  4.68928  4.88082  4.40271  1.50693  4.40345  4.01164  2.94350  4.23391  1.77005  3.57846  4.31336  4.71190  4.27303  4.26980  3.73208  3.59083  2.53348  4.23146  1.49876     33 y - - -
          2.68618  4.42225  2.77519  2.73123  3.46354  2.40513  3.72494  3.29354  2.67741  2.69355  4.24690  2.90347  2.73739  3.18146  2.89801  2.37887  2.77519  2.98518  4.58477  3.61503
          0.01718  4.46837  5.19071  0.61958  0.77255  0.48576  0.95510
     20   3.06460  0.85984  4.75703  4.35739  2.33711  3.93085  4.53127  2.91180  4.19143  2.62161  3.81220  4.30039  4.50666  4.37776  4.28788  3.40531  3.43457  2.76967  4.94421  3.46482     34 c - - -
          2.68618  4.42225  2.77519  2.73123  3.46354  2.40513  3.72494  3.29354  2.67741  2.69355  4.24690  2.90347  2.73739  3.18146  2.89801  2.37887  2.77519  2.98518  4.58477  3.61503
          0.01718  4.46837  5.19071  0.61958  0.77255  0.48576  0.95510
     21   2.90230  5.26387  3.21998  2.39284  4.64029  3.63726  3.71786  4.06085  1.35690  3.52870  3.49149  3.11852  4.01287  2.22460  2.29971  2.87697  3.10853  3.67595  5.63031  4.32307     35 k - - -
          2.68618  4.42225  2.77519  2.73123  3.46354  2.40513  3.72494  3.29354  2.67741  2.69355  4.24690  2.90347  2.73739  3.18146  2.89801  2.37887  2.77519  2.98518  4.58477  3.61503
          0.01718  4.46837  5.19071  0.61958  0.77255  0.48576  0.95510
     22   4.49468  5.61952  5.09928  4.97638  3.52563  4.49040  4.82332  4.60500  4.72664  3.87805  5.19972  5.02866  5.06078  5.07678  4.73487  4.69394  4.83344  4.50608  0.23281  3.50375     36 W - - -
          2.68618  4.42225  2.77519  2.73123  3.46354  2.40513  3.72494  3.29354  2.67741  2.69355  4.24690  2.90347  2.73739  3.18146  2.89801  2.37887  2.77519  2.98518  4.58477  3.61503
          0.01718  4.46837  5.19071  0.61958  0.77255  0.48576  0.95510
     23   2.81415  5.23307  3.09863  2.33298  4.59381  3.56566  3.69240  4.03955  1.93228  3.13757  4.28195  2.78838  3.94967  2.15998  1.89607  2.78440  2.85087  3.63484  5.62773  4.27981     37 r - - -
          2.68618  4.42225  2.77519  2.73123  3.46354  2.40513  3.72494  3.29354  2.67741  2.69355  4.24690  2.90347  2.73739  3.18146  2.89801  2.37887  2.77519  2.98518  4.58477  3.61503
          0.01718  4.46837  5.19071  0.61958  0.77255  0.48576  0.95510
     24   2.83606  5.04777  3.23791  2.53792  4.34084  3.62056  3.74241  2.87470  1.90537  3.30048  4.11856  3.13958  3.99972  2.88091  1.72801  2.85448  2.41311  3.40822  5.48916  4.19158     38 r - - -
          2.68618  4.42225  2.77519  2.73123  3.46354  2.40513  3.72494  3.29354  2.67741  2.69355  4.24690  2.90347  2.73739  3.18146  2.89801  2.37887  2.77519  2.98518  4.58477  3.61503
          0.05721  4.46837  3.12035  0.61958  0.77255  0.48576  0.95510
     25   2.68579  5.13925  2.56173  1.75833  4.46035  3.45987  3.65543  3.40281  2.15101  3.43407  3.81085  2.67068  3.85715  2.76090  2.89090  2.52400  2.72173  3.51700  5.58609  4.18902     39 e - - -
          2.68619  4.42226  2.77520  2.73124  3.46355  2.40505  3.72495  3.29355  2.67741  2.69356  4.24690  2.90347  2.73740  3.18147  2.89801  2.37887  2.77520  2.98519  4.58478  3.61504
          0.05329  3.07677  5.15138  0.44911  1.01665  0.54772  0.86338
     26   3.11988  5.71464  2.19385  0.93362  5.00507  3.45448  3.93907  4.52728  2.88829  3.99994  4.82646  2.90664  4.04687  2.50040  3.45088  3.00768  3.39446  4.08949  6.14457  4.64856     41 e - - -
          2.68618  4.42225  2.77519  2.73123  3.46354  2.40513  3.72494  3.29354  2.67741  2.69355  4.24690  2.90347  2.73739  3.18146  2.89801  2.37887  2.77519  2.98518  4.58477  3.61503
          0.07521  4.42903  2.80473  0.61958  0.77255  0.54772  0.86338
     27   3.13866  5.69270  1.36962  2.10773  5.04749  1.51311  3.98800  4.57670  3.03261  4.06850  4.91931  2.88678  4.04343  3.15725  3.64563  3.02660  3.44164  4.12876  6.22462  4.71234     42 d - - -
          2.68618  4.42225  2.77519  2.73123  3.46354  2.40513  3.72494  3.29354  2.67741  2.69355  4.24690  2.90347  2.73739  3.18146  2.89801  2.37887  2.77519  2.98518  4.58477  3.61503
          0.01892  4.37274  5.09509  0.61958  0.77255  0.40686  1.09583
     28   2.69987  3.92901  3.05200  2.49137  4.25553  3.50955  3.01100  3.12702  2.06660  3.06145  4.05040  3.01861  3.43651  2.51547  2.26980  2.52227  2.92970  3.33625  5.46646  4.11460     43 k - - -
          2.68618  4.42225  2.77519  2.73123  3.46354  2.40513  3.72494  3.29354  2.67741  2.69355  4.24690  2.90347  2.73739  3.18146  2.89801  2.37887  2.77519  2.98518  4.58477  3.61503
          0.01718  4.46837  5.19071  0.61958  0.77255  0.48576  0.95510
     29   2.57628  5.81871  0.90745  1.91157  5.13182  3.46224  4.03236  4.65078  3.08053  4.14352  4.99677  2.92360  4.09834  3.19929  3.70300  3.08767  3.50977  4.20632  6.30677  4.77486     44 d - - -
          2.68618  4.42225  2.77519  2.73123  3.46354  2.40513  3.72494  3.29354  2.67741  2.69355  4.24690  2.90347  2.73739  3.18146  2.89801  2.37887  2.77519  2.98518  4.58477  3.61503
          0.01718  4.46837  5.19071  0.61958  0.77255  0.48576  0.95510
     30   2.71644  4.33568  3.83191  3.27468  3.51383  3.72864  4.07842  1.86038  2.96012  2.55643  3.48616  3.60398  4.13649  3.48235  3.47593  2.72911  1.74464  2.29520  5.00330  3.78854     45 t - - -
          2.68618  4.42225  2.77519  2.73123  3.46354  2.40513  3.72494  3.29354  2.67741  2.69355  4.24690  2.90347  2.73739  3.18146  2.89801  2.37887  2.77519  2.98518  4.58477  3.61503
          0.01718  4.46837  5.19071  0.61958  0.77255  0.48576  0.95510
     31   3.64002  4.88272  5.48335  4.93465  3.39078  5.03431  5.41771  1.69529  4.80261  0.74811  3.14772  5.14535  5.15540  4.82663  4.85144  4.42191  3.86523  2.06135  5.56367  4.53587     46 l - - -
          2.68618  4.42225  2.77519  2.73123  3.46354  2.40513  3.72494  3.29354  2.67741  2.69355  4.24690  2.90347  2.73739  3.18146  2.89801  2.37887  2.77519  2.98518  4.58477  3.61503
          0.01718  4.46837  5.19071  0.61958  0.77255  0.48576  0.95510
     32   2.92439  5.30241  2.83879  1.14387  4.60434  3.54838  3.80092  4.04878  2.37135  3.02669  4.37518  3.03044  4.00738  2.64082  2.92014  2.88849  3.15855  3.67505  5.72659  4.35873     47 e - - -
          2.68618  4.42225  2.77519  2.73123  3.46354  2.40513  3.72494  3.29354  2.67741  2.69355  4.24690  2.90347  2.73739  3.18146  2.89801  2.37887  2.77519  2.98518  4.58477  3.61503
          0.01718  4.46837  5.19071  0.61958  0.77255  0.48576  0.95510
     33   3.43122  4.66467  5.39959  4.88285  3.71330  4.91930  5.45392  1.39753  4.78372  1.51069  3.48345  5.04454  5.13089  4.94224  4.89535  4.31156  3.67690  1.12558  5.76276  4.62227     48 v - - -
          2.68618  4.42225  2.77519  2.73123  3.46354  2.40513  3.72494  3.29354  2.67741  2.69355  4.24690  2.90347  2.73739  3.18146  2.89801  2.37887  2.77519  2.98518  4.58477  3.61503
          0.01718  4.46837  5.19071  0.61958  0.77255  0.48576  0.95510
     34   3.07725  5.33647  2.92120  2.63204  4.38626  3.63081  1.22471  4.11697  2.52413  3.62198  4.47635  2.76838  4.11745  2.36077  2.86379  3.05022  3.31560  3.76633  5.60732  4.19480     49 h - - -
          2.68618  4.42225  2.77519  2.73123  3.46354  2.40513  3.72494  3.29354  2.67741  2.69355  4.24690  2.90347  2.73739  3.18146  2.89801  2.37887  2.77519  2.98518  4.58477  3.61503
          0.01718  4.46837  5.19071  0.61958  0.77255  0.48576  0.95510
     35   3.68851  5.01481  5.27333  4.80423  3.32111  4.86136  5.29688  2.42466  4.58083  0.52807  3.13438  5.01663  5.09129  4.70729  4.65714  4.30484  3.94604  2.37136  5.48518  4.38108     50 L - - -
          2.68618  4.42225  2.77519  2.73123  3.46354  2.40513  3.72494  3.29354  2.67741  2.69355  4.24690  2.90347  2.73739  3.18146  2.89801  2.37887  2.77519  2.98518  4.58477  3.61503
          0.41691  4.46837  1.11032  0.61958  0.77255  0.48576  0.95510
     36   3.04586  4.76402  3.67591  3.54790  4.51778  3.44019  4.60458  4.12086  3.62371  3.72340  4.78505  3.83181  0.52220  4.00614  3.84205  3.22078  3.50439  3.74200  5.64340  4.64271     51 P - - -
          2.68618  4.42225  2.77519  2.73123  3.46354  2.40513  3.72494  3.29354  2.67741  2.69355  4.24690  2.90347  2.73739  3.18146  2.89801  2.37887  2.77519  2.98518  4.58477  3.61503
          0.35703  4.07697  1.26128  0.61958  0.77255  0.28820  1.38473
     37   2.49665  5.06718  2.95064  2.39937  4.38363  3.44692  2.87218  3.83479  2.20438  3.35197  4.12239  2.93313  3.28530  2.16167  2.52225  2.39408  2.90041  3.44395  5.51117  4.14108     52 q - - -
          2.68618  4.42225  2.77519  2.73123  3.46354  2.40513  3.72494  3.29354  2.67741  2.69355  4.24690  2.90347  2.73739  3.18146  2.89801  2.37887  2.77519  2.98518  4.58477  3.61503
          0.02115  4.26261  4.98496  0.61958  0.77255  0.34833  1.22372
     38   3.18091  5.71265  2.02975  1.87855  5.07382  1.11170  4.04030  4.59633  3.07145  4.09375  4.94249  2.95092  4.09776  3.20914  3.67245  3.07557  3.48280  4.15358  6.25232  4.75153     53 g - - -
          2.68609  4.42152  2.77524  2.73128  3.46358  2.40517  3.72499  3.29333  2.67732  2.69359  4.24694  2.90351  2.73744  3.18151  2.89805  2.37881  2.77524  2.98523  4.58481  3.61508
          0.05719  2.99534  5.19071  1.11174  0.39897  0.48576  0.95510
     39   3.91392  5.11704  5.12124  4.79403  0.70503  4.76200  3.87876  3.35085  4.60643  2.14347  3.93472  4.49330  5.03432  4.52306  4.58190  4.12742  4.12895  3.35759  4.00312  2.03599     59 f - - -
          2.68618  4.42225  2.77519  2.73123  3.46354  2.40513  3.72494  3.29354  2.67741  2.69355  4.24690  2.90347  2.73739  3.18146  2.89801  2.37887  2.77519  2.98518  4.58477  3.61503
          0.01718  4.46837  5.19071  0.61958  0.77255  0.48576  0.95510
     40   3.29373  5.44967  3.76680  3.02920  4.97025  3.91504  3.81313  4.28750  0.98545  3.68891  4.54580  3.42508  4.26429  2.93687  1.63254  3.27515  3.00456  3.95296  5.70392  4.55157     60 k - - -
          2.68618  4.42225  2.77519  2.73123  3.46354  2.40513  3.72494  3.29354  2.67741  2.69355  4.24690  2.90347  2.73739  3.18146  2.89801  2.37887  2.77519  2.98518  4.58477  3.61503
          0.01718  4.46837  5.19071  0.61958  0.77255  0.48576  0.95510
     41   3.23814  5.38647  3.73478  2.99502  4.83166  3.89389  3.80301  4.16605  0.92752  3.60061  3.67116  3.40144  4.23795  2.93040  1.84852  3.22924  3.39731  3.84582  5.65606  4.48262     61 k - - -
          2.68618  4.42225  2.77519  2.73123  3.46354  2.40513  3.72494  3.29354  2.67741  2.69355  4.24690  2.90347  2.73739  3.18146  2.89801  2.37887  2.77519  2.98518  4.58477  3.61503
          0.01718  4.46837  5.19071  0.61958  0.77255  0.48576  0.95510
     42   3.14071  5.77394  1.75838  1.08712  5.06439  3.46670  3.95862  4.59684  2.92801  4.05754  4.87767  2.91342  4.06216  2.41821  3.51370  3.02179  3.41647  4.14524  6.19888  4.68572     62 e - - -
          2.68618  4.42225  2.77519  2.73123  3.46354  2.40513  3.72494  3.29354  2.67741  2.69355  4.24690  2.90347  2.73739  3.18146  2.89801  2.37887  2.77519  2.98518  4.58477  3.61503
          0.01718  4.46837  5.19071  0.61958  0.77255  0.48576  0.95510
     43   2.90868  5.37701  2.56005  2.21938  4.67922  3.50274  2.12224  4.16615  2.56956  3.65964  4.44613  2.97052  3.97976  1.56517  3.03948  2.85390  3.15051  3.75749  5.79829  4.38693     63 q - - -
          2.68618  4.42225  2.77519  2.73123  3.46354  2.40513  3.72494  3.29354  2.67741  2.69355  4.24690  2.90347  2.73739  3.18146  2.89801  2.37887  2.77519  2.98518  4.58477  3.61503
          0.01718  4.46837  5.19071  0.61958  0.77255  0.48576  0.95510
     44   3.53936  4.79624  5.40388  4.84026  3.38256  4.91208  5.28382  1.85577  4.71449  0.85321  2.84442  5.02285  5.06357  4.74335  4.75898  4.28010  3.76268  1.76399  5.48851  4.45232     64 l - - -
          2.68618  4.42225  2.77519  2.73123  3.46354  2.40513  3.72494  3.29354  2.67741  2.69355  4.24690  2.90347  2.73739  3.18146  2.89801  2.37887  2.77519  2.98518  4.58477  3.61503
          0.01718  4.46837  5.19071  0.61958  0.77255  0.48576  0.95510
     45   3.33248  5.48151  3.80465  3.05700  5.01921  3.93731  3.81707  4.33434  1.15542  3.71800  4.57770  3.44465  4.28368  2.94046  1.31819  2.97126  3.48015  3.99960  5.71586  4.57458     65 k - - -
          2.68618  4.42225  2.77519  2.73123  3.46354  2.40513  3.72494  3.29354  2.67741  2.69355  4.24690  2.90347  2.73739  3.18146  2.89801  2.37887  2.77519  2.98518  4.58477  3.61503
          0.01718  4.46837  5.19071  0.61958  0.77255  0.48576  0.95510
     46   3.42839  4.65455  5.41977  4.95599  3.97752  4.96693  5.69300  1.21847  4.87846  2.41957  3.72895  5.12339  5.22416  5.13830  5.05172  4.39705  3.69465  0.84343  6.06071  4.84132     66 v - - -
          2.68618  4.42225  2.77519  2.73123  3.46354  2.40513  3.72494  3.29354  2.67741  2.69355  4.24690  2.90347  2.73739  3.18146  2.89801  2.37887  2.77519  2.98518  4.58477  3.61503
          0.01718  4.46837  5.19071  0.61958  0.77255  0.48576  0.95510
     47   3.05627  5.18432  3.40771  2.84867  4.41024  3.75371  3.83442  3.86718  2.29772  2.86069  4.26398  3.30192  4.15064  1.12385  2.31709  3.07721  3.26370  3.57743  5.54213  4.26552     67 q - - -
          2.68618  4.42225  2.77519  2.73123  3.46354  2.40513  3.72494  3.29354  2.67741  2.69355  4.24690  2.90347  2.73739  3.18146  2.89801  2.37887  2.77519  2.98518  4.58477  3.61503
          0.01718  4.46837  5.19071  0.61958  0.77255  0.48576  0.95510
     48   3.19725  4.50631  5.01459  4.46665  3.62998  4.53457  4.98565  1.16161  4.34410  1.68421  3.47162  4.62227  4.82758  4.53904  4.47567  3.88374  2.63887  1.64260  5.46499  4.29571     68 i - - -
          2.68618  4.42225  2.77519  2.73123  3.46354  2.40513  3.72494  3.29354  2.67741  2.69355  4.24690  2.90347  2.73739  3.18146  2.89801  2.37887  2.77519  2.98518  4.58477  3.61503
          0.01718  4.46837  5.19071  0.61958  0.77255  0.48576  0.95510
     49   2.74171  5.17311  2.91881  2.24306  4.48812  3.48740  3.69653  3.95176  2.15608  3.46225  4.22722  2.02939  3.89767  2.67135  2.91354  1.99254  2.97413  3.54915  5.61880  3.60471     69 s - - -
          2.68618  4.42225  2.77519  2.73123  3.46354  2.40513  3.72494  3.29354  2.67741  2.69355  4.24690  2.90347  2.73739  3.18146  2.89801  2.37887  2.77519  2.98518  4.58477  3.61503
          0.01718  4.46837  5.19071  0.61958  0.77255  0.48576  0.95510
     50   2.85795  5.36688  2.48142  2.07165  4.68308  3.46860  2.72373  4.17236  2.59505  3.66207  4.43225  1.72469  3.94421  2.89814  3.11107  2.17726  3.10377  3.74629  5.80874  4.37679     70 n - - -
          2.68618  4.42225  2.77519  2.73123  3.46354  2.40513  3.72494  3.29354  2.67741  2.69355  4.24690  2.90347  2.73739  3.18146  2.89801  2.37887  2.77519  2.98518  4.58477  3.61503
          0.06036  4.46837  3.05528  0.61958  0.77255  0.48576  0.95510
     51   2.66883  4.43117  3.48313  2.91708  3.57431  3.63130  3.44861  2.49812  2.72736  2.37993  3.53207  2.98669  3.10315  2.86532  3.24649  2.56139  2.90048  2.36159  3.93496  3.19473     71 v - - -
          2.68618  4.42225  2.77519  2.73123  3.46354  2.40513  3.72494  3.29354  2.67741  2.69355  4.24690  2.90347  2.73739  3.18146  2.89801  2.37887  2.77519  2.98518  4.58477  3.61503
          0.01793  4.42594  5.14828  0.61958  0.77255  0.44628  1.02167
     52   2.60231  4.54379  3.67299  3.60275  4.93637  0.60791  4.78626  4.47962  3.87102  4.14928  4.96994  3.70672  4.06022  4.10326  4.13192  2.31529  3.14283  3.76827  6.23592  5.05330     72 G - - -
          2.68618  4.42225  2.77519  2.73123  3.46354  2.40513  3.72494  3.29354  2.67741  2.69355  4.24690  2.90347  2.73739  3.18146  2.89801  2.37887  2.77519  2.98518  4.58477  3.61503
          0.01718  4.46837  5.19071  0.61958  0.77255  0.48576  0.95510
     53   2.86175  4.26593  4.49949  3.91929  2.98136  4.04185  4.37966  1.70799  3.78449  1.98179  3.34151  2.92280  4.39053  3.98607  3.92569  3.34807  3.09741  1.49030  4.97329  3.77981     73 v - - -
          2.68618  4.42225  2.77519  2.73123  3.46354  2.40513  3.72494  3.29354  2.67741  2.69355  4.24690  2.90347  2.73739  3.18146  2.89801  2.37887  2.77519  2.98518  4.58477  3.61503
          0.01718  4.46837  5.19071  0.61958  0.77255  0.48576  0.95510
     54   3.53955  4.81152  5.36073  4.78640  3.31888  4.87070  5.20861  2.16066  4.65264  0.84688  2.35285  4.97308  5.02204  4.67016  4.69165  4.22983  3.75828  1.80136  5.41725  4.39122     74 l - - -
          2.68618  4.42225  2.77519  2.73123  3.46354  2.40513  3.72494  3.29354  2.67741  2.69355  4.24690  2.90347  2.73739  3.18146  2.89801  2.37887  2.77519  2.98518  4.58477  3.61503
          0.01718  4.46837  5.19071  0.61958  0.77255  0.48576  0.95510
     55   2.60001  4.73333  3.29946  2.73692  3.97698  3.58628  3.82114  3.33455  2.18727  3.00389  3.85889  3.20884  3.99033  3.01835  2.69914  2.82903  1.71707  2.38928  5.29790  4.01894     75 t - - -
          2.68618  4.42225  2.77519  2.73123  3.46354  2.40513  3.72494  3.29354  2.67741  2.69355  4.24690  2.90347  2.73739  3.18146  2.89801  2.37887  2.77519  2.98518  4.58477  3.61503
          0.01718  4.46837  5.19071  0.61958  0.77255  0.48576  0.95510
     56   3.48603  4.75931  5.25006  4.77097  2.81387  4.80967  5.13098  0.73445  4.64476  2.02701  3.41180  4.91154  5.06136  4.78069  4.74616  4.21638  3.73755  2.05601  5.39493  4.06753     76 i - - -
          2.68618  4.42225  2.77519  2.73123  3.46354  2.40513  3.72494  3.29354  2.67741  2.69355  4.24690  2.90347  2.73739  3.18146  2.89801  2.37887  2.77519  2.98518  4.58477  3.61503
          0.01718  4.46837  5.19071  0.61958  0.77255  0.48576  0.95510
     57   2.67081  4.72028  3.25662  2.81478  4.22294  3.43442  2.89773  3.67021  2.80804  3.30168  4.13531  3.24818  3.97431  3.17191  3.21243  1.70114  1.58454  3.30084  5.53144  4.22368     77 t - - -
          2.68618  4.42225  2.77519  2.73123  3.46354  2.40513  3.72494  3.29354  2.67741  2.69355  4.24690  2.90347  2.73739  3.18146  2.89801  2.37887  2.77519  2.98518  4.58477  3.61503
          0.01718  4.46837  5.19071  0.61958  0.77255  0.48576  0.95510
     58   3.56820  5.24356  4.35744  4.34660  5.40123  0.20865  5.38604  5.18815  4.60441  4.74569  5.75417  4.52488  4.64657  4.88237  4.73578  3.76262  4.09217  4.60112  6.29823  5.53657     78 G - - -
          2.68618  4.42225  2.77519  2.73123  3.46354  2.40513  3.72494  3.29354  2.67741  2.69355  4.24690  2.90347  2.73739  3.18146  2.89801  2.37887  2.77519  2.98518  4.58477  3.61503
          0.01718  4.46837  5.19071  0.61958  0.77255  0.48576  0.95510
     59   3.10546  5.56660  2.55077  0.89564  4.93185  2.74278  3.96624  4.41832  2.60489  3.91929  4.75055  2.99350  4.07940  3.12093  3.32372  3.02697  3.38262  4.00005  6.06315  4.62925     79 e - - -
          2.68618  4.42225  2.77519  2.73123  3.46354  2.40513  3.72494  3.29354  2.67741  2.69355  4.24690  2.90347  2.73739  3.18146  2.89801  2.37887  2.77519  2.98518  4.58477  3.61503
          0.01718  4.46837  5.19071  0.61958  0.77255  0.48576  0.95510
     60   2.85589  3.40957  3.38566  2.78869  4.31135  3.63390  3.81689  3.70370  2.38683  3.28462  4.12277  3.24423  4.04670  2.50653  1.30381  2.59990  3.09330  3.38179  5.48202  4.21669     80 r - - -
          2.68618  4.42225  2.77519  2.73123  3.46354  2.40513  3.72494  3.29354  2.67741  2.69355  4.24690  2.90347  2.73739  3.18146  2.89801  2.37887  2.77519  2.98518  4.58477  3.61503
          0.01718  4.46837  5.19071  0.61958  0.77255  0.48576  0.95510
     61   2.74694  5.01311  3.09745  2.53743  4.28709  3.54320  3.07151  3.71419  2.42737  2.72884  4.08096  3.05580  2.13556  2.39813  2.44170  2.62595  2.97333  3.36920  5.47920  4.14215     81 p - - -
          2.68618  4.42225  2.77519  2.73123  3.46354  2.40513  3.72494  3.29354  2.67741  2.69355  4.24690  2.90347  2.73739  3.18146  2.89801  2.37887  2.77519  2.98518  4.58477  3.61503
          0.01718  4.46837  5.19071  0.61958  0.77255  0.48576  0.95510
     62   2.36960  4.30063  4.77628  4.18696  2.62244  4.16111  4.51298  1.92852  4.02335  1.69716  2.98599  4.27069  4.48814  4.17191  4.09259  3.48008  3.17593  1.53684  5.00206  3.83990     82 v - - -
          2.68618  4.42225  2.77519  2.73123  3.46354  2.40513  3.72494  3.29354  2.67741  2.69355  4.24690  2.90347  2.73739  3.18146  2.89801  2.37887  2.77519  2.98518  4.58477  3.61503
          0.01718  4.46837  5.19071  0.61958  0.77255  0.48576  0.95510
     63   2.63654  5.57184  1.37046  1.77483  4.88442  3.46216  3.87942  4.39268  2.78343  3.87106  4.66349  2.36857  4.00704  3.01540  3.34082  2.91619  2.91164  3.95223  6.01825  4.54430     83 d - - -
          2.68612  4.42232  2.77514  2.73098  3.46361  2.40520  3.72502  3.29361  2.67732  2.69348  4.24697  2.90354  2.73747  3.18154  2.89808  2.37884  2.77516  2.98526  4.58484  3.61510
          0.22047  1.64877  5.19071  0.55003  0.86022  0.48576  0.95510
     64   2.39276  5.17548  2.58594  2.07546  4.50357  2.44882  3.66681  3.97892  2.41307  3.47347  3.63219  2.56252  3.86831  2.51040  2.73587  2.67013  2.93430  3.55723  5.61790  4.21510     87 e - - -
          2.68618  4.42225  2.77519  2.73123  3.46354  2.40513  3.72494  3.29354  2.67741  2.69355  4.24690  2.90347  2.73739  3.18146  2.89801  2.37887  2.77519  2.98518  4.58477  3.61503
          0.01718  4.46837  5.19071  0.61958  0.77255  0.48576  0.95510
     65   2.73935  5.07026  2.64396  2.49039  4.52250  2.99199  3.81122  3.98400  2.61973  3.52315  4.30236  2.05443  3.92358  2.94134  3.10989  1.92691  2.10703  3.56455  5.70175  4.31855     88 s - - -
          2.68618  4.42225  2.77519  2.73123  3.46354  2.40513  3.72494  3.29354  2.67741  2.69355  4.24690  2.90347  2.73739  3.18146  2.89801  2.37887  2.77519  2.98518  4.58477  3.61503
          0.01718  4.46837  5.19071  0.61958  0.77255  0.48576  0.95510
     66   2.84856  5.09486  3.23658  2.63786  4.40908  3.62197  3.73629  3.81404  1.62314  2.64843  4.16563  3.13431  3.55755  2.86758  1.95415  2.85670  2.53761  3.47184  5.52353  4.22335     89 k - - -
          2.68618  4.42225  2.77519  2.73123  3.46354  2.40513  3.72494  3.29354  2.67741  2.69355  4.24690  2.90347  2.73739  3.18146  2.89801  2.37887  2.77519  2.98518  4.58477  3.61503
          0.01718  4.46837  5.19071  0.61958  0.77255  0.48576  0.95510
     67   2.71175  4.54178  3.44036  2.86665  3.70119  3.63965  3.86019  2.90000  2.53966  2.55850  3.63978  3.30729  3.60702  3.12713  2.52220  2.74889  2.71995  2.82990  2.06919  3.84860     90 w - - -
          2.68618  4.42225  2.77519  2.73123  3.46354  2.40513  3.72494  3.29354  2.67741  2.69355  4.24690  2.90347  2.73739  3.18146  2.89801  2.37887  2.77519  2.98518  4.58477  3.61503
          0.01718  4.46837  5.19071  0.61958  0.77255  0.48576  0.95510
     68   2.68371  4.01043  3.42397  2.86092  3.68708  3.61523  3.87340  2.68431  2.43836  2.74818  3.17846  3.30233  4.00731  3.14504  3.20796  1.82130  2.29142  2.79984  5.09828  3.84404     91 s - - -
          2.68618  4.42225  2.77519  2.73123  3.46354  2.40513  3.72494  3.29354  2.67741  2.69355  4.24690  2.90347  2.73739  3.18146  2.89801  2.37887  2.77519  2.98518  4.58477  3.61503
          0.01718  4.46837  5.19071  0.61958  0.77255  0.48576  0.95510
     69   3.41650  5.50611  3.90442  3.13332  4.98584  3.99570  3.05636  4.33038  1.82008  3.71359  4.59064  3.49937  4.33130  2.96145  0.84826  3.39667  3.54592  4.01810  5.69466  4.56239     92 r - - -
          2.68618  4.42225  2.77519  2.73123  3.46354  2.40513  3.72494  3.29354  2.67741  2.69355  4.24690  2.90347  2.73739  3.18146  2.89801  2.37887  2.77519  2.98518  4.58477  3.61503
          0.01718  4.46837  5.19071  0.61958  0.77255  0.48576  0.95510
     70   4.12930  5.36183  5.07553  4.93418  0.38579  4.60173  4.29450  3.62916  4.83998  2.87236  4.28523  4.75323  5.07062  4.84950  4.81016  4.34138  4.44247  3.65761  4.42987  2.74860     93 F - - -
          2.68618  4.42225  2.77519  2.73123  3.46354  2.40513  3.72494  3.29354  2.67741  2.69355  4.24690  2.90347  2.73739  3.18146  2.89801  2.37887  2.77519  2.98518  4.58477  3.61503
          0.01718  4.46837  5.19071  0.61958  0.77255  0.48576  0.95510
     71   2.74683  4.98881  3.12845  2.55501  4.25183  3.55306  2.94596  3.67590  2.15650  3.04127  3.28085  2.79235  3.93811  2.85725  1.83375  2.76483  2.97140  3.33911  5.45402  3.38859     94 r - - -
          2.68618  4.42225  2.77519  2.73123  3.46354  2.40513  3.72494  3.29354  2.67741  2.69355  4.24690  2.90347  2.73739  3.18146  2.89801  2.37887  2.77519  2.98518  4.58477  3.61503
          0.01718  4.46837  5.19071  0.61958  0.77255  0.48576  0.95510
     72   3.47204  5.54686  3.96269  3.18796  5.10985  4.01806  3.86131  4.41340  0.75364  3.77628  4.66271  3.54185  4.36296  2.99016  1.80714  3.44977  3.60131  4.09733  5.74384  4.64213     95 k - - -
          2.68618  4.42225  2.77519  2.73123  3.46354  2.40513  3.72494  3.29354  2.67741  2.69355  4.24690  2.90347  2.73739  3.18146  2.89801  2.37887  2.77519  2.98518  4.58477  3.61503
          0.01718  4.46837  5.19071  0.61958  0.77255  0.48576  0.95510
     73   3.13480  5.73663  2.18511  0.93562  5.02871  3.47443  3.95550  4.55232  2.90336  4.02173  4.84475  2.92541  4.06450  2.41963  3.46807  3.02239  3.40858  4.11129  6.16473  4.66711     96 e - - -
          2.68618  4.42225  2.77519  2.73123  3.46354  2.40513  3.72494  3.29354  2.67741  2.69355  4.24690  2.90347  2.73739  3.18146  2.89801  2.37887  2.77519  2.98518  4.58477  3.61503
          0.01718  4.46837  5.19071  0.61958  0.77255  0.48576  0.95510
     74   2.70433  4.36525  4.63842  4.08400  2.66463  4.15780  4.57466  1.09034  3.95348  2.29365  3.41178  4.23679  4.52091  4.15977  4.09806  3.48820  2.67857  2.06127  5.14849  3.95038     97 i - - -
          2.68618  4.42225  2.77519  2.73123  3.46354  2.40513  3.72494  3.29354  2.67741  2.69355  4.24690  2.90347  2.73739  3.18146  2.89801  2.37887  2.77519  2.98518  4.58477  3.61503
          0.01718  4.46837  5.19071  0.61958  0.77255  0.48576  0.95510
     75   2.97115  5.33336  3.21739  2.24659  4.73602  3.66640  3.74134  4.14980  1.24144  3.59732  4.39235  3.14561  3.21930  2.85423  2.11213  2.93814  3.17365  3.76211  5.67812  4.38449     98 k - - -
          2.68618  4.42225  2.77519  2.73123  3.46354  2.40513  3.72494  3.29354  2.67741  2.69355  4.24690  2.90347  2.73739  3.18146  2.89801  2.37887  2.77519  2.98518  4.58477  3.61503
          0.01718  4.46837  5.19071  0.61958  0.77255  0.48576  0.95510
     76   3.43455  4.66893  5.40031  4.88145  3.69599  4.91748  5.44423  1.39108  4.78067  1.46069  3.46643  5.04290  5.12680  4.93254  4.88830  4.30862  3.67935  1.16999  5.74745  4.61224     99 v - - -
          2.68618  4.42225  2.77519  2.73123  3.46354  2.40513  3.72494  3.29354  2.67741  2.69355  4.24690  2.90347  2.73739  3.18146  2.89801  2.37887  2.77519  2.98518  4.58477  3.61503
          0.01718  4.46837  5.19071  0.61958  0.77255  0.48576  0.95510
     77   2.21196  4.84033  3.14579  2.67100  4.30654  3.45887  3.86932  3.72823  2.65314  3.32739  4.14112  3.14869  1.69111  2.77753  2.86995  2.22022  2.98699  3.35667  5.55454  4.23665    100 p - - -
          2.68619  4.42226  2.77505  2.73124  3.46355  2.40514  3.72495  3.29355  2.67742  2.69356  4.24690  2.90347  2.73740  3.18147  2.89801  2.37888  2.77520  2.98519  4.58478  3.61504
          0.05721  2.99494  5.19071  0.42876  1.05360  0.48576  0.95510
     78   2.96661  5.21207  3.31201  2.74150  4.65468  3.66861  3.79072  4.05097  1.10332  3.54131  4.35700  3.21274  4.07641  2.91771  2.38257  2.35085  2.92764  3.68198  5.64991  4.38223    102 k - - -
          2.68618  4.42225  2.77519  2.73123  3.46354  2.40513  3.72494  3.29354  2.67741  2.69355  4.24690  2.90347  2.73739  3.18146  2.89801  2.37887  2.77519  2.98518  4.58477  3.61503
          0.01718  4.46837  5.19071  0.61958  0.77255  0.48576  0.95510
     79   2.77767  5.26703  2.11219  2.09114  4.58430  3.10593  2.90923  4.06801  2.50354  3.56153  4.32043  2.12088  3.90566  2.83305  3.00774  2.73377  3.01602  3.64547  5.70719  3.07172    103 e - - -
          2.68618  4.42225  2.77519  2.73123  3.46354  2.40513  3.72494  3.29354  2.67741  2.69355  4.24690  2.90347  2.73739  3.18146  2.89801  2.37887  2.77519  2.98518  4.58477  3.61503
          0.01718  4.46837  5.19071  0.61958  0.77255  0.48576  0.95510
     80   2.62734  1.33066  3.92170  3.40340  3.74966  3.52402  4.20419  3.01586  2.72840  2.81324  3.72075  3.63554  4.07689  3.58492  3.50537  2.68020  2.73814  2.45608  5.20728  4.00217    104 c - - -
          2.68620  4.42227  2.77521  2.73125  3.46356  2.40514  3.72496  3.29356  2.67742  2.69357  4.24691  2.90348  2.73741  3.18148  2.89802  2.37888  2.77521  2.98520  4.58479  3.61434
          0.09994  2.41311  5.19071  0.32677  1.27743  0.48576  0.95510
     81   2.77090  5.20887  2.40996  2.41406  3.62064  3.48327  3.72115  3.98898  1.78296  3.50069  4.27034  1.89152  3.91192  2.83804  2.97159  2.73868  3.00757  3.58521  5.65243  4.25091    106 k - - -
          2.68618  4.42225  2.77519  2.73123  3.46354  2.40513  3.72494  3.29354  2.67741  2.69355  4.24690  2.90347  2.73739  3.18146  2.89801  2.37887  2.77519  2.98518  4.58477  3.61503
          0.01718  4.46837  5.19071  0.61958  0.77255  0.48576  0.95510
     82   2.69373  5.09252  2.74925  2.30413  4.39441  3.48129  3.67553  3.85035  2.34535  3.37885  3.18610  2.55542  3.08242  2.78866  2.62008  2.67831  2.08595  3.45992  5.55177  4.16928    107 t - - -
          2.68618  4.42225  2.77519  2.73123  3.46354  2.40513  3.72494  3.29354  2.67741  2.69355  4.24690  2.90347  2.73739  3.18146  2.89801  2.37887  2.77519  2.98518  4.58477  3.61503
          0.01718  4.46837  5.19071  0.61958  0.77255  0.48576  0.95510
     83   3.04701  5.54906  1.70719  2.37530  4.94620  3.44892  3.96458  4.46828  2.92173  3.96155  4.77572  1.39487  4.04190  3.11702  3.49013  2.13727  3.34046  4.01523  6.11199  4.63161    108 n - - -
          2.68618  4.42225  2.77519  2.73123  3.46354  2.40513  3.72494  3.29354  2.67741  2.69355  4.24690  2.90347  2.73739  3.18146  2.89801  2.37887  2.77519  2.98518  4.58477  3.61503
          0.01718  4.46837  5.19071  0.61958  0.77255  0.48576  0.95510
     84   2.09041  5.11072  2.80411  1.35515  4.61681  2.50135  3.89239  4.07681  2.73776  3.62437  4.41791  3.03575  3.96474  3.03543  3.23078  2.54479  3.10005  3.64832  5.80729  4.41979    109 e - - -
          2.68618  4.42225  2.77519  2.73123  3.46354  2.40513  3.72494  3.29354  2.67741  2.69355  4.24690  2.90347  2.73739  3.18146  2.89801  2.37887  2.77519  2.98518  4.58477  3.61503
          0.01718  4.46837  5.19071  0.61958  0.77255  0.48576  0.95510
     85   3.43981  4.67571  5.39887  4.93688  3.91902  4.94483  5.65818  0.77281  4.84640  2.34494  3.67692  5.10667  5.20786  5.09562  5.01238  4.37677  3.70778  1.37163  6.01289  4.80685    110 i - - -
          2.68618  4.42225  2.77519  2.73123  3.46354  2.40513  3.72494  3.29354  2.67741  2.69355  4.24690  2.90347  2.73739  3.18146  2.89801  2.37887  2.77519  2.98518  4.58477  3.61503
          0.01718  4.46837  5.19071  0.61958  0.77255  0.48576  0.95510
     86   3.08153  5.35913  3.36648  2.77196  4.75208  3.75175  2.89515  4.16073  2.17607  3.60523  4.42665  2.74932  4.12773  2.41098  1.19123  3.05606  3.26930  3.80068  5.66442  4.41099    111 r - - -
          2.68618  4.42225  2.77519  2.73123  3.46354  2.40513  3.72494  3.29354  2.67741  2.69355  4.24690  2.90347  2.73739  3.18146  2.89801  2.37887  2.77519  2.98518  4.58477  3.61503
          0.01718  4.46837  5.19071  0.61958  0.77255  0.48576  0.95510
     87   0.61730  4.43619  3.97990  3.80147  4.81239  2.24937  4.80770  4.20466  3.89938  3.94248  4.77180  3.77828  4.02431  4.13613  4.13249  2.71664  3.05436  3.57256  6.14764  5.00675    112 A - - -
          2.68618  4.42225  2.77519  2.73123  3.46354  2.40513  3.72494  3.29354  2.67741  2.69355  4.24690  2.90347  2.73739  3.18146  2.89801  2.37887  2.77519  2.98518  4.58477  3.61503
          0.01718  4.46837  5.19071  0.61958  0.77255  0.48576  0.95510
     88   3.11365  5.40232  3.26065  2.75664  4.83904  3.73314  3.80589  4.23910  1.12417  3.67609  4.50174  1.98963  4.14115  2.93031  2.34864  3.08141  3.31219  3.86839  5.73167  4.47713    113 k - - -
          2.68618  4.42225  2.77519  2.73123  3.46354  2.40513  3.72494  3.29354  2.67741  2.69355  4.24690  2.90347  2.73739  3.18146  2.89801  2.37887  2.77519  2.98518  4.58477  3.61503
          0.01718  4.46837  5.19071  0.61958  0.77255  0.48576  0.95510
     89   3.65032  4.92442  5.35822  4.80236  1.29170  4.88638  4.92932  2.52717  4.64962  1.08021  2.61551  4.93343  5.02398  4.61506  4.65898  4.24340  3.85904  2.73524  5.07805  3.79749    114 l - - -
          2.68618  4.42225  2.77519  2.73123  3.46354  2.40513  3.72494  3.29354  2.67741  2.69355  4.24690  2.90347  2.73739  3.18146  2.89801  2.37887  2.77519  2.98518  4.58477  3.61503
          0.01718  4.46837  5.19071  0.61958  0.77255  0.48576  0.95510
     90   2.46965  4.44922  3.53998  2.98958  3.67970  3.10952  3.95621  3.03031  2.94531  2.28434  2.85592  3.38678  4.02258  3.25853  3.30994  1.62741  2.76101  2.78281  5.10856  3.86828    115 s - - -
          2.68618  4.42225  2.77519  2.73123  3.46354  2.40513  3.72494  3.29354  2.67741  2.69355  4.24690  2.90347  2.73739  3.18146  2.89801  2.37887  2.77519  2.98518  4.58477  3.61503
          0.01718  4.46837  5.19071  0.61958  0.77255  0.48576  0.95510
     91   2.71184  5.15380  2.96692  2.42148  4.47827  2.31043  3.29032  3.94351  2.21142  3.44698  4.20382  2.57198  3.88023  2.43594  2.64640  2.51234  2.52901  3.53417  5.59691  4.20782    116 k - - -
          2.68619  4.42226  2.77520  2.73124  3.46355  2.40514  3.72495  3.29355  2.67742  2.69356  4.24691  2.90348  2.73740  3.18147  2.89783  2.37888  2.77520  2.98519  4.58478  3.61504
          0.06036  2.93732  5.19071  0.41890  1.07227  0.48576  0.95510
     92   2.94481  5.26967  2.28707  2.48594  4.86844  1.17356  4.03820  4.36472  3.00529  3.90067  4.71985  2.34251  4.03514  3.20479  3.54638  2.54436  3.28241  3.89543  6.07619  4.64521    118 g - - -
          2.68618  4.42225  2.77519  2.73123  3.46354  2.40513  3.72494  3.29354  2.67741  2.69355  4.24690  2.90347  2.73739  3.18146  2.89801  2.37887  2.77519  2.98518  4.58477  3.61503
          0.01718  4.46837  5.19071  0.61958  0.77255  0.48576  0.95510
     93   2.91678  3.28214  4.63791  4.07575  3.52323  4.11928  4.55191  1.24430  3.93716  2.43083  3.46823  3.32445  4.49059  4.15272  4.07652  3.44825  3.16902  1.51524  5.14559  3.94878    119 i - - -
          2.68618  4.42225  2.77519  2.73123  3.46354  2.40513  3.72494  3.29354  2.67741  2.69355  4.24690  2.90347  2.73739  3.18146  2.89801  2.37887  2.77519  2.98518  4.58477  3.61503
          0.01718  4.46837  5.19071  0.61958  0.77255  0.48576  0.95510
     94   3.90464  5.21151  5.14965  4.82937  3.48524  4.73735  5.30943  2.75083  4.59946  0.38293  3.38532  5.05450  5.09392  4.81395  4.66231  4.44348  4.18318  2.93516  5.53631  4.38579    120 L - - -
          2.68618  4.42225  2.77519  2.73123  3.46354  2.40513  3.72494  3.29354  2.67741  2.69355  4.24690  2.90347  2.73739  3.18146  2.89801  2.37887  2.77519  2.98518  4.58477  3.61503
          0.01718  4.46837  5.19071  0.61958  0.77255  0.48576  0.95510
     95   2.68844  3.93119  3.44007  2.87662  3.23502  3.63160  3.09536  3.01788  2.84002  2.71468  3.59601  3.31472  4.01450  2.81189  3.22412  2.22590  2.51773  2.77974  5.04870  2.29699    121 s - - -
          2.68618  4.42225  2.77519  2.73123  3.46354  2.40513  3.72494  3.29354  2.67741  2.69355  4.24690  2.90347  2.73739  3.18146  2.89801  2.37887  2.77519  2.98518  4.58477  3.61503
          0.01718  4.46837  5.19071  0.61958  0.77255  0.48576  0.95510
     96   3.41394  4.64430  5.38739  4.88672  3.84275  4.93107  5.53285  0.93874  4.79753  2.28864  3.18679  5.05574  5.16170  5.00779  4.94262  4.33303  3.66703  1.22320  5.88712  4.71066    122 i - - -
          2.68618  4.42225  2.77519  2.73123  3.46354  2.40513  3.72494  3.29354  2.67741  2.69355  4.24690  2.90347  2.73739  3.18146  2.89801  2.37887  2.77519  2.98518  4.58477  3.61503
          0.01718  4.46837  5.19071  0.61958  0.77255  0.48576  0.95510
     97   2.52291  4.27979  4.13859  3.58088  3.49005  3.80865  4.24699  1.97599  3.48587  2.50227  3.46234  3.81889  4.23206  3.73688  3.71758  2.61668  2.02333  1.63823  5.02341  3.82218    123 v - - -
          2.68618  4.42225  2.77519  2.73123  3.46354  2.40513  3.72494  3.29354  2.67741  2.69355  4.24690  2.90347  2.73739  3.18146  2.89801  2.37887  2.77519  2.98518  4.58477  3.61503
          0.01718  4.46837  5.19071  0.61958  0.77255  0.48576  0.95510
     98   3.56949  4.84962  5.33529  4.75829  3.29079  4.88079  5.19799  2.06930  4.62061  1.24125  1.24696  4.96561  5.02324  4.64012  4.66815  4.23738  3.78535  2.29235  5.40378  4.38535    124 l - - -
          2.68618  4.42225  2.77519  2.73123  3.46354  2.40513  3.72494  3.29354  2.67741  2.69355  4.24690  2.90347  2.73739  3.18146  2.89801  2.37887  2.77519  2.98518  4.58477  3.61503
          0.01718  4.46837  5.19071  0.61958  0.77255  0.48576  0.95510
     99   3.73285  5.34535  4.40541  4.35330  5.23728  4.00173  5.34128  4.98963  4.47201  4.52443  5.62369  4.58505  0.21615  4.83737  4.61232  3.92677  4.22400  4.55574  6.21173  5.37718    125 P - - -
          2.68618  4.42225  2.77519  2.73123  3.46354  2.40513  3.72494  3.29354  2.67741  2.69355  4.24690  2.90347  2.73739  3.18146  2.89801  2.37887  2.77519  2.98518  4.58477  3.61503
          0.01718  4.46837  5.19071  0.61958  0.77255  0.48576  0.95510
    100   3.38385  5.52460  3.73991  3.05864  5.04633  3.95033  3.83225  4.36562  0.77121  3.74203  4.61257  3.44955  4.30543  2.60770  2.11206  3.35418  3.52556  4.03887  5.73504  4.59653    126 k - - -
          2.68618  4.42225  2.77519  2.73123  3.46354  2.40513  3.72494  3.29354  2.67741  2.69355  4.24690  2.90347  2.73739  3.18146  2.89801  2.37887  2.77519  2.98518  4.58477  3.61503
          0.13915  4.46837  2.13338  0.61958  0.77255  0.48576  0.95510
    101   2.70261  5.06933  2.98879  2.30088  4.37560  3.47946  3.65660  3.81935  1.70227  3.34827  3.37962  2.70249  3.87285  2.52204  2.80463  2.69042  2.46227  3.43995  5.51745  4.15512    127 k - - -
          2.68618  4.42225  2.77519  2.73123  3.46354  2.40513  3.72494  3.29354  2.67741  2.69355  4.24690  2.90347  2.73739  3.18146  2.89801  2.37887  2.77519  2.98518  4.58477  3.61503
          0.05789  4.34861  3.13912  0.61958  0.77255  0.65721  0.73042
    102   2.45611  4.32348  3.61115  3.04829  3.48589  3.63094  3.93022  2.04884  2.64932  2.54619  3.45346  3.42569  4.02577  3.28738  3.31532  2.51926  2.34451  2.22177  4.94834  3.72198    128 i - - -
          2.68618  4.42225  2.77519  2.73123  3.46354  2.40513  3.72494  3.29354  2.67741  2.69355  4.24690  2.90347  2.73739  3.18146  2.89801  2.37887  2.77519  2.98518  4.58477  3.61503
          0.02014  4.31086  5.03320  0.61958  0.77255  0.51284  0.91328
    103   2.68181  5.03945  2.73438  2.42749  4.34461  3.46003  3.67986  3.79306  2.29283  3.33784  4.11543  2.47750  2.49357  2.80100  2.92890  2.50717  2.30713  3.09323  5.52504  4.15025    129 k - - -
          2.68555  4.42275  2.77552  2.73157  3.46404  2.40530  3.72468  3.29310  2.67756  2.69370  4.24740  2.90346  2.73666  3.18107  2.89851  2.37863  2.77511  2.98521  4.58527  3.61553
          0.47502  1.37955  2.06801  2.03926  0.13941  0.48705  0.95305
    104   2.15941  4.41870  3.42176  2.85645  3.06574  3.59023  3.83492  2.69171  2.81846  2.46311  3.14922  3.28717  3.49727  2.63146  3.01942  2.59498  2.65560  2.69773  4.99239  3.74637    146 a - - -
          2.68618  4.42225  2.77519  2.73123  3.46354  2.40513  3.72494  3.29354  2.67741  2.69355  4.24690  2.90347  2.73739  3.18146  2.89801  2.37887  2.77519  2.98518  4.58477  3.61503
          0.10776  4.31863  2.42088  0.61958  0.77255  0.42904  1.05307
    105   2.24595  4.29803  3.38981  3.09495  2.96839  3.66677  3.93478  2.37892  2.74855  2.02510  3.40437  3.46161  4.04399  3.32115  3.35197  2.92289  2.32155  2.54599  4.89406  3.67328    147 l - - -
          2.68618  4.42225  2.77519  2.73123  3.46354  2.40513  3.72494  3.29354  2.67741  2.69355  4.24690  2.90347  2.73739  3.18146  2.89801  2.37887  2.77519  2.98518  4.58477  3.61503
          0.01906  4.36549  5.08783  0.61958  0.77255  0.55109  0.85877
    106   2.67260  4.70212  3.10213  2.94590  4.62604  3.29143  4.26473  4.13619  3.17541  3.76385  4.60267  2.71177  0.95844  3.49407  3.54635  2.53433  3.11467  3.61686  5.92071  4.61145    148 p - - -
          2.68618  4.42225  2.77519  2.73123  3.46354  2.40513  3.72494  3.29354  2.67741  2.69355  4.24690  2.90347  2.73739  3.18146  2.89801  2.37887  2.77519  2.98518  4.58477  3.61503
          0.01838  4.40126  5.12361  0.61958  0.77255  0.58791  0.81078
    107   2.57082  5.15234  2.91578  2.21721  4.48053  3.18080  3.65001  3.95295  2.20008  3.44950  4.20071  2.69519  3.07484  2.41397  2.76279  2.03364  2.91956  3.53456  5.59494  4.19622    149 s - - -
          2.68618  4.42225  2.77519  2.73123  3.46354  2.40513  3.72494  3.29354  2.67741  2.69355  4.24690  2.90347  2.73739  3.18146  2.89801  2.37887  2.77519  2.98518  4.58477  3.61503
          0.01838  4.40126  5.12361  0.61958  0.77255  0.49033  0.94785
    108   2.69426  5.07523  2.97591  2.07649  4.38361  3.47694  3.67945  3.83526  1.94675  3.36886  4.14033  2.97182  3.35982  2.79550  2.90542  2.17048  2.46710  3.07081  5.54512  4.16786    150 k - - -
          2.68641  4.42277  2.77496  2.73008  3.46406  2.40565  3.72503  3.29346  2.67674  2.69370  4.24742  2.90399  2.73714  3.18000  2.89834  2.37904  2.77552  2.98533  4.58529  3.61555
          0.64245  1.06699  2.04055  1.76518  0.18772  0.52929  0.88922
    109   2.80179  5.31383  1.65392  2.30509  4.63042  2.92597  3.19381  4.12015  2.54076  3.60915  4.38012  2.57977  3.45004  2.33639  3.05868  2.74297  3.04836  3.69328  5.75600  4.32222    165 d - - -
          2.68618  4.42225  2.77519  2.73123  3.46354  2.40513  3.72494  3.29354  2.67741  2.69355  4.24690  2.90347  2.73739  3.18146  2.89801  2.37887  2.77519  2.98518  4.58477  3.61503
          0.06682  4.30850  2.97226  0.61958  0.77255  0.70475  0.68167
    110   2.68005  5.08862  2.91158  2.04298  4.40379  3.44052  3.21683  3.85893  2.01449  3.37290  4.14206  2.66800  3.84088  2.35934  2.80008  2.65793  2.90908  2.78419  5.53025  4.15373    166 k - - -
          2.68618  4.42225  2.77519  2.73123  3.46354  2.40513  3.72494  3.29354  2.67741  2.69355  4.24690  2.90347  2.73739  3.18146  2.89801  2.37887  2.77519  2.98518  4.58477  3.61503
          0.02114  4.26282  4.98516  0.61958  0.77255  0.68436  0.70201
    111   2.46198  5.01641  2.80807  2.28094  4.30826  3.11466  3.63293  3.75828  2.17494  3.01106  4.07258  2.41502  3.83023  2.75062  2.87579  2.44725  2.61463  3.37833  5.48267  3.54817    167 k - - -
          2.68618  4.42225  2.77519  2.73123  3.46354  2.40513  3.72494  3.29354  2.67741  2.69355  4.24690  2.90347  2.73739  3.18146  2.89801  2.37887  2.77519  2.98518  4.58477  3.61503
          0.02046  4.29526  5.01760  0.61958  0.77255  0.71957  0.66741
    112   2.64880  4.66946  3.17088  2.42944  3.86357  3.51893  3.73453  3.24265  2.57539  2.61309  3.11525  3.10507  3.90712  2.00737  3.00109  2.52684  2.88006  2.63208  5.20448  3.91160    168 q - - -
          2.68618  4.42225  2.77519  2.73123  3.46354  2.40513  3.72494  3.29354  2.67741  2.69355  4.24690  2.90347  2.73739  3.18146  2.89801  2.37887  2.77519  2.98518  4.58477  3.61503
          0.02046  4.29526  5.01760  0.61958  0.77255  0.71957  0.66741
    113   2.79835  5.20996  2.96296  1.59425  4.56629  3.50701  3.66152  4.00979  1.97941  3.48694  4.26555  2.98315  3.91199  2.54704  2.35291  2.76445  2.81410  3.61046  5.60463  4.25658    169 e - - -
          2.68618  4.42225  2.77519  2.73123  3.46354  2.40513  3.72494  3.29354  2.67741  2.69355  4.24690  2.90347  2.73739  3.18146  2.89801  2.37887  2.77519  2.98518  4.58477  3.61503
          0.02046  4.29526  5.01760  0.61958  0.77255  0.61351  0.77968
    114   2.52411  5.26362  2.06701  2.33280  4.58750  3.42330  3.69989  4.07121  2.32187  3.56162  4.32455  1.97923  3.17669  2.54616  2.99841  2.71689  3.00790  3.64577  5.70706  4.28523    170 n - - -
          2.68618  4.42225  2.77519  2.73123  3.46354  2.40513  3.72494  3.29354  2.67741  2.69355  4.24690  2.90347  2.73739  3.18146  2.89801  2.37887  2.77519  2.98518  4.58477  3.61503
          0.06508  4.34347  2.99545  0.61958  0.77255  0.66354  0.72366
    115   2.66170  4.96486  2.95913  2.04884  4.23681  2.57324  3.65722  3.67095  2.26793  2.77710  4.02933  2.73650  3.85210  2.62316  2.88958  2.66657  2.89330  2.87026  5.44330  4.08543    171 e - - -
          2.68618  4.42225  2.77519  2.73123  3.46354  2.40513  3.72494  3.29354  2.67741  2.69355  4.24690  2.90347  2.73739  3.18146  2.89801  2.37887  2.77519  2.98518  4.58477  3.61503
          0.02039  4.29878  5.02112  0.61958  0.77255  0.43983  1.03324
    116   2.32694  5.02608  2.99852  2.44571  4.31947  3.12860  3.67801  3.76391  2.04100  2.99140  4.09223  2.97939  3.29327  2.43249  2.91243  2.37072  2.52988  3.39099  5.50387  4.13508    172 k - - -
          2.68618  4.42225  2.77519  2.73123  3.46354  2.40513  3.72494  3.29354  2.67741  2.69355  4.24690  2.90347  2.73739  3.18146  2.89801  2.37887  2.77519  2.98518  4.58477  3.61503
          0.08437  4.42957  2.67387  0.61958  0.77255  0.54692  0.86449
    117   2.22049  4.69786  3.17837  2.63591  4.00093  2.98468  3.78219  3.40233  2.62022  3.04070  3.87500  3.11759  3.90373  2.96558  2.82778  1.90415  2.34304  3.09086  5.31677  3.43276    173 s - - -
          2.68618  4.42225  2.77519  2.73123  3.46354  2.40513  3.72494  3.29354  2.67741  2.69355  4.24690  2.90347  2.73739  3.18146  2.89801  2.37887  2.77519  2.98518  4.58477  3.61503
          0.01908  4.36429  5.08663  0.61958  0.77255  0.63745  0.75213
    118   2.71079  5.05657  2.95503  2.44857  4.38235  3.46828  3.68883  3.82664  2.12518  3.36444  4.14736  2.72120  3.88314  2.45651  2.86977  1.99617  2.18381  3.44635  5.54181  4.17805    174 s - - -
          2.68608  4.42277  2.77474  2.73126  3.46365  2.40565  3.72546  3.29299  2.67693  2.69390  4.24742  2.90242  2.73759  3.18094  2.89853  2.37929  2.77470  2.98529  4.58529  3.61520
          0.56260  1.23811  1.96369  1.97733  0.14901  0.63745  0.75213
    119   2.67109  5.04589  2.67537  2.03086  4.33514  3.41131  3.64282  3.78569  2.25352  2.55158  4.10838  2.50836  3.83121  2.76659  2.90049  2.29246  2.90630  3.40731  5.51161  4.13078    191 e - - -
          2.68618  4.42225  2.77519  2.73123  3.46354  2.40513  3.72494  3.29354  2.67741  2.69355  4.24690  2.90347  2.73739  3.18146  2.89801  2.37887  2.77519  2.98518  4.58477  3.61503
          0.12998  4.22023  2.23311  0.61958  0.77255  0.79628  0.59966
    120   2.67244  5.11582  2.27090  2.12602  4.42266  3.36311  3.62059  3.89063  2.21416  3.01521  4.17653  2.37998  3.80302  2.73925  2.90014  2.34251  2.91108  3.48760  5.56788  4.16453    192 e - - -
          2.68618  4.42225  2.77519  2.73123  3.46354  2.40513  3.72494  3.29354  2.67741  2.69355  4.24690  2.90347  2.73739  3.18146  2.89801  2.37887  2.77519  2.98518  4.58477  3.61503
          0.02456  4.11480  4.83715  0.61958  0.77255  0.88688  0.53092
    121   1.97218  4.29425  3.40899  3.25867  4.51482  0.98086  4.40848  3.90273  3.43123  3.63759  4.49836  3.41428  3.80323  3.70516  3.71701  2.53988  2.87281  3.33638  5.83240  4.64748    193 g - - -
          2.68618  4.42225  2.77519  2.73123  3.46354  2.40513  3.72494  3.29354  2.67741  2.69355  4.24690  2.90347  2.73739  3.18146  2.89801  2.37887  2.77519  2.98518  4.58477  3.61503
          0.02456  4.11480  4.83715  0.61958  0.77255  0.88688  0.53092
    122   2.57738  3.58890  3.40377  2.57881  3.09650  3.53901  3.79707  2.59313  2.79875  2.55451  3.44322  2.89714  3.92432  3.10817  3.16590  2.25651  2.81196  2.45281  4.91940  3.67759    194 s - - -
          2.68601  4.42255  2.77521  2.73104  3.46384  2.40483  3.72525  3.29384  2.67685  2.69385  4.24573  2.90300  2.73758  3.18177  2.89814  2.37917  2.77503  2.98549  4.58507  3.61533
          0.63889  0.91418  2.64118  1.41635  0.27786  0.45777  1.00156
    123   2.45895  4.79551  2.82587  2.51711  4.03185  2.89176  3.69679  3.19538  2.50947  3.05845  3.88053  3.02930  3.87367  2.65701  2.81470  2.69028  2.04953  2.82771  5.31690  3.99273    202 t - - -
          2.68618  4.42225  2.77519  2.73123  3.46354  2.40513  3.72494  3.29354  2.67741  2.69355  4.24690  2.90347  2.73739  3.18146  2.89801  2.37887  2.77519  2.98518  4.58477  3.61503
          0.07294  4.31367  2.86545  0.61958  0.77255  0.69886  0.68747
    124   2.73579  5.22529  2.33276  1.82396  4.56466  3.42415  3.64969  4.04056  2.16963  3.51743  4.27707  2.89074  3.85419  2.57233  2.20842  2.68969  2.96897  3.61488  5.64604  4.24454    203 e - - -
          2.68618  4.42225  2.77519  2.73123  3.46354  2.40513  3.72494  3.29354  2.67741  2.69355  4.24690  2.90347  2.73739  3.18146  2.89801  2.37887  2.77519  2.98518  4.58477  3.61503
          0.02116  4.26189  4.98424  0.61958  0.77255  0.64500  0.74374
    125   2.51624  4.21635  2.96785  1.93989  4.27934  3.42416  3.68888  3.71784  2.46863  3.28273  4.07050  2.39506  3.84961  2.81957  2.94196  2.16138  2.54193  3.34385  5.48528  4.12496    204 e - - -
          2.68618  4.42225  2.77519  2.73123  3.46354  2.40513  3.72494  3.29354  2.67741  2.69355  4.24690  2.90347  2.73739  3.18146  2.89801  2.37887  2.77519  2.98518  4.58477  3.61503
          0.02008  4.31367  5.03601  0.61958  0.77255  0.69886  0.68747
    126   2.12356  4.64678  3.18273  2.19236  3.85821  3.51307  3.75591  2.84417  2.61823  2.61163  3.75187  3.12041  3.91142  2.95805  3.04949  2.26927  2.65080  2.94597  5.20734  3.91602    205 a - - -
          2.68618  4.42225  2.77519  2.73123  3.46354  2.40513  3.72494  3.29354  2.67741  2.69355  4.24690  2.90347  2.73739  3.18146  2.89801  2.37887  2.77519  2.98518  4.58477  3.61503
          0.05076  4.31367  3.32128  0.61958  0.77255  0.69886  0.68747
    127   2.64846  4.96257  2.70525  2.10333  4.23945  3.44142  3.64976  3.15055  2.42311  3.24008  4.02909  2.94705  3.84097  2.77833  2.65166  2.33168  2.19610  3.31630  5.44491  4.08231    206 e - - -
          2.68618  4.42225  2.77519  2.73123  3.46354  2.40513  3.72494  3.29354  2.67741  2.69355  4.24690  2.90347  2.73739  3.18146  2.89801  2.37887  2.77519  2.98518  4.58477  3.61503
          0.06004  4.28361  3.11265  0.61958  0.77255  0.73226  0.65551
    128   2.61013  3.53442  3.30496  3.13767  2.97281  3.64307  3.91792  2.27489  3.06731  2.41544  2.47047  3.03255  4.01866  3.34145  3.15462  2.90513  2.55183  2.47259  4.81125  3.59798    207 i - - -
          2.68618  4.42225  2.77519  2.73123  3.46354  2.40513  3.72494  3.29354  2.67741  2.69355  4.24690  2.90347  2.73739  3.18146  2.89801  2.37887  2.77519  2.98518  4.58477  3.61503
          0.02153  4.24509  4.96744  0.61958  0.77255  0.69092  0.69538
    129   2.05165  4.57336  3.23464  2.72140  3.98283  2.49473  3.84698  3.37745  2.71906  2.44509  3.87429  2.80143  3.88209  3.05134  3.14126  2.15884  2.67653  3.05191  5.32047  4.03595    208 a - - -
          2.68618  4.42225  2.77519  2.73123  3.46354  2.40513  3.72494  3.29354  2.67741  2.69355  4.24690  2.90347  2.73739  3.18146  2.89801  2.37887  2.77519  2.98518  4.58477  3.61503
          0.02070  4.28361  5.00596  0.61958  0.77255  0.73226  0.65551
    130   2.36666  4.99889  2.88411  2.07070  4.29547  3.43076  3.19086  3.73741  2.45361  3.29516  4.08496  2.63184  3.85199  2.80280  2.92954  2.51254  2.08996  3.36987  5.49443  4.12626    209 e - - -
          2.68618  4.42225  2.77519  2.73123  3.46354  2.40513  3.72494  3.29354  2.67741  2.69355  4.24690  2.90347  2.73739  3.18146  2.89801  2.37887  2.77519  2.98518  4.58477  3.61503
          0.02070  4.28361  5.00596  0.61958  0.77255  0.73226  0.65551
    131   2.42170  3.58534  3.46285  2.89818  3.53443  3.10395  3.84996  2.89875  2.85337  2.43216  3.49354  3.31149  3.96820  3.16301  2.95609  2.27902  2.22234  2.66566  4.09029  3.72918    210 t - - -
          2.68618  4.42225  2.77519  2.73123  3.46354  2.40513  3.72494  3.29354  2.67741  2.69355  4.24690  2.90347  2.73739  3.18146  2.89801  2.37887  2.77519  2.98518  4.58477  3.61503
          0.12654  4.28361  2.25311  0.61958  0.77255  0.73226  0.65551
    132   2.62059  4.70384  3.09767  2.32662  3.92027  3.15386  3.67918  3.31626  2.48601  2.70337  2.98151  3.03819  3.86134  2.85691  2.28932  2.55819  2.63941  3.02316  5.22643  3.92216    211 r - - -
          2.68618  4.42225  2.77519  2.73123  3.46354  2.40513  3.72494  3.29354  2.67741  2.69355  4.24690  2.90347  2.73739  3.18146  2.89801  2.37887  2.77519  2.98518  4.58477  3.61503
          0.02299  4.18006  4.90240  0.61958  0.77255  0.83292  0.57054
    133   2.28443  4.85606  2.90195  2.45572  4.27139  3.00976  3.71150  3.70680  2.25109  3.28101  4.08082  2.63087  2.28496  2.85530  2.95787  2.48955  2.89155  3.32672  5.48945  4.14156    212 k - - -
          2.68621  4.42228  2.77523  2.73127  3.46357  2.40516  3.72498  3.29340  2.67744  2.69327  4.24693  2.90350  2.73743  3.18150  2.89804  2.37890  2.77523  2.98506  4.58480  3.61506
          0.51389  1.55663  1.65553  0.23170  1.57592  0.63386  0.75618
    134   2.64155  4.87644  2.75741  2.05134  4.28192  3.32541  3.71839  3.71347  2.53927  3.29747  4.10958  2.69905  3.82351  2.87190  3.00185  1.89612  2.32645  3.33907  5.51220  4.15748    214 s - - -
          2.68618  4.42225  2.77519  2.73123  3.46354  2.40513  3.72494  3.29354  2.67741  2.69355  4.24690  2.90347  2.73739  3.18146  2.89801  2.37887  2.77519  2.98518  4.58477  3.61503
          0.02486  4.10268  4.82503  0.61958  0.77255  0.89622  0.52443
    135   2.60801  4.83505  2.95365  2.13479  4.08292  3.41661  3.62332  3.10404  2.40427  3.09817  3.90741  2.51104  3.81364  2.76886  2.67342  2.27382  2.83972  3.17454  5.32836  3.57097    215 e - - -
          2.68618  4.42225  2.77519  2.73123  3.46354  2.40513  3.72494  3.29354  2.67741  2.69355  4.24690  2.90347  2.73739  3.18146  2.89801  2.37887  2.77519  2.98518  4.58477  3.61503
          0.02486  4.10268  4.82503  0.61958  0.77255  0.83014  0.57268
    136   2.95724  4.43895  4.12782  3.62404  1.97022  3.92952  3.73523  2.89178  3.51652  2.51993  3.55015  3.76953  4.29830  3.70650  3.71496  2.80190  3.19513  2.49680  4.11568  1.46867    216 y - - -
          2.68629  4.42185  2.77531  2.73135  3.46345  2.40524  3.72506  3.29309  2.67752  2.69304  4.24554  2.90358  2.73751  3.18158  2.89812  2.37898  2.77516  2.98530  4.58488  3.61480
          0.69103  0.84145  2.69038  0.49788  0.93602  0.42956  1.05210
    137   2.43968  4.89171  3.03913  2.48721  4.15173  2.41387  3.68415  3.57241  2.45904  2.81839  3.96984  2.66601  3.87357  2.43173  2.58445  2.68838  2.89558  2.93798  5.39243  4.05361    219 g - - -
          2.68618  4.42225  2.77519  2.73123  3.46354  2.40513  3.72494  3.29354  2.67741  2.69355  4.24690  2.90347  2.73739  3.18146  2.89801  2.37887  2.77519  2.98518  4.58477  3.61503
          0.01954  4.34070  5.06304  0.61958  0.77255  0.56934  0.83448
    138   2.65356  3.27870  3.96338  3.38299  3.28959  3.23517  4.02215  2.62951  2.91833  1.61261  3.29292  3.64851  4.10069  3.52867  3.50797  3.00446  2.66035  2.25318  4.78750  3.05735    220 l - - -
          2.68618  4.42225  2.77519  2.73123  3.46354  2.40513  3.72494  3.29354  2.67741  2.69355  4.24690  2.90347  2.73739  3.18146  2.89801  2.37887  2.77519  2.98518  4.58477  3.61503
          0.01873  4.38303  5.10537  0.61958  0.77255  0.61288  0.78043
    139   2.67522  5.07680  2.74745  2.25735  4.38171  3.46009  3.65114  2.84142  2.28883  3.36286  4.12949  2.94585  3.34866  2.53106  2.17894  2.41803  2.90589  3.44591  5.53233  4.15102    221 r - - -
          2.68618  4.42225  2.77519  2.73123  3.46354  2.40513  3.72494  3.29354  2.67741  2.69355  4.24690  2.90347  2.73739  3.18146  2.89801  2.37887  2.77519  2.98518  4.58477  3.61503
          0.01873  4.38303  5.10537  0.61958  0.77255  0.50275  0.92853
    140   2.69860  5.18257  2.49600  1.90220  4.51379  3.45588  3.65833  3.99206  2.18290  3.48143  4.22846  2.60804  3.85939  2.56619  2.89628  2.19057  2.93116  3.56610  4.16072  4.21582    222 e - - -
          2.68618  4.42225  2.77519  2.73123  3.46354  2.40513  3.72494  3.29354  2.67741  2.69355  4.24690  2.90347  2.73739  3.18146  2.89801  2.37887  2.77519  2.98518  4.58477  3.61503
          0.01788  4.42903  5.15138  0.61958  0.77255  0.54772  0.86338
    141   2.69955  5.14075  2.92435  2.20701  4.45980  2.92281  3.66658  3.92630  2.20533  3.21189  4.19292  2.70639  3.27963  2.57620  2.89788  1.89968  2.93199  3.51830  5.59034  4.19672    223 s - - -
          2.68618  4.42225  2.77519  2.73123  3.46354  2.40513  3.72494  3.29354  2.67741  2.69355  4.24690  2.90347  2.73739  3.18146  2.89801  2.37887  2.77519  2.98518  4.58477  3.61503
          0.01788  4.42903  5.15138  0.61958  0.77255  0.44888  1.01706
    142   2.56420  4.18205  4.19834  3.61763  1.95708  3.80507  4.14103  2.56515  3.49516  2.04248  3.29818  3.81283  4.18630  3.71410  3.67101  2.51618  2.65723  1.96895  4.81444  3.61930    224 f - - -
          2.68618  4.42225  2.77519  2.73123  3.46354  2.40513  3.72494  3.29354  2.67741  2.69355  4.24690  2.90347  2.73739  3.18146  2.89801  2.37887  2.77519  2.98518  4.58477  3.61503
          0.01718  4.46837  5.19071  0.61958  0.77255  0.48576  0.95510
    143   2.68197  3.75091  3.58148  2.57000  3.52374  3.25562  3.28154  2.52666  2.96552  2.00816  3.49315  3.13420  4.04603  3.26486  3.31347  2.58417  2.91373  2.45951  4.97280  3.11815    225 l - - -
          2.68618  4.42225  2.77519  2.73123  3.46354  2.40513  3.72494  3.29354  2.67741  2.69355  4.24690  2.90347  2.73739  3.18146  2.89801  2.37887  2.77519  2.98518  4.58477  3.61503
          0.10970  4.46837  2.38133  0.61958  0.77255  0.48576  0.95510
    144   2.43918  4.78662  3.10534  2.25824  4.01967  3.50225  3.72748  3.21793  2.54736  3.05076  3.87855  2.89949  3.89979  2.89592  2.99781  1.74874  2.69235  3.11892  4.42962  3.99917    226 s - - -
          2.68618  4.42225  2.77519  2.73123  3.46354  2.40513  3.72494  3.29354  2.67741  2.69355  4.24690  2.90347  2.73739  3.18146  2.89801  2.37887  2.77519  2.98518  4.58477  3.61503
          0.04925  4.37750  3.33832  0.61958  0.77255  0.41002  1.08957
    145   3.00784  5.30768  3.33716  2.72284  4.72687  3.70493  3.74390  4.11981  1.62489  3.57123  4.38088  2.55107  4.07998  2.86115  1.48363  2.98506  2.74060  3.74928  5.64811  4.38706    227 r - - -
          2.68618  4.42225  2.77519  2.73123  3.46354  2.40513  3.72494  3.29354  2.67741  2.69355  4.24690  2.90347  2.73739  3.18146  2.89801  2.37887  2.77519  2.98518  4.58477  3.61503
          0.05882  4.44116  3.09359  0.61958  0.77255  0.52929  0.88922
    146   2.66198  4.24086  3.81809  3.24406  2.67716  3.70548  3.98310  2.70676  2.88178  1.66732  3.35054  3.56258  3.44727  3.43164  3.43573  2.73290  2.59980  2.50132  4.83538  3.16373    228 l - - -
          2.68618  4.42225  2.77519  2.73123  3.46354  2.40513  3.72494  3.29354  2.67741  2.69355  4.24690  2.90347  2.73739  3.18146  2.89801  2.37887  2.77519  2.98518  4.58477  3.61503
          0.01839  4.40073  5.12308  0.61958  0.77255  0.58865  0.80985
    147   2.71687  5.19491  2.94081  2.14764  4.54041  2.97425  3.65162  4.01273  1.90575  3.49084  4.24032  2.70376  3.26374  2.29544  2.44777  2.68108  2.94509  3.58684  5.61797  4.22618    229 k - - -
          2.68618  4.42225  2.77519  2.73123  3.46354  2.40513  3.72494  3.29354  2.67741  2.69355  4.24690  2.90347  2.73739  3.18146  2.89801  2.37887  2.77519  2.98518  4.58477  3.61503
          0.01839  4.40073  5.12308  0.61958  0.77255  0.58865  0.80985
    148   2.42530  4.30897  3.66911  3.09911  3.43517  3.67136  3.36048  2.47850  3.03431  2.21478  2.22766  3.15029  4.04963  3.32434  3.35122  2.40072  2.89376  2.57429  4.90121  3.67993    230 l - - -
          2.68645  4.42252  2.77546  2.73150  3.46380  2.40517  3.72521  3.29381  2.67730  2.69297  4.24661  2.90359  2.73694  3.18137  2.89758  2.37888  2.77536  2.98506  4.58504  3.61530
          0.93886  1.10525  1.28086  1.21815  0.35066  0.58865  0.80985
    149   2.59168  4.42925  3.30224  2.73699  3.08258  3.51908  3.73964  2.95859  2.33791  2.43628  3.52515  3.18230  3.90124  2.67129  3.04965  2.43248  2.82216  2.71658  3.50044  3.68068    237 k - - -
          2.68618  4.42225  2.77519  2.73123  3.46354  2.40513  3.72494  3.29354  2.67741  2.69355  4.24690  2.90347  2.73739  3.18146  2.89801  2.37887  2.77519  2.98518  4.58477  3.61503
          0.02535  4.08350  4.80584  0.61958  0.77255  0.40174  1.10610
    150   2.67347  5.12654  2.55834  2.38181  4.44847  2.83727  3.64372  3.91826  2.21050  3.42200  4.17487  2.63744  2.76882  2.74897  2.58979  2.46930  2.79220  3.50501  5.57375  3.56953    238 k - - -
          2.68618  4.42225  2.77519  2.73123  3.46354  2.40513  3.72494  3.29354  2.67741  2.69355  4.24690  2.90347  2.73739  3.18146  2.89801  2.37887  2.77519  2.98518  4.58477  3.61503
          0.01855  4.39241  5.11475  0.61958  0.77255  0.53036  0.88768
    151   2.53814  5.00439  3.10195  2.53256  4.29164  3.53367  3.70278  3.71126  1.67927  3.27445  4.07572  3.04819  3.92250  2.60951  2.54504  2.74913  2.38551  2.79495  5.47193  4.13965    239 k - - -
          2.68618  4.42225  2.77519  2.73123  3.46354  2.40513  3.72494  3.29354  2.67741  2.69355  4.24690  2.90347  2.73739  3.18146  2.89801  2.37887  2.77519  2.98518  4.58477  3.61503
          0.01802  4.42096  5.14330  0.61958  0.77255  0.55969  0.84720
    152   2.36514  5.10936  2.94973  2.08818  4.42363  3.18173  3.66176  3.88466  1.90572  3.40154  3.73360  2.44679  3.86323  2.77182  2.88711  2.66737  2.61848  3.48425  5.56381  4.17657    240 k - - -
          2.68618  4.42225  2.77519  2.73123  3.46354  2.40513  3.72494  3.29354  2.67741  2.69355  4.24690  2.90347  2.73739  3.18146  2.89801  2.37887  2.77519  2.98518  4.58477  3.61503
          0.01802  4.42096  5.14330  0.61958  0.77255  0.55969  0.84720
    153   2.71634  4.21546  4.10680  3.52865  3.31966  3.80650  4.13133  2.54429  3.41736  1.83326  2.39597  3.76831  4.18248  3.65597  3.62664  2.72023  2.17369  2.01995  4.85450  3.66163    241 l - - -
          2.68618  4.42225  2.77519  2.73123  3.46354  2.40513  3.72494  3.29354  2.67741  2.69355  4.24690  2.90347  2.73739  3.18146  2.89801  2.37887  2.77519  2.98518  4.58477  3.61503
          0.01802  4.42096  5.14330  0.61958  0.77255  0.55969  0.84720
    154   1.96354  4.60915  3.31643  2.78327  3.94998  2.33779  3.88184  3.31635  2.38477  2.99776  3.85044  3.22828  3.94976  3.09687  3.16759  2.75780  2.44554  2.33827  5.30405  4.02685    242 a - - -
          2.68618  4.42225  2.77519  2.73123  3.46354  2.40513  3.72494  3.29354  2.67741  2.69355  4.24690  2.90347  2.73739  3.18146  2.89801  2.37887  2.77519  2.98518  4.58477  3.61503
          0.01802  4.42096  5.14330  0.61958  0.77255  0.55969  0.84720
    155   2.52873  4.62851  3.26216  2.44099  3.80837  3.17502  3.78966  2.75122  2.44764  2.36069  2.94356  3.17870  3.95300  3.00915  2.51907  2.78863  2.66911  2.92631  5.17462  3.89462    243 l - - -
          2.68618  4.42225  2.77519  2.73123  3.46354  2.40513  3.72494  3.29354  2.67741  2.69355  4.24690  2.90347  2.73739  3.18146  2.89801  2.37887  2.77519  2.98518  4.58477  3.61503
          0.01802  4.42096  5.14330  0.61958  0.77255  0.55969  0.84720
    156   2.49874  5.11100  2.94627  2.15595  4.42521  2.61157  3.65526  3.88942  2.31747  3.40339  3.68158  2.44099  3.52943  2.49793  2.89076  2.52334  2.65189  3.48533  5.56380  4.17265    244 e - - -
          2.68618  4.42225  2.77519  2.73123  3.46354  2.40513  3.72494  3.29354  2.67741  2.69355  4.24690  2.90347  2.73739  3.18146  2.89801  2.37887  2.77519  2.98518  4.58477  3.61503
          0.01802  4.42096  5.14330  0.61958  0.77255  0.55969  0.84720
    157   3.29348  4.60143  5.05570  4.51161  3.52908  4.62168  5.05806  2.05630  4.37377  1.81853  2.37395  4.69856  4.88555  4.55662  4.50647  3.98044  3.53708  0.93959  5.47722  4.33430    245 v - - -
          2.68618  4.42225  2.77519  2.73123  3.46354  2.40513  3.72494  3.29354  2.67741  2.69355  4.24690  2.90347  2.73739  3.18146  2.89801  2.37887  2.77519  2.98518  4.58477  3.61503
          0.01802  4.42096  5.14330  0.61958  0.77255  0.44216  1.02903
    158   1.23471  4.41180  3.71708  3.19486  3.85201  2.93444  4.13518  3.13969  3.14516  2.90925  3.28580  3.50318  4.02348  3.44755  3.48630  2.81108  2.36101  2.58042  5.28475  4.05793    246 a - - -
          2.68607  4.42184  2.77521  2.73145  3.46299  2.40514  3.72517  3.29376  2.67733  2.69337  4.24712  2.90332  2.73762  3.18169  2.89823  2.37854  2.77524  2.98525  4.58499  3.61525
          0.73765  0.94508  2.01655  0.86080  0.54961  0.48576  0.95510
    159   2.48713  4.26136  3.98818  3.41300  3.38791  3.82422  4.12284  2.30070  2.65704  2.18115  2.86943  3.71156  4.18850  3.58308  3.56497  3.10260  2.96985  1.53156  4.92863  3.72554    260 v - - -
          2.68618  4.42225  2.77519  2.73123  3.46354  2.40513  3.72494  3.29354  2.67741  2.69355  4.24690  2.90347  2.73739  3.18146  2.89801  2.37887  2.77519  2.98518  4.58477  3.61503
          0.08331  4.33192  2.70614  0.61958  0.77255  0.67750  0.70905
    160   1.93582  4.24964  4.35885  3.78595  2.59026  3.98487  4.33155  2.09716  3.67074  2.05593  3.27434  3.99056  4.33565  3.88575  3.84805  3.29027  3.06099  1.62206  4.96106  3.76764    261 v - - -
          2.68618  4.42225  2.77519  2.73123  3.46354  2.40513  3.72494  3.29354  2.67741  2.69355  4.24690  2.90347  2.73739  3.18146  2.89801  2.37887  2.77519  2.98518  4.58477  3.61503
          0.02100  4.26961  4.99195  0.61958  0.77255  0.74711  0.64194
    161   3.20435  4.50882  4.96642  4.41256  3.43460  4.54083  4.95155  1.85809  4.29354  1.70926  2.43994  4.60349  4.79262  4.45653  4.42344  3.88915  3.44172  1.11439  5.37107  4.24025    262 v - - -
          2.68618  4.42225  2.77519  2.73123  3.46354  2.40513  3.72494  3.29354  2.67741  2.69355  4.24690  2.90347  2.73739  3.18146  2.89801  2.37887  2.77519  2.98518  4.58477  3.61503
          0.11405  4.26961  2.36656  0.61958  0.77255  0.62566  0.76552
    162   1.75459  4.27159  3.78822  3.26267  3.56343  2.94398  4.09820  2.65620  3.19198  2.17336  3.52257  3.55361  4.04158  3.48263  3.48842  2.87870  2.90013  1.87342  5.06427  3.84851    263 a - - -
          2.68618  4.42225  2.77519  2.73123  3.46354  2.40513  3.72494  3.29354  2.67741  2.69355  4.24690  2.90347  2.73739  3.18146  2.89801  2.37887  2.77519  2.98518  4.58477  3.61503
          0.02162  4.24067  4.96302  0.61958  0.77255  0.51108  0.91591
    163   2.54045  4.22375  4.30445  3.73154  3.37835  3.45578  4.28103  2.13074  3.61114  1.72634  3.34598  3.93014  4.28845  3.83841  3.79166  3.22054  2.76343  1.51551  4.94845  3.75565    264 v - - -
          2.68618  4.42225  2.77519  2.73123  3.46354  2.40513  3.72494  3.29354  2.67741  2.69355  4.24690  2.90347  2.73739  3.18146  2.89801  2.37887  2.77519  2.98518  4.58477  3.61503
          0.01891  4.37322  5.09556  0.61958  0.77255  0.62587  0.76528
    164   2.53080  4.37262  4.73683  4.15835  3.34301  4.24035  4.59728  1.91953  4.02020  1.63765  1.97542  4.30758  4.54876  4.18338  4.13205  3.56091  3.24481  1.72781  5.09703  3.94816    265 l - - -
          2.68618  4.42225  2.77519  2.73123  3.46354  2.40513  3.72494  3.29354  2.67741  2.69355  4.24690  2.90347  2.73739  3.18146  2.89801  2.37887  2.77519  2.98518  4.58477  3.61503
          0.01891  4.37322  5.09556  0.61958  0.77255  0.62587  0.76528
    165   1.64107  4.36914  4.48882  3.93363  3.55792  4.14573  4.57181  1.69391  3.83158  2.34090  3.12088  4.15929  4.50603  4.07377  4.03881  3.46753  3.20324  1.57824  5.23997  4.04557    266 v - - -
          2.68618  4.42225  2.77519  2.73123  3.46354  2.40513  3.72494  3.29354  2.67741  2.69355  4.24690  2.90347  2.73739  3.18146  2.89801  2.37887  2.77519  2.98518  4.58477  3.61503
          0.01891  4.37322  5.09556  0.61958  0.77255  0.52829  0.89065
    166   2.13890  4.22545  4.16180  3.58323  2.96850  3.84785  4.16749  2.48620  3.46467  1.94291  3.30628  3.81491  4.21708  3.70239  3.26527  3.13889  2.97975  1.53810  4.87054  3.67458    267 v - - -
          2.68618  4.42225  2.77519  2.73123  3.46354  2.40513  3.72494  3.29354  2.67741  2.69355  4.24690  2.90347  2.73739  3.18146  2.89801  2.37887  2.77519  2.98518  4.58477  3.61503
          0.13693  4.41422  2.15533  0.61958  0.77255  0.56950  0.83427
    167   2.36996  4.30551  4.64815  4.07059  2.81931  4.15653  4.51208  1.87997  3.93503  1.53316  3.22331  4.21941  4.47632  4.10755  4.05371  3.47463  3.17101  1.64995  5.03361  3.86911    268 l - - -
          2.68618  4.42225  2.77519  2.73123  3.46354  2.40513  3.72494  3.29354  2.67741  2.69355  4.24690  2.90347  2.73739  3.18146  2.89801  2.37887  2.77519  2.98518  4.58477  3.61503
          0.02041  4.29770  5.02005  0.61958  0.77255  0.36439  1.18620
    168   2.44887  4.23023  4.05904  3.48108  2.99389  2.03593  4.10992  2.60049  3.38093  2.10907  2.71957  3.73767  4.17329  3.62193  3.60393  3.08183  2.95321  2.01225  4.85564  3.65834    269 v - - -
          2.68618  4.42225  2.77519  2.73123  3.46354  2.40513  3.72494  3.29354  2.67741  2.69355  4.24690  2.90347  2.73739  3.18146  2.89801  2.37887  2.77519  2.98518  4.58477  3.61503
          0.07405  4.46837  2.81486  0.61958  0.77255  0.48576  0.95510
    169   1.67948  4.33511  3.76867  3.24986  3.71020  2.78318  4.12475  2.98616  3.19575  2.55929  3.67571  3.53506  4.02542  3.48351  3.50938  2.47310  2.91777  1.76615  5.16607  3.94892    270 a - - -
          2.68618  4.42225  2.77519  2.73123  3.46354  2.40513  3.72494  3.29354  2.67741  2.69355  4.24690  2.90347  2.73739  3.18146  2.89801  2.37887  2.77519  2.98518  4.58477  3.61503
          0.01818  4.41249  5.13484  0.61958  0.77255  0.57199  0.83104
    170   2.75707  4.16596  4.44248  3.85620  1.92192  3.89074  4.12125  2.17945  3.69487  2.12602  3.24764  3.94630  4.24943  3.86147  3.79013  2.91691  2.98880  2.12856  4.62819  2.31746    271 f - - -
          2.68618  4.42225  2.77519  2.73123  3.46354  2.40513  3.72494  3.29354  2.67741  2.69355  4.24690  2.90347  2.73739  3.18146  2.89801  2.37887  2.77519  2.98518  4.58477  3.61503
          0.01818  4.41249  5.13484  0.61958  0.77255  0.57199  0.83104
    171   2.21425  4.44553  3.45583  2.89175  3.25261  2.38346  3.86785  2.95957  2.54616  2.54735  3.54869  3.32051  4.00221  3.16613  3.22826  2.68693  2.89792  2.31445  5.02171  3.26836    272 a - - -
          2.68618  4.42225  2.77519  2.73123  3.46354  2.40513  3.72494  3.29354  2.67741  2.69355  4.24690  2.90347  2.73739  3.18146  2.89801  2.37887  2.77519  2.98518  4.58477  3.61503
          0.01818  4.41249  5.13484  0.61958  0.77255  0.57199  0.83104
    172   1.91062  4.60882  3.27040  2.56597  3.79817  3.07854  3.79937  2.94675  2.69165  2.62297  3.71097  2.91581  3.95134  3.02353  3.11229  2.57532  2.54285  2.63541  5.17000  3.89193    273 a - - -
          2.68618  4.42225  2.77519  2.73123  3.46354  2.40513  3.72494  3.29354  2.67741  2.69355  4.24690  2.90347  2.73739  3.18146  2.89801  2.37887  2.77519  2.98518  4.58477  3.61503
          0.01818  4.41249  5.13484  0.61958  0.77255  0.57199  0.83104
    173   2.88027  4.45004  3.94072  3.40522  2.59741  3.86928  3.89284  2.60054  3.32383  2.61676  3.57091  2.99565  4.24406  3.57528  3.59034  2.85323  3.11440  2.73190  4.48176  1.37041    274 y - - -
          2.68618  4.42225  2.77519  2.73123  3.46354  2.40513  3.72494  3.29354  2.67741  2.69355  4.24690  2.90347  2.73739  3.18146  2.89801  2.37887  2.77519  2.98518  4.58477  3.61503
          0.01818  4.41249  5.13484  0.61958  0.77255  0.43539  1.04133
    174   2.49835  4.97760  3.04946  2.38050  4.24236  3.50760  3.70159  3.29347  1.94837  2.74756  4.04121  2.52763  3.89797  2.55812  2.78856  2.70810  2.92639  2.80272  5.45988  4.10816    275 k - - -
          2.68618  4.42225  2.77519  2.73123  3.46354  2.40513  3.72494  3.29354  2.67741  2.69355  4.24690  2.90347  2.73739  3.18146  2.89801  2.37887  2.77519  2.98518  4.58477  3.61503
          0.11056  4.46837  2.37296  0.61958  0.77255  0.48576  0.95510
    175   2.31523  4.36372  3.56373  3.00003  3.47265  3.64461  3.44616  2.52066  2.94610  2.57332  3.47017  2.68687  4.02555  3.24878  3.28917  2.89481  2.89427  2.30990  4.92883  2.28455    276 y - - -
          2.68618  4.42225  2.77519  2.73123  3.46354  2.40513  3.72494  3.29354  2.67741  2.69355  4.24690  2.90347  2.73739  3.18146  2.89801  2.37887  2.77519  2.98518  4.58477  3.61503
          0.17749  4.37665  1.89672  0.61958  0.77255  0.62136  0.77049
    176   2.63752  4.03928  2.51904  2.38043  4.31262  3.19396  3.61357  3.76166  1.86167  3.04665  4.06924  2.91594  3.81836  2.51755  2.62603  2.62619  2.86761  3.37959  5.47186  4.09940    277 k - - -
          2.68618  4.42225  2.77519  2.73123  3.46354  2.40513  3.72494  3.29354  2.67741  2.69355  4.24690  2.90347  2.73739  3.18146  2.89801  2.37887  2.77519  2.98518  4.58477  3.61503
          0.02205  4.22122  4.94356  0.61958  0.77255  0.58343  0.81640
    177   2.64419  4.54945  3.06240  2.47815  3.71508  3.55367  3.46098  2.84456  2.54410  2.77531  3.23641  3.18582  3.93839  3.02138  3.10066  2.77946  2.87560  2.61683  5.10137  2.18191    278 y - - -
          2.68618  4.42225  2.77519  2.73123  3.46354  2.40513  3.72494  3.29354  2.67741  2.69355  4.24690  2.90347  2.73739  3.18146  2.89801  2.37887  2.77519  2.98518  4.58477  3.61503
          0.01980  4.32756  5.04991  0.61958  0.77255  0.68267  0.70373
    178   2.48732  3.08186  3.25381  3.05126  2.64403  3.63664  3.90813  2.78461  2.99532  2.50774  3.40723  3.42470  3.30212  3.28404  3.32081  2.26386  2.86783  2.40281  4.88960  3.23164    279 s - - -
          2.68618  4.42225  2.77519  2.73123  3.46354  2.40513  3.72494  3.29354  2.67741  2.69355  4.24690  2.90347  2.73739  3.18146  2.89801  2.37887  2.77519  2.98518  4.58477  3.61503
          0.01980  4.32756  5.04991  0.61958  0.77255  0.68267  0.70373
    179   2.64512  4.74429  3.11359  2.55440  3.59664  3.04982  3.21672  2.99732  2.06466  2.99038  3.17791  2.86244  3.88839  2.71017  2.98820  2.53885  2.87637  3.06114  5.26559  3.41968    280 k - - -
          2.68618  4.42225  2.77519  2.73123  3.46354  2.40513  3.72494  3.29354  2.67741  2.69355  4.24690  2.90347  2.73739  3.18146  2.89801  2.37887  2.77519  2.98518  4.58477  3.61503
          0.01980  4.32756  5.04991  0.61958  0.77255  0.68267  0.70373
    180   2.39538  3.01398  3.14458  2.58615  3.91044  3.50867  3.30064  3.04633  2.36205  2.94974  3.78981  2.79534  3.89817  2.76850  3.00744  2.28780  2.67297  3.01884  5.23626  3.93381    281 s - - -
          2.68618  4.42225  2.77519  2.73123  3.46354  2.40513  3.72494  3.29354  2.67741  2.69355  4.24690  2.90347  2.73739  3.18146  2.89801  2.37887  2.77519  2.98518  4.58477  3.61503
          0.01980  4.32756  5.04991  0.61958  0.77255  0.47246  0.97675
    181   2.55405  4.71796  2.92327  2.62272  3.91988  2.86772  3.75823  3.31432  2.60650  2.72367  3.80385  3.11914  3.92854  2.94823  2.58456  2.04834  2.90400  2.60294  3.90623  3.95193    282 s - - -
          2.68618  4.42225  2.77519  2.73123  3.46354  2.40513  3.72494  3.29354  2.67741  2.69355  4.24690  2.90347  2.73739  3.18146  2.89801  2.37887  2.77519  2.98518  4.58477  3.61503
          0.01799  4.42287  5.14521  0.61958  0.77255  0.55688  0.85096
    182   2.50020  3.90688  3.15962  2.83153  3.13419  3.09482  2.59746  2.82696  2.80012  2.71631  2.90479  3.27748  3.24952  3.11865  3.19199  2.66644  2.65269  2.78026  5.06344  3.80857    283 a - - -
          2.68618  4.42225  2.77519  2.73123  3.46354  2.40513  3.72494  3.29354  2.67741  2.69355  4.24690  2.90347  2.73739  3.18146  2.89801  2.37887  2.77519  2.98518  4.58477  3.61503
          0.01799  4.42287  5.14521  0.61958  0.77255  0.55688  0.85096
    183   2.23761  3.47083  3.04965  2.70024  3.54830  3.64642  3.90788  2.52176  2.93077  2.61629  3.51051  3.38209  3.46909  3.23434  3.28867  2.89296  2.90631  1.87068  4.99321  3.75683    284 v - - -
          2.68618  4.42225  2.77519  2.73123  3.46354  2.40513  3.72494  3.29354  2.67741  2.69355  4.24690  2.90347  2.73739  3.18146  2.89801  2.37887  2.77519  2.98518  4.58477  3.61503
          0.08496  4.42287  2.66717  0.61958  0.77255  0.55688  0.85096
    184   2.67764  5.14550  2.72650  1.93205  4.47399  3.44179  3.63688  3.94700  2.22646  3.44153  4.19228  2.91536  3.26066  2.18333  2.66489  2.64604  2.90901  3.52762  5.58512  3.27951    285 e - - -
          2.68618  4.42225  2.77519  2.73123  3.46354  2.40513  3.72494  3.29354  2.67741  2.69355  4.24690  2.90347  2.73739  3.18146  2.89801  2.37887  2.77519  2.98518  4.58477  3.61503
          0.13892  4.35713  2.14658  0.61958  0.77255  0.64656  0.74202
    185   2.63088  3.84978  2.61252  2.38881  4.30015  2.67624  3.64098  3.74900  2.27465  3.29495  4.07269  2.48674  3.41721  2.76297  2.89324  2.24101  2.87165  3.36677  5.48289  4.10917    286 s - - -
          2.68625  4.42266  2.77561  2.73144  3.46248  2.40525  3.72438  3.29335  2.67730  2.69352  4.24731  2.90352  2.73781  3.18111  2.89842  2.37882  2.77519  2.98534  4.58518  3.61318
          0.39086  1.12848        *  1.78304  0.18407  0.00000        *
//
