HMMER3/f [3.1b2 | February 2015]
NAME  Mafft_Group_13
LENG  148
ALPH  amino
RF    no
MM    no
CONS  yes
CS    no
MAP   yes
DATE  Mon Oct 24 15:29:45 2016
NSEQ  30
EFFN  0.977783
CKSUM 3877371374
STATS LOCAL MSV       -9.9211  0.70964
STATS LOCAL VITERBI  -11.0595  0.70964
STATS LOCAL FORWARD   -4.8401  0.70964
HMM          A        C        D        E        F        G        H        I        K        L        M        N        P        Q        R        S        T        V        W        Y   
            m->m     m->i     m->d     i->m     i->i     d->m     d->d
  COMPO   2.45775  4.61557  2.91808  2.57996  3.39287  2.92508  3.64708  2.86526  2.74253  2.52709  3.62448  3.17216  3.09460  3.14495  2.79174  2.68796  2.85347  2.57211  4.41948  3.58542
          2.68605  4.42310  2.77551  2.73131  3.46386  2.40561  3.72510  3.29439  2.67826  2.69292  4.24658  2.90340  2.73696  3.18031  2.89704  2.37846  2.77524  2.98570  4.58562  3.61526
          0.12192  2.23182  4.90004  3.30768  0.03729  0.00000        *
      1   3.23980  4.74572  4.39467  4.02237  3.38226  4.07243  4.68702  2.59042  3.77099  1.93971  0.89311  4.25878  4.54399  4.13767  3.93811  3.61569  3.55606  2.63009  5.25716  4.04143     52 m - - -
          2.68618  4.42225  2.77519  2.73123  3.46354  2.40513  3.72494  3.29354  2.67741  2.69355  4.24690  2.90347  2.73739  3.18146  2.89801  2.37887  2.77519  2.98518  4.58477  3.61503
          0.02304  4.17769  4.90004  0.61958  0.77255  0.48576  0.95510
      2   2.92456  5.46527  1.53571  1.76129  4.78226  3.31829  3.79468  4.28889  2.74511  3.78482  4.60118  2.78616  3.89720  2.94479  3.31452  2.03824  3.20096  3.85753  5.94483  4.46396     53 d - - -
          2.68618  4.42225  2.77519  2.73123  3.46354  2.40513  3.72494  3.29354  2.67741  2.69355  4.24690  2.90347  2.73739  3.18146  2.89801  2.37887  2.77519  2.98518  4.58477  3.61503
          0.02304  4.17769  4.90004  0.61958  0.77255  0.48576  0.95510
      3   2.71419  4.17157  4.17493  3.59681  2.37685  3.81455  4.02452  2.43490  3.46999  2.09891  2.34988  3.78530  4.16805  3.40402  3.63763  3.10593  2.94431  2.31939  4.59785  2.27786     54 l - - -
          2.68618  4.42225  2.77519  2.73123  3.46354  2.40513  3.72494  3.29354  2.67741  2.69355  4.24690  2.90347  2.73739  3.18146  2.89801  2.37887  2.77519  2.98518  4.58477  3.61503
          0.04394  4.17769  3.58813  0.61958  0.77255  0.48576  0.95510
      4   2.59408  4.33228  3.44184  2.87831  3.46672  3.56226  3.81466  2.45775  2.82527  2.35478  3.43632  3.28987  3.36707  2.92268  3.18180  2.37268  2.74447  2.60635  4.90835  2.74103     55 l - - -
          2.68618  4.42225  2.77519  2.73123  3.46354  2.40513  3.72494  3.29354  2.67741  2.69355  4.24690  2.90347  2.73739  3.18146  2.89801  2.37887  2.77519  2.98518  4.58477  3.61503
          0.02352  4.15728  4.87963  0.61958  0.77255  0.51049  0.91680
      5   2.55908  4.40808  3.35069  2.78751  3.54924  3.53929  3.46530  2.82027  2.73082  2.62741  3.39875  3.22407  3.59083  3.06297  3.00039  2.77818  2.09858  2.69278  4.96824  2.64482     56 t - - -
          2.68618  4.42225  2.77519  2.73123  3.46354  2.40513  3.72494  3.29354  2.67741  2.69355  4.24690  2.90347  2.73739  3.18146  2.89801  2.37887  2.77519  2.98518  4.58477  3.61503
          0.21573  4.15728  1.72376  0.61958  0.77255  0.51049  0.91680
      6   2.47699  4.29596  3.40421  2.85239  2.96218  3.50018  3.77726  2.67227  2.80371  2.52095  3.42377  3.15472  3.90228  3.11480  3.15975  2.04478  2.79356  2.52290  4.84386  3.33484     57 s - - -
          2.68618  4.42225  2.77519  2.73123  3.46354  2.40513  3.72494  3.29354  2.67741  2.69355  4.24690  2.90347  2.73739  3.18146  2.89801  2.37887  2.77519  2.98518  4.58477  3.61503
          0.02844  3.97000  4.69234  0.61958  0.77255  0.69471  0.69159
      7   2.56328  4.27988  3.44182  2.87348  3.23485  3.54152  3.27793  2.37884  2.80538  2.33288  2.94021  3.27740  3.91859  2.69400  3.15116  2.78897  2.69080  2.53471  4.84787  3.60847     58 l - - -
          2.68553  4.42316  2.77611  2.73129  3.46445  2.40276  3.72488  3.29416  2.67760  2.69405  4.24781  2.90406  2.73782  3.17870  2.89779  2.37971  2.77522  2.98576  4.58568  3.61594
          0.31085  1.35477  4.69234  2.92155  0.05535  0.40426  1.10102
      8   2.58392  4.51851  3.25676  2.92638  4.01378  3.30805  4.03286  3.38286  2.87347  3.04537  4.01078  3.28620  1.32646  3.07861  3.20055  2.73041  2.96035  2.71931  5.42190  4.13020    100 p - - -
          2.68618  4.42225  2.77519  2.73123  3.46354  2.40513  3.72494  3.29354  2.67741  2.69355  4.24690  2.90347  2.73739  3.18146  2.89801  2.37887  2.77519  2.98518  4.58477  3.61503
          0.06767  4.15728  3.00012  0.61958  0.77255  0.47061  0.97983
      9   2.58462  4.17963  3.70513  3.13334  3.19158  3.61853  3.61850  2.64261  3.05350  2.37320  2.32809  3.46295  3.71609  3.32994  3.33766  2.58373  2.81810  2.02004  4.77101  3.38131    101 v - - -
          2.68628  4.42235  2.77529  2.73075  3.46363  2.40522  3.72504  3.29318  2.67750  2.69364  4.24699  2.90356  2.73749  3.18156  2.89810  2.37866  2.77523  2.98506  4.58486  3.61513
          0.54044  1.40143  1.76455  0.81807  0.58211  0.53570  0.88010
     10   2.92968  5.48220  1.56097  1.44275  4.76861  3.20947  3.75128  4.28104  2.76337  3.79109  4.64716  2.67665  3.82918  2.91868  3.35248  2.81597  3.21786  3.86050  5.94381  4.44800    106 e - - -
          2.68618  4.42225  2.77519  2.73123  3.46354  2.40513  3.72494  3.29354  2.67741  2.69355  4.24690  2.90347  2.73739  3.18146  2.89801  2.37887  2.77519  2.98518  4.58477  3.61503
          0.06611  3.95696  3.10441  0.61958  0.77255  0.70523  0.68120
     11   3.03023  4.39008  4.58800  4.03801  3.27802  4.29390  4.69104  1.47623  3.91971  1.76607  2.37987  4.29303  4.57152  4.13241  4.10805  3.63237  3.27192  1.63191  5.20770  4.06625    107 i - - -
          2.68618  4.42225  2.77519  2.73123  3.46354  2.40513  3.72494  3.29354  2.67741  2.69355  4.24690  2.90347  2.73739  3.18146  2.89801  2.37887  2.77519  2.98518  4.58477  3.61503
          0.02990  3.92075  4.64309  0.61958  0.77255  0.67736  0.70918
     12   2.37792  4.66569  2.98454  2.11360  3.87016  3.41373  3.05713  3.26721  2.45328  2.90478  2.93486  2.98551  3.82188  2.83045  2.87152  2.66436  2.83046  2.98058  5.18631  3.87877    108 e - - -
          2.68618  4.42225  2.77519  2.73123  3.46354  2.40513  3.72494  3.29354  2.67741  2.69355  4.24690  2.90347  2.73739  3.18146  2.89801  2.37887  2.77519  2.98518  4.58477  3.61503
          0.02882  3.95696  4.67931  0.61958  0.77255  0.70523  0.68120
     13   2.88857  5.23396  2.37539  1.24888  4.51025  3.29075  3.73198  3.99088  2.54863  3.52504  4.41073  2.80202  3.86154  2.63970  2.97960  2.82990  3.16051  3.63326  5.69267  4.29544    109 e - - -
          2.68618  4.42225  2.77519  2.73123  3.46354  2.40513  3.72494  3.29354  2.67741  2.69355  4.24690  2.90347  2.73739  3.18146  2.89801  2.37887  2.77519  2.98518  4.58477  3.61503
          0.10841  3.95696  2.48151  0.61958  0.77255  0.70523  0.68120
     14   2.78014  4.95357  3.01226  2.51508  4.14603  3.46786  2.41139  3.67419  2.10528  3.20030  4.04850  2.99264  3.87531  2.24300  2.19648  2.78853  2.99077  3.35272  5.29122  3.97534    110 k - - -
          2.68609  4.42251  2.77546  2.73150  3.46247  2.40499  3.72486  3.29380  2.67767  2.69351  4.24716  2.90366  2.73682  3.18132  2.89744  2.37907  2.77546  2.98528  4.58503  3.61529
          0.44902  1.04492  4.60207  1.58604  0.22908  0.43266  1.04635
     15   2.35839  4.36429  3.34207  2.91810  3.38780  3.24609  3.97861  3.26229  2.91561  2.97897  3.86530  3.25852  1.59487  3.24342  3.27828  2.45160  2.70173  2.93011  5.29710  4.02488    120 p - - -
          2.68618  4.42225  2.77519  2.73123  3.46354  2.40513  3.72494  3.29354  2.67741  2.69355  4.24690  2.90347  2.73739  3.18146  2.89801  2.37887  2.77519  2.98518  4.58477  3.61503
          0.02462  4.11217  4.83452  0.61958  0.77255  0.48146  0.96203
     16   2.86929  4.35000  4.11686  3.56819  2.34842  3.89143  3.81711  2.77126  3.41226  2.00878  3.39921  3.75047  4.24370  3.64616  3.05711  3.18280  3.09720  2.61454  1.93395  2.66752    121 w - - -
          2.68621  4.42229  2.77523  2.73127  3.46357  2.40516  3.72498  3.29358  2.67744  2.69358  4.24693  2.90350  2.73743  3.18110  2.89798  2.37890  2.77523  2.98522  4.58317  3.61507
          0.34986  2.03701  1.80305  0.60785  0.78641  0.51277  0.91338
     17   2.68106  4.96709  2.87479  2.26410  4.23147  3.41180  3.18745  3.68303  2.26519  3.22789  4.03605  2.81641  3.82252  1.94769  2.57464  2.67735  2.90550  3.33326  5.39361  3.68996    124 q - - -
          2.68618  4.42225  2.77519  2.73123  3.46354  2.40513  3.72494  3.29354  2.67741  2.69355  4.24690  2.90347  2.73739  3.18146  2.89801  2.37887  2.77519  2.98518  4.58477  3.61503
          0.02803  3.98435  4.70670  0.61958  0.77255  0.68283  0.70357
     18   3.26472  4.63154  4.34748  3.91233  1.91527  4.13589  3.48940  3.15823  3.76836  2.64992  3.76231  3.87089  4.46644  3.86370  3.89476  3.16433  3.48826  3.00717  1.90656  1.50803    125 y - - -
          2.68618  4.42225  2.77519  2.73123  3.46354  2.40513  3.72494  3.29354  2.67741  2.69355  4.24690  2.90347  2.73739  3.18146  2.89801  2.37887  2.77519  2.98518  4.58477  3.61503
          0.11537  3.98435  2.40398  0.61958  0.77255  0.68283  0.70357
     19   2.56914  4.43331  3.23957  2.68537  3.39526  3.31937  3.70702  2.93085  2.58835  2.30195  3.51496  3.13475  3.86567  2.40511  2.87916  2.72074  2.80370  2.49148  4.97769  3.70520    126 l - - -
          2.68618  4.42225  2.77519  2.73123  3.46354  2.40513  3.72494  3.29354  2.67741  2.69355  4.24690  2.90347  2.73739  3.18146  2.89801  2.37887  2.77519  2.98518  4.58477  3.61503
          0.03055  3.89953  4.62188  0.61958  0.77255  0.38100  1.14942
     20   2.62633  4.06599  4.20824  3.61857  2.74390  3.74753  3.41681  2.36207  3.47639  1.93571  2.77129  3.77113  4.10892  3.66945  3.61253  3.04216  2.85763  2.03776  2.90200  3.38841    127 l - - -
          2.68618  4.42225  2.77519  2.73123  3.46354  2.40513  3.72494  3.29354  2.67741  2.69355  4.24690  2.90347  2.73739  3.18146  2.89801  2.37887  2.77519  2.98518  4.58477  3.61503
          0.02357  4.15535  4.87770  0.61958  0.77255  0.51277  0.91338
     21   2.37654  5.06177  2.25463  2.32253  4.37115  3.38198  3.21947  3.83245  2.39217  3.35650  4.12779  2.86817  3.38514  2.25994  2.88135  2.58086  2.68473  3.43650  5.52690  4.13483    128 d - - -
          2.68618  4.42225  2.77519  2.73123  3.46354  2.40513  3.72494  3.29354  2.67741  2.69355  4.24690  2.90347  2.73739  3.18146  2.89801  2.37887  2.77519  2.98518  4.58477  3.61503
          0.04274  4.15535  3.64346  0.61958  0.77255  0.51277  0.91338
     22   1.99094  4.36318  3.39948  2.89651  3.61449  3.40587  3.87178  3.05891  2.84015  2.75515  3.63746  3.07376  3.89777  3.17637  3.19317  2.15021  2.83375  2.78596  2.57185  3.76112    129 a - - -
          2.68618  4.42225  2.77519  2.73123  3.46354  2.40513  3.72494  3.29354  2.67741  2.69355  4.24690  2.90347  2.73739  3.18146  2.89801  2.37887  2.77519  2.98518  4.58477  3.61503
          0.02402  4.13663  4.85898  0.61958  0.77255  0.49088  0.94698
     23   2.65770  4.76247  3.11103  2.54641  3.98846  3.48775  3.28781  2.55690  2.40263  3.00658  3.84284  3.04222  3.00191  2.42639  2.34947  2.71471  2.88345  3.09188  5.25896  3.95813    130 r - - -
          2.68618  4.42225  2.77519  2.73123  3.46354  2.40513  3.72494  3.29354  2.67741  2.69355  4.24690  2.90347  2.73739  3.18146  2.89801  2.37887  2.77519  2.98518  4.58477  3.61503
          0.18215  4.15939  1.89109  0.61958  0.77255  0.50799  0.92056
     24   2.29683  4.40286  3.22534  2.72837  3.76025  3.33418  3.79805  3.10910  2.70085  2.29584  3.68383  2.80004  3.82563  3.04145  3.08812  2.26539  2.33098  2.81885  5.14063  3.87766    131 s - - -
          2.68618  4.42225  2.77519  2.73123  3.46354  2.40513  3.72494  3.29354  2.67741  2.69355  4.24690  2.90347  2.73739  3.18146  2.89801  2.37887  2.77519  2.98518  4.58477  3.61503
          0.02746  4.00469  4.72704  0.61958  0.77255  0.41592  1.07802
     25   3.15021  4.68042  4.08799  3.68595  3.10332  4.02835  3.84910  2.67942  3.40008  0.83518  3.32078  3.96527  4.43731  3.81458  3.59433  3.46697  3.41538  2.70349  4.86811  3.47105    132 l - - -
          2.68618  4.42225  2.77519  2.73123  3.46354  2.40513  3.72494  3.29354  2.67741  2.69355  4.24690  2.90347  2.73739  3.18146  2.89801  2.37887  2.77519  2.98518  4.58477  3.61503
          0.02347  4.15939  4.88174  0.61958  0.77255  0.50799  0.92056
     26   2.27427  4.16915  3.75599  3.18479  2.25839  3.63171  3.91674  2.62597  3.10426  2.23045  3.28403  3.27459  4.01175  3.37170  3.37684  2.84196  2.56497  2.33139  4.75916  3.25883    133 l - - -
          2.68618  4.42225  2.77519  2.73123  3.46354  2.40513  3.72494  3.29354  2.67741  2.69355  4.24690  2.90347  2.73739  3.18146  2.89801  2.37887  2.77519  2.98518  4.58477  3.61503
          0.02347  4.15939  4.88174  0.61958  0.77255  0.50799  0.92056
     27   1.80504  4.45628  3.21445  2.80496  4.30553  2.64384  3.98432  3.73905  2.86568  3.36330  4.16952  2.91033  2.78956  3.17733  3.28057  1.72206  2.81279  3.26605  5.59231  4.31075    134 s - - -
          2.68618  4.42225  2.77519  2.73123  3.46354  2.40513  3.72494  3.29354  2.67741  2.69355  4.24690  2.90347  2.73739  3.18146  2.89801  2.37887  2.77519  2.98518  4.58477  3.61503
          0.02347  4.15939  4.88174  0.61958  0.77255  0.47211  0.97733
     28   3.35484  4.67534  4.66918  4.22303  1.66602  4.32312  3.77707  2.92543  4.06739  1.56758  3.53213  4.14512  4.62378  4.11169  4.13482  3.65487  3.57602  2.88399  3.97748  1.55359    135 y - - -
          2.68618  4.42225  2.77519  2.73123  3.46354  2.40513  3.72494  3.29354  2.67741  2.69355  4.24690  2.90347  2.73739  3.18146  2.89801  2.37887  2.77519  2.98518  4.58477  3.61503
          0.12429  4.17769  2.28725  0.61958  0.77255  0.48576  0.95510
     29   2.39316  4.57092  3.13538  2.59022  3.75131  3.46976  3.29475  3.14460  2.54690  2.18075  3.66204  2.90469  3.59956  2.60824  2.96012  2.64882  2.82635  2.87570  5.10651  3.57150    136 l - - -
          2.68584  4.42238  2.77533  2.73136  3.46367  2.40526  3.72491  3.29367  2.67754  2.69368  4.24703  2.90360  2.73736  3.18160  2.89814  2.37811  2.77533  2.98532  4.58490  3.61501
          0.45158  1.15791  3.01113  0.92694  0.50379  0.42250  1.06538
     30   2.22231  4.56214  3.16532  2.61332  3.22693  3.45867  3.71848  3.16319  2.59206  2.77677  3.68211  3.09023  3.60320  2.44331  3.01672  2.33851  2.59920  2.82654  5.13606  3.85102    142 a - - -
          2.68618  4.42225  2.77519  2.73123  3.46354  2.40513  3.72494  3.29354  2.67741  2.69355  4.24690  2.90347  2.73739  3.18146  2.89801  2.37887  2.77519  2.98518  4.58477  3.61503
          0.05475  4.13983  3.28728  0.61958  0.77255  0.53078  0.88709
     31   1.92246  4.34921  3.38991  2.86829  3.74123  3.34609  3.88565  2.53377  2.83626  2.79922  3.67411  3.24516  2.88107  3.15490  3.21196  2.29838  2.52343  2.78170  5.14480  3.89772    143 a - - -
          2.68618  4.42225  2.77519  2.73123  3.46354  2.40513  3.72494  3.29354  2.67741  2.69355  4.24690  2.90347  2.73739  3.18146  2.89801  2.37887  2.77519  2.98518  4.58477  3.61503
          0.02468  4.10976  4.83211  0.61958  0.77255  0.50815  0.92032
     32   2.05244  4.38269  3.39994  3.18606  4.36406  3.13073  4.31407  3.69546  3.25760  3.42908  4.35018  3.41096  1.08442  3.59462  3.55601  2.62902  2.93226  3.24493  5.71425  4.49885    144 p - - -
          2.68618  4.42225  2.77519  2.73123  3.46354  2.40513  3.72494  3.29354  2.67741  2.69355  4.24690  2.90347  2.73739  3.18146  2.89801  2.37887  2.77519  2.98518  4.58477  3.61503
          0.02394  4.13983  4.86217  0.61958  0.77255  0.45861  1.00011
     33   2.13823  5.12608  2.50980  1.65363  4.43309  3.36935  3.42373  3.89385  2.51453  3.43091  4.22350  2.86243  3.84457  2.82229  3.01565  2.40569  2.98097  3.50576  5.61484  4.21438    145 e - - -
          2.68618  4.42225  2.77519  2.73123  3.46354  2.40513  3.72494  3.29354  2.67741  2.69355  4.24690  2.90347  2.73739  3.18146  2.89801  2.37887  2.77519  2.98518  4.58477  3.61503
          0.33950  4.17769  1.29997  0.61958  0.77255  0.48576  0.95510
     34   2.30471  4.37346  3.83376  3.41488  3.35233  3.65961  4.25844  2.32704  3.25660  1.34481  3.29080  3.70067  4.15762  3.62546  3.50770  3.06361  3.06412  2.23485  5.11194  3.86845    146 l - - -
          2.68621  4.42228  2.77522  2.73126  3.46356  2.40484  3.72497  3.29357  2.67743  2.69358  4.24692  2.90349  2.73742  3.18149  2.89803  2.37889  2.77522  2.98521  4.58480  3.61506
          0.27464  1.46959  4.59203  0.26762  1.44903  0.76979  0.62196
     35   3.03165  4.48519  4.35573  3.86730  3.17122  4.12735  4.56580  2.06066  3.67976  1.15692  3.05705  4.14180  4.48199  3.97530  3.88711  3.51050  3.30391  1.80132  5.12606  3.90907    148 l - - -
          2.68618  4.42225  2.77519  2.73123  3.46354  2.40513  3.72494  3.29354  2.67741  2.69355  4.24690  2.90347  2.73739  3.18146  2.89801  2.37887  2.77519  2.98518  4.58477  3.61503
          0.03149  3.86968  4.59203  0.61958  0.77255  0.64317  0.74576
     36   2.65762  4.66391  2.89406  2.65643  4.12719  3.25526  3.88267  3.63452  2.66722  3.22143  4.15354  3.09323  1.46006  2.66755  3.00230  2.74474  3.00847  3.28853  5.42461  4.12635    149 p - - -
          2.68618  4.42225  2.77519  2.73123  3.46354  2.40513  3.72494  3.29354  2.67741  2.69355  4.24690  2.90347  2.73739  3.18146  2.89801  2.37887  2.77519  2.98518  4.58477  3.61503
          0.10841  3.95696  2.48151  0.61958  0.77255  0.70523  0.68120
     37   1.89547  4.24534  3.19509  2.93555  4.11734  3.00624  4.06607  3.42242  2.98699  3.16438  4.08323  3.20468  1.66821  3.33124  3.30695  2.47842  2.76207  3.01184  5.48027  4.24447    150 p - - -
          2.68603  4.42235  2.77529  2.73133  3.46363  2.40522  3.72504  3.29363  2.67750  2.69364  4.24699  2.90356  2.73710  3.18156  2.89734  2.37896  2.77510  2.98528  4.58486  3.61513
          0.33315  1.29717  4.60207  0.93133  0.50093  0.76285  0.62799
     38   2.24905  4.27708  3.39574  2.93701  2.55935  3.34646  3.87525  2.84437  2.90915  2.54078  3.52680  3.28285  2.43154  3.22356  3.24696  2.69154  2.80422  2.61499  4.93271  3.61065    154 a - - -
          2.68618  4.42225  2.77519  2.73123  3.46354  2.40513  3.72494  3.29354  2.67741  2.69355  4.24690  2.90347  2.73739  3.18146  2.89801  2.37887  2.77519  2.98518  4.58477  3.61503
          0.05965  3.87972  3.29016  0.61958  0.77255  0.64947  0.73882
     39   1.18711  4.12167  3.40947  3.15288  4.18215  2.92234  4.20558  3.48440  3.19432  3.27430  4.14866  3.29261  3.67377  3.49937  3.48248  1.99514  2.69005  3.00718  5.56567  4.34296    155 a - - -
          2.68623  4.42159  2.77525  2.73128  3.46359  2.40518  3.72500  3.29359  2.67746  2.69360  4.24695  2.90352  2.73745  3.18131  2.89790  2.37892  2.77480  2.98524  4.58482  3.61508
          0.33640  1.28686  4.65379  0.45993  0.99785  0.36077  1.19447
     40   1.83533  4.59122  2.97285  2.70836  4.40959  3.18857  3.99904  3.84238  2.88574  3.47835  4.30118  1.52057  3.83458  3.19526  3.30175  2.33334  2.91904  3.37462  5.68848  4.37722    159 n - - -
          2.68618  4.42225  2.77519  2.73123  3.46354  2.40513  3.72494  3.29354  2.67741  2.69355  4.24690  2.90347  2.73739  3.18146  2.89801  2.37887  2.77519  2.98518  4.58477  3.61503
          0.02304  4.17769  4.90004  0.61958  0.77255  0.48576  0.95510
     41   2.78172  4.72851  3.22531  2.75584  3.20706  3.58390  2.07488  3.36289  2.70097  2.96251  3.87021  3.20226  4.00438  3.07276  3.08162  2.15688  3.02623  3.09595  4.72119  2.42596    160 h - - -
          2.68618  4.42225  2.77519  2.73123  3.46354  2.40513  3.72494  3.29354  2.67741  2.69355  4.24690  2.90347  2.73739  3.18146  2.89801  2.37887  2.77519  2.98518  4.58477  3.61503
          0.02304  4.17769  4.90004  0.61958  0.77255  0.48576  0.95510
     42   3.07799  4.46614  4.66194  4.14215  3.44064  4.28575  4.78197  2.01336  3.99226  1.98262  2.20802  4.35743  4.63089  4.24213  4.17399  3.65169  3.34326  1.11111  5.33048  4.15539    161 v - - -
          2.68618  4.42225  2.77519  2.73123  3.46354  2.40513  3.72494  3.29354  2.67741  2.69355  4.24690  2.90347  2.73739  3.18146  2.89801  2.37887  2.77519  2.98518  4.58477  3.61503
          0.02304  4.17769  4.90004  0.61958  0.77255  0.48576  0.95510
     43   2.67761  5.10948  2.23592  2.32802  4.42545  3.23217  2.70508  3.89259  2.38204  3.40337  4.17301  2.76473  3.81995  2.74307  2.27121  2.47115  2.91367  3.48947  5.55990  4.16607    162 d - - -
          2.68618  4.42225  2.77519  2.73123  3.46354  2.40513  3.72494  3.29354  2.67741  2.69355  4.24690  2.90347  2.73739  3.18146  2.89801  2.37887  2.77519  2.98518  4.58477  3.61503
          0.02304  4.17769  4.90004  0.61958  0.77255  0.48576  0.95510
     44   3.89377  5.14986  4.58999  4.37939  3.04823  4.10015  4.32988  3.94386  4.10271  3.28087  4.56121  4.47055  4.64519  4.47376  4.17328  4.09427  4.21213  3.84196  0.44440  3.03621    163 W - - -
          2.68618  4.42225  2.77519  2.73123  3.46354  2.40513  3.72494  3.29354  2.67741  2.69355  4.24690  2.90347  2.73739  3.18146  2.89801  2.37887  2.77519  2.98518  4.58477  3.61503
          0.02304  4.17769  4.90004  0.61958  0.77255  0.48576  0.95510
     45   2.59422  5.03925  2.77438  1.96946  4.34755  3.40277  3.60988  3.80272  2.00145  3.32841  4.09889  2.89013  3.80848  2.72525  2.76236  2.37270  2.59215  3.24875  5.49811  4.11629    164 e - - -
          2.68618  4.42225  2.77519  2.73123  3.46354  2.40513  3.72494  3.29354  2.67741  2.69355  4.24690  2.90347  2.73739  3.18146  2.89801  2.37887  2.77519  2.98518  4.58477  3.61503
          0.02304  4.17769  4.90004  0.61958  0.77255  0.48576  0.95510
     46   2.97382  5.39608  2.46869  1.14597  4.69286  3.39109  3.79952  4.18210  2.59956  3.68308  4.53572  2.87757  3.94681  2.34337  3.04093  2.90117  3.23613  3.79683  5.82769  4.41848    165 e - - -
          2.68618  4.42225  2.77519  2.73123  3.46354  2.40513  3.72494  3.29354  2.67741  2.69355  4.24690  2.90347  2.73739  3.18146  2.89801  2.37887  2.77519  2.98518  4.58477  3.61503
          0.02304  4.17769  4.90004  0.61958  0.77255  0.48576  0.95510
     47   2.38227  4.29287  3.56841  3.30785  4.28795  3.10297  4.34080  3.57513  3.29428  3.37768  4.27216  3.45545  3.84606  3.63847  3.56912  2.30163  0.97313  3.12747  5.67888  4.44912    166 t - - -
          2.68618  4.42225  2.77519  2.73123  3.46354  2.40513  3.72494  3.29354  2.67741  2.69355  4.24690  2.90347  2.73739  3.18146  2.89801  2.37887  2.77519  2.98518  4.58477  3.61503
          0.02304  4.17769  4.90004  0.61958  0.77255  0.48576  0.95510
     48   1.41554  4.30467  3.46421  3.15284  4.34376  3.08114  4.24686  3.72362  3.20182  3.42815  4.26669  3.36229  1.69413  3.50551  3.53257  2.37242  2.82216  3.22333  5.68864  4.46147    167 a - - -
          2.68618  4.42225  2.77519  2.73123  3.46354  2.40513  3.72494  3.29354  2.67741  2.69355  4.24690  2.90347  2.73739  3.18146  2.89801  2.37887  2.77519  2.98518  4.58477  3.61503
          0.02304  4.17769  4.90004  0.61958  0.77255  0.48576  0.95510
     49   1.88069  5.04644  2.25903  2.04402  4.38049  3.36339  3.70641  3.81639  2.54264  3.38392  4.18519  2.88610  3.84506  2.84680  3.04035  2.69412  2.47530  3.43857  5.58687  4.19976    168 a - - -
          2.68618  4.42225  2.77519  2.73123  3.46354  2.40513  3.72494  3.29354  2.67741  2.69355  4.24690  2.90347  2.73739  3.18146  2.89801  2.37887  2.77519  2.98518  4.58477  3.61503
          0.02304  4.17769  4.90004  0.61958  0.77255  0.48576  0.95510
     50   1.13305  4.23448  3.63148  3.35199  4.41301  3.02609  4.38689  3.78204  3.39309  3.51842  4.35653  3.44979  3.79121  3.67462  3.68398  1.55212  2.80264  3.23599  5.77290  4.56814    169 a - - -
          2.68618  4.42225  2.77519  2.73123  3.46354  2.40513  3.72494  3.29354  2.67741  2.69355  4.24690  2.90347  2.73739  3.18146  2.89801  2.37887  2.77519  2.98518  4.58477  3.61503
          0.02304  4.17769  4.90004  0.61958  0.77255  0.48576  0.95510
     51   3.39076  5.13356  3.48250  3.28364  3.54702  3.74669  0.63500  4.14234  3.12068  3.59217  4.66782  3.67619  4.32106  3.65701  3.36235  3.46201  3.70912  3.87194  5.00486  3.49150    170 H - - -
          2.68618  4.42225  2.77519  2.73123  3.46354  2.40513  3.72494  3.29354  2.67741  2.69355  4.24690  2.90347  2.73739  3.18146  2.89801  2.37887  2.77519  2.98518  4.58477  3.61503
          0.02304  4.17769  4.90004  0.61958  0.77255  0.48576  0.95510
     52   3.06804  4.40007  4.76724  4.21838  3.47431  4.37584  4.80765  1.58436  4.10366  1.55048  3.30911  4.42059  4.66934  4.31422  4.26835  3.71793  2.93876  1.38826  5.32576  4.16071    171 v - - -
          2.68618  4.42225  2.77519  2.73123  3.46354  2.40513  3.72494  3.29354  2.67741  2.69355  4.24690  2.90347  2.73739  3.18146  2.89801  2.37887  2.77519  2.98518  4.58477  3.61503
          0.02304  4.17769  4.90004  0.61958  0.77255  0.48576  0.95510
     53   3.85318  5.03127  4.84462  4.57795  0.89454  4.56611  3.56074  3.48864  4.40895  2.78010  4.07360  4.23261  4.86433  4.31397  4.39111  3.94792  4.07203  3.42920  3.68030  1.41562    172 f - - -
          2.68618  4.42225  2.77519  2.73123  3.46354  2.40513  3.72494  3.29354  2.67741  2.69355  4.24690  2.90347  2.73739  3.18146  2.89801  2.37887  2.77519  2.98518  4.58477  3.61503
          0.02304  4.17769  4.90004  0.61958  0.77255  0.48576  0.95510
     54   2.52204  4.36324  3.50994  3.03698  3.78017  3.35987  4.01824  3.06993  2.96082  2.79551  2.40087  3.36357  3.91956  3.30931  3.29447  1.49185  2.72474  2.79776  5.22612  3.97964    173 s - - -
          2.68618  4.42225  2.77519  2.73123  3.46354  2.40513  3.72494  3.29354  2.67741  2.69355  4.24690  2.90347  2.73739  3.18146  2.89801  2.37887  2.77519  2.98518  4.58477  3.61503
          0.02304  4.17769  4.90004  0.61958  0.77255  0.48576  0.95510
     55   0.90719  4.26311  3.87523  3.55638  4.11292  3.19235  4.47387  3.05046  3.49836  3.03491  4.06517  3.62361  3.92560  3.80878  3.74893  2.65193  2.89633  2.43266  5.63375  4.41809    174 a - - -
          2.68618  4.42225  2.77519  2.73123  3.46354  2.40513  3.72494  3.29354  2.67741  2.69355  4.24690  2.90347  2.73739  3.18146  2.89801  2.37887  2.77519  2.98518  4.58477  3.61503
          0.02304  4.17769  4.90004  0.61958  0.77255  0.48576  0.95510
     56   2.86692  5.27553  1.37881  2.26934  4.72191  3.28894  3.84652  4.23468  2.81466  3.76174  4.58753  2.62103  3.89502  3.00967  3.37013  1.88275  3.17722  3.79144  5.92424  4.46510    175 d - - -
          2.68618  4.42225  2.77519  2.73123  3.46354  2.40513  3.72494  3.29354  2.67741  2.69355  4.24690  2.90347  2.73739  3.18146  2.89801  2.37887  2.77519  2.98518  4.58477  3.61503
          0.02304  4.17769  4.90004  0.61958  0.77255  0.48576  0.95510
     57   3.46909  4.76757  5.08545  4.51685  3.13047  4.75457  5.04327  2.01155  4.36439  0.78210  2.45964  4.78112  4.88866  4.43586  4.45802  4.11176  3.68433  2.35695  5.27272  4.24136    176 l - - -
          2.68618  4.42225  2.77519  2.73123  3.46354  2.40513  3.72494  3.29354  2.67741  2.69355  4.24690  2.90347  2.73739  3.18146  2.89801  2.37887  2.77519  2.98518  4.58477  3.61503
          0.02304  4.17769  4.90004  0.61958  0.77255  0.48576  0.95510
     58   3.21011  4.90433  3.85185  3.74270  4.69379  3.57515  4.78519  4.33063  3.82875  3.91863  4.98859  4.01364  0.41571  4.20759  4.02986  3.38951  3.67746  3.93868  5.78438  4.82198    177 P - - -
          2.68618  4.42225  2.77519  2.73123  3.46354  2.40513  3.72494  3.29354  2.67741  2.69355  4.24690  2.90347  2.73739  3.18146  2.89801  2.37887  2.77519  2.98518  4.58477  3.61503
          0.02304  4.17769  4.90004  0.61958  0.77255  0.48576  0.95510
     59   3.09060  4.82433  3.82591  3.76935  4.88443  0.38275  4.85989  4.56929  3.99151  4.18081  5.16685  3.99162  4.22420  4.29209  4.18354  3.27296  3.59535  4.03840  5.88777  5.00042    178 G - - -
          2.68618  4.42225  2.77519  2.73123  3.46354  2.40513  3.72494  3.29354  2.67741  2.69355  4.24690  2.90347  2.73739  3.18146  2.89801  2.37887  2.77519  2.98518  4.58477  3.61503
          0.02304  4.17769  4.90004  0.61958  0.77255  0.48576  0.95510
     60   3.03793  4.41696  4.61629  4.08181  3.31130  4.27612  4.72375  1.96844  3.96397  1.72004  3.33132  4.30821  4.60791  4.20476  4.15951  3.62188  3.05334  1.10543  5.29983  4.10124    179 v - - -
          2.68618  4.42225  2.77519  2.73123  3.46354  2.40513  3.72494  3.29354  2.67741  2.69355  4.24690  2.90347  2.73739  3.18146  2.89801  2.37887  2.77519  2.98518  4.58477  3.61503
          0.02304  4.17769  4.90004  0.61958  0.77255  0.48576  0.95510
     61   3.22635  5.23741  3.68529  3.02215  4.70757  3.78796  3.75437  4.07495  1.86245  3.51885  4.42419  3.38381  4.17929  2.90273  0.92551  3.24046  3.39851  3.77247  5.53737  4.39948    180 r - - -
          2.68618  4.42225  2.77519  2.73123  3.46354  2.40513  3.72494  3.29354  2.67741  2.69355  4.24690  2.90347  2.73739  3.18146  2.89801  2.37887  2.77519  2.98518  4.58477  3.61503
          0.02304  4.17769  4.90004  0.61958  0.77255  0.48576  0.95510
     62   3.20340  5.31275  3.64982  2.93263  4.81430  3.79352  3.68997  4.14312  1.08017  3.54773  4.42185  3.31666  4.14901  2.82030  1.62091  3.18871  3.35345  3.82279  5.55529  4.41467    181 k - - -
          2.68618  4.42225  2.77519  2.73123  3.46354  2.40513  3.72494  3.29354  2.67741  2.69355  4.24690  2.90347  2.73739  3.18146  2.89801  2.37887  2.77519  2.98518  4.58477  3.61503
          0.02304  4.17769  4.90004  0.61958  0.77255  0.48576  0.95510
     63   3.06195  5.63650  1.84308  1.03458  4.92906  3.31977  3.87286  4.45538  2.89420  3.95180  4.80975  2.78563  3.94636  3.04078  3.49018  2.94087  3.35268  4.02447  6.09291  4.58928    182 e - - -
          2.68618  4.42225  2.77519  2.73123  3.46354  2.40513  3.72494  3.29354  2.67741  2.69355  4.24690  2.90347  2.73739  3.18146  2.89801  2.37887  2.77519  2.98518  4.58477  3.61503
          0.02304  4.17769  4.90004  0.61958  0.77255  0.48576  0.95510
     64   3.08103  5.51045  2.23468  0.88192  4.83463  3.35940  3.92091  4.33955  2.90127  3.88250  4.76575  2.86931  3.98233  3.10055  3.43783  2.98784  3.37683  3.94143  6.00155  4.56575    183 e - - -
          2.68618  4.42225  2.77519  2.73123  3.46354  2.40513  3.72494  3.29354  2.67741  2.69355  4.24690  2.90347  2.73739  3.18146  2.89801  2.37887  2.77519  2.98518  4.58477  3.61503
          0.02304  4.17769  4.90004  0.61958  0.77255  0.48576  0.95510
     65   3.23920  4.50253  5.07366  4.55986  3.61239  4.68217  5.21636  1.13085  4.45686  1.90203  3.39603  4.76306  4.92882  4.67563  4.62212  4.06669  3.49053  1.28595  5.62669  4.45124    184 i - - -
          2.68618  4.42225  2.77519  2.73123  3.46354  2.40513  3.72494  3.29354  2.67741  2.69355  4.24690  2.90347  2.73739  3.18146  2.89801  2.37887  2.77519  2.98518  4.58477  3.61503
          0.02304  4.17769  4.90004  0.61958  0.77255  0.48576  0.95510
     66   3.22688  5.32094  3.70323  2.96094  4.83101  3.81214  3.68981  4.15142  1.35450  3.55105  4.42864  3.33520  4.16203  2.82030  1.24938  3.21289  3.37089  3.83514  5.55369  4.42343    185 r - - -
          2.68618  4.42225  2.77519  2.73123  3.46354  2.40513  3.72494  3.29354  2.67741  2.69355  4.24690  2.90347  2.73739  3.18146  2.89801  2.37887  2.77519  2.98518  4.58477  3.61503
          0.02304  4.17769  4.90004  0.61958  0.77255  0.48576  0.95510
     67   3.09736  4.50388  4.66732  4.24652  3.64592  4.25339  4.96454  1.92788  4.08041  2.12917  3.53645  4.42967  4.69317  4.41231  4.27811  3.69163  3.40762  0.82194  5.55596  4.28422    186 v - - -
          2.68618  4.42225  2.77519  2.73123  3.46354  2.40513  3.72494  3.29354  2.67741  2.69355  4.24690  2.90347  2.73739  3.18146  2.89801  2.37887  2.77519  2.98518  4.58477  3.61503
          0.02304  4.17769  4.90004  0.61958  0.77255  0.48576  0.95510
     68   3.25387  5.39378  2.66466  0.65765  4.78433  3.49954  4.12815  4.30197  3.05074  3.87432  4.84717  3.15484  4.12230  3.34514  3.48285  3.21173  3.56439  3.95853  5.89702  4.63492    187 E - - -
          2.68618  4.42225  2.77519  2.73123  3.46354  2.40513  3.72494  3.29354  2.67741  2.69355  4.24690  2.90347  2.73739  3.18146  2.89801  2.37887  2.77519  2.98518  4.58477  3.61503
          0.02304  4.17769  4.90004  0.61958  0.77255  0.48576  0.95510
     69   3.19407  4.49895  4.91187  4.40257  3.61010  4.55986  5.09345  1.70541  4.27862  1.94091  3.42142  4.62427  4.85083  4.53862  4.47125  3.94115  3.45400  0.90209  5.58421  4.37831    188 v - - -
          2.68618  4.42225  2.77519  2.73123  3.46354  2.40513  3.72494  3.29354  2.67741  2.69355  4.24690  2.90347  2.73739  3.18146  2.89801  2.37887  2.77519  2.98518  4.58477  3.61503
          0.02304  4.17769  4.90004  0.61958  0.77255  0.48576  0.95510
     70   3.25387  5.39378  2.66466  0.65765  4.78433  3.49954  4.12815  4.30197  3.05074  3.87432  4.84717  3.15484  4.12230  3.34514  3.48285  3.21173  3.56439  3.95853  5.89702  4.63492    189 E - - -
          2.68618  4.42225  2.77519  2.73123  3.46354  2.40513  3.72494  3.29354  2.67741  2.69355  4.24690  2.90347  2.73739  3.18146  2.89801  2.37887  2.77519  2.98518  4.58477  3.61503
          0.02304  4.17769  4.90004  0.61958  0.77255  0.48576  0.95510
     71   3.10746  5.73073  1.10456  1.60354  5.01207  3.30690  3.89417  4.55453  2.96372  4.03906  4.91029  2.76519  3.95467  3.06752  3.59343  2.96891  3.40606  4.11251  6.18137  4.64711    190 d - - -
          2.68618  4.42225  2.77519  2.73123  3.46354  2.40513  3.72494  3.29354  2.67741  2.69355  4.24690  2.90347  2.73739  3.18146  2.89801  2.37887  2.77519  2.98518  4.58477  3.61503
          0.02304  4.17769  4.90004  0.61958  0.77255  0.48576  0.95510
     72   1.97740  4.82225  2.81858  1.93488  4.33327  3.11109  3.79210  3.76465  2.63464  3.35618  4.16655  2.97813  3.83966  2.95094  3.09968  1.91156  2.93075  3.36700  5.57305  4.22479    191 s - - -
          2.68618  4.42225  2.77519  2.73123  3.46354  2.40513  3.72494  3.29354  2.67741  2.69355  4.24690  2.90347  2.73739  3.18146  2.89801  2.37887  2.77519  2.98518  4.58477  3.61503
          0.02304  4.17769  4.90004  0.61958  0.77255  0.48576  0.95510
     73   2.74377  4.81833  3.24830  2.64230  4.06708  3.55807  3.68052  2.96272  1.94434  3.04684  3.34423  3.11480  3.93367  2.84696  1.81104  2.72043  2.95834  3.14814  5.28868  4.01897    192 r - - -
          2.68618  4.42225  2.77519  2.73123  3.46354  2.40513  3.72494  3.29354  2.67741  2.69355  4.24690  2.90347  2.73739  3.18146  2.89801  2.37887  2.77519  2.98518  4.58477  3.61503
          0.02304  4.17769  4.90004  0.61958  0.77255  0.48576  0.95510
     74   3.00229  4.47889  4.20533  3.69167  2.73148  4.01746  3.95890  2.61827  3.53433  2.03703  3.43087  3.88299  4.37561  3.78177  3.73790  3.33289  3.24268  2.06775  4.39613  1.43235    193 y - - -
          2.68618  4.42225  2.77519  2.73123  3.46354  2.40513  3.72494  3.29354  2.67741  2.69355  4.24690  2.90347  2.73739  3.18146  2.89801  2.37887  2.77519  2.98518  4.58477  3.61503
          0.02304  4.17769  4.90004  0.61958  0.77255  0.48576  0.95510
     75   3.37856  4.77658  4.77303  4.32162  3.18545  4.46497  4.89506  2.29136  4.08708  0.70721  3.05640  4.55868  4.77626  4.32890  4.22554  3.89868  3.64933  2.28232  5.25205  4.06633    194 l - - -
          2.68618  4.42225  2.77519  2.73123  3.46354  2.40513  3.72494  3.29354  2.67741  2.69355  4.24690  2.90347  2.73739  3.18146  2.89801  2.37887  2.77519  2.98518  4.58477  3.61503
          0.02304  4.17769  4.90004  0.61958  0.77255  0.48576  0.95510
     76   2.68931  4.32909  3.69819  3.11553  3.47603  3.69281  3.94292  1.97817  2.70098  2.47295  3.42800  3.47794  4.06786  3.29644  2.52406  2.96652  2.92120  1.89055  4.95629  3.73865    195 v - - -
          2.68618  4.42225  2.77519  2.73123  3.46354  2.40513  3.72494  3.29354  2.67741  2.69355  4.24690  2.90347  2.73739  3.18146  2.89801  2.37887  2.77519  2.98518  4.58477  3.61503
          0.02304  4.17769  4.90004  0.61958  0.77255  0.48576  0.95510
     77   3.27710  4.62568  4.74879  4.38510  3.59943  4.38120  5.06717  0.76348  4.21971  2.13425  3.49891  4.58968  4.79312  4.54333  4.38311  3.91595  3.57484  1.90415  5.54579  4.30365    196 i - - -
          2.68618  4.42225  2.77519  2.73123  3.46354  2.40513  3.72494  3.29354  2.67741  2.69355  4.24690  2.90347  2.73739  3.18146  2.89801  2.37887  2.77519  2.98518  4.58477  3.61503
          0.02304  4.17769  4.90004  0.61958  0.77255  0.48576  0.95510
     78   2.77515  4.83506  3.32980  2.82807  4.39174  3.46130  3.82060  3.83234  2.31771  3.38858  4.24483  3.22734  3.97227  2.98902  1.33470  2.01862  3.07355  3.45735  5.51074  4.25929    197 r - - -
          2.68618  4.42225  2.77519  2.73123  3.46354  2.40513  3.72494  3.29354  2.67741  2.69355  4.24690  2.90347  2.73739  3.18146  2.89801  2.37887  2.77519  2.98518  4.58477  3.61503
          0.02304  4.17769  4.90004  0.61958  0.77255  0.48576  0.95510
     79   2.38727  4.31885  3.50264  3.23888  4.38760  1.92175  4.32595  3.74751  3.29600  3.47990  4.33516  3.42174  3.83424  3.60406  3.60154  2.56550  1.17005  3.24829  5.72779  4.52225    198 t - - -
          2.68618  4.42225  2.77519  2.73123  3.46354  2.40513  3.72494  3.29354  2.67741  2.69355  4.24690  2.90347  2.73739  3.18146  2.89801  2.37887  2.77519  2.98518  4.58477  3.61503
          0.02304  4.17769  4.90004  0.61958  0.77255  0.48576  0.95510
     80   2.74742  5.29242  2.55008  1.44348  4.61326  3.39085  3.74237  4.07266  2.51493  3.58387  4.40643  2.87583  3.90764  1.97746  2.95882  2.81928  3.12798  3.68345  5.74321  4.34445    199 e - - -
          2.68618  4.42225  2.77519  2.73123  3.46354  2.40513  3.72494  3.29354  2.67741  2.69355  4.24690  2.90347  2.73739  3.18146  2.89801  2.37887  2.77519  2.98518  4.58477  3.61503
          0.02304  4.17769  4.90004  0.61958  0.77255  0.48576  0.95510
     81   2.09591  4.59625  3.30023  2.65711  3.80480  3.54327  3.76704  3.13767  2.52464  2.11653  3.70775  3.19274  3.94504  2.98939  2.20522  2.80801  2.91718  2.88644  5.15619  3.89869    200 a - - -
          2.68618  4.42225  2.77519  2.73123  3.46354  2.40513  3.72494  3.29354  2.67741  2.69355  4.24690  2.90347  2.73739  3.18146  2.89801  2.37887  2.77519  2.98518  4.58477  3.61503
          0.17853  4.17769  1.90939  0.61958  0.77255  0.48576  0.95510
     82   2.32670  4.53413  2.88041  2.59155  3.72431  3.45982  3.69245  2.69586  2.56988  2.76172  3.45328  3.07218  3.85012  2.51484  2.99354  2.68483  2.64697  2.58589  5.09284  3.80987    201 a - - -
          2.68619  4.42226  2.77520  2.73124  3.46355  2.40513  3.72495  3.29355  2.67742  2.69356  4.24658  2.90347  2.73733  3.18147  2.89801  2.37888  2.77520  2.98519  4.58478  3.61504
          0.07230  3.04445  3.81081  0.63701  0.75263  0.39697  1.11583
     83   2.64519  5.17362  1.79515  2.30366  4.51036  3.36664  3.67775  3.98197  2.47094  3.49323  4.27624  2.54110  3.84214  2.80448  2.24617  2.57336  2.98853  3.57330  5.65148  4.24523    204 d - - -
          2.68618  4.42225  2.77519  2.73123  3.46354  2.40513  3.72494  3.29354  2.67741  2.69355  4.24690  2.90347  2.73739  3.18146  2.89801  2.37887  2.77519  2.98518  4.58477  3.61503
          0.02332  4.16606  4.88840  0.61958  0.77255  0.47696  0.96934
     84   2.08672  5.12794  2.33963  1.98137  4.43984  2.78216  3.65138  3.90703  2.39401  3.42651  4.20209  2.85670  3.51395  2.77329  2.88543  2.66107  2.93797  3.50547  5.59546  4.19113    205 e - - -
          2.68618  4.42225  2.77519  2.73123  3.46354  2.40513  3.72494  3.29354  2.67741  2.69355  4.24690  2.90347  2.73739  3.18146  2.89801  2.37887  2.77519  2.98518  4.58477  3.61503
          0.04178  4.17769  3.66580  0.61958  0.77255  0.48576  0.95510
     85   1.96732  4.75545  2.49536  2.49161  4.22701  2.78904  3.72891  3.65995  2.54412  3.24800  4.04670  2.98526  3.36036  2.87729  3.01000  2.24830  2.75736  3.09269  5.46682  4.12595    206 a - - -
          2.68618  4.42225  2.77519  2.73123  3.46354  2.40513  3.72494  3.29354  2.67741  2.69355  4.24690  2.90347  2.73739  3.18146  2.89801  2.37887  2.77519  2.98518  4.58477  3.61503
          0.02347  4.15939  4.88174  0.61958  0.77255  0.50799  0.92056
     86   2.83370  5.30429  1.82573  1.72041  4.61962  3.33298  3.74310  4.08923  2.63449  3.61579  4.42209  2.81139  3.86889  2.88563  3.16973  2.76959  2.14696  3.68222  5.79057  4.34896    207 e - - -
          2.68618  4.42225  2.77519  2.73123  3.46354  2.40513  3.72494  3.29354  2.67741  2.69355  4.24690  2.90347  2.73739  3.18146  2.89801  2.37887  2.77519  2.98518  4.58477  3.61503
          0.02347  4.15939  4.88174  0.61958  0.77255  0.50799  0.92056
     87   2.64468  5.25652  2.21836  1.72450  4.57161  2.79539  3.66566  4.05848  2.32785  3.54926  4.32120  2.81782  3.83151  2.49746  2.99969  2.58351  2.99445  3.63401  5.69780  4.26636    208 e - - -
          2.68618  4.42225  2.77519  2.73123  3.46354  2.40513  3.72494  3.29354  2.67741  2.69355  4.24690  2.90347  2.73739  3.18146  2.89801  2.37887  2.77519  2.98518  4.58477  3.61503
          0.02347  4.15939  4.88174  0.61958  0.77255  0.50799  0.92056
     88   2.31870  4.99417  2.52348  2.36592  4.32942  3.38084  3.64985  3.77403  2.00319  3.32212  4.10819  2.90096  2.57312  2.77771  2.89828  2.64289  2.75234  3.39123  5.50947  4.13534    209 k - - -
          2.68618  4.42225  2.77519  2.73123  3.46354  2.40513  3.72494  3.29354  2.67741  2.69355  4.24690  2.90347  2.73739  3.18146  2.89801  2.37887  2.77519  2.98518  4.58477  3.61503
          0.25752  4.15939  1.55393  0.61958  0.77255  0.50799  0.92056
     89   2.73896  4.50862  3.42481  3.33167  4.47302  0.64365  4.44840  4.08692  3.52097  3.73368  4.70986  3.58907  3.90165  3.84045  3.75060  2.91255  3.22478  3.60386  5.55266  4.57689    210 G - - -
          2.68635  4.42257  2.77516  2.73096  3.46386  2.40492  3.72411  3.29386  2.67773  2.69387  4.24721  2.90378  2.73771  3.18178  2.89681  2.37888  2.77551  2.98485  4.58236  3.61535
          0.38883  1.16276  4.65379  1.80828  0.17905  0.38648  1.13771
     90   1.93163  4.61332  3.15284  2.60453  3.88590  3.43537  3.72448  3.15356  2.55580  2.79464  3.77118  2.87318  3.85886  2.91870  2.64733  2.23810  2.83977  2.91232  5.21413  3.92226    220 a - - -
          2.68618  4.42225  2.77519  2.73123  3.46354  2.40513  3.72494  3.29354  2.67741  2.69355  4.24690  2.90347  2.73739  3.18146  2.89801  2.37887  2.77519  2.98518  4.58477  3.61503
          0.02347  4.15939  4.88174  0.61958  0.77255  0.47211  0.97733
     91   2.76441  5.19198  2.56120  2.09495  4.54149  3.44866  3.63363  3.99205  1.94649  3.47112  4.24983  2.92234  3.86934  2.74826  1.86285  2.72547  2.98892  3.58895  5.59282  4.23157    221 r - - -
          2.68618  4.42225  2.77519  2.73123  3.46354  2.40513  3.72494  3.29354  2.67741  2.69355  4.24690  2.90347  2.73739  3.18146  2.89801  2.37887  2.77519  2.98518  4.58477  3.61503
          0.02304  4.17769  4.90004  0.61958  0.77255  0.48576  0.95510
     92   2.68191  4.94295  2.88423  2.46371  4.28638  3.43099  3.66709  3.71249  2.27018  3.27020  4.07362  2.90929  3.85830  2.80381  2.19835  1.80408  2.78397  3.35167  5.45995  4.12576    222 s - - -
          2.68618  4.42225  2.77519  2.73123  3.46354  2.40513  3.72494  3.29354  2.67741  2.69355  4.24690  2.90347  2.73739  3.18146  2.89801  2.37887  2.77519  2.98518  4.58477  3.61503
          0.02304  4.17769  4.90004  0.61958  0.77255  0.48576  0.95510
     93   3.67518  4.99013  4.66062  4.44274  0.61918  4.27249  4.05219  3.17314  4.34514  2.47663  3.86346  4.37824  4.73138  4.43075  4.38869  3.92222  3.98010  3.18469  4.22879  2.56498    223 F - - -
          2.68618  4.42225  2.77519  2.73123  3.46354  2.40513  3.72494  3.29354  2.67741  2.69355  4.24690  2.90347  2.73739  3.18146  2.89801  2.37887  2.77519  2.98518  4.58477  3.61503
          0.02304  4.17769  4.90004  0.61958  0.77255  0.48576  0.95510
     94   2.39470  4.67753  2.93070  2.43910  3.88677  2.89529  3.68472  3.28339  2.41218  2.92508  3.19641  2.91999  3.85557  2.86821  2.97091  2.53847  2.84014  2.40665  5.20922  3.90348    224 a - - -
          2.68618  4.42225  2.77519  2.73123  3.46354  2.40513  3.72494  3.29354  2.67741  2.69355  4.24690  2.90347  2.73739  3.18146  2.89801  2.37887  2.77519  2.98518  4.58477  3.61503
          0.02304  4.17769  4.90004  0.61958  0.77255  0.48576  0.95510
     95   3.38485  5.18023  3.90988  3.37024  4.61446  3.79923  4.09427  4.18743  2.42538  3.64790  4.64942  3.70156  4.29544  3.30762  0.59808  3.46022  3.63536  3.90037  5.57832  4.48594    225 R - - -
          2.68618  4.42225  2.77519  2.73123  3.46354  2.40513  3.72494  3.29354  2.67741  2.69355  4.24690  2.90347  2.73739  3.18146  2.89801  2.37887  2.77519  2.98518  4.58477  3.61503
          0.02304  4.17769  4.90004  0.61958  0.77255  0.48576  0.95510
     96   2.82375  4.93416  3.19277  2.71576  4.40846  3.50554  3.77461  3.73610  1.29617  3.33832  4.20431  3.16109  3.97719  2.93009  2.57666  2.86833  2.16786  3.40009  5.52032  4.26321    226 k - - -
          2.68618  4.42225  2.77519  2.73123  3.46354  2.40513  3.72494  3.29354  2.67741  2.69355  4.24690  2.90347  2.73739  3.18146  2.89801  2.37887  2.77519  2.98518  4.58477  3.61503
          0.02304  4.17769  4.90004  0.61958  0.77255  0.48576  0.95510
     97   3.14255  4.54163  4.63031  4.15785  1.35952  4.22065  4.32463  2.35120  4.02793  1.98343  3.29540  4.25900  4.58199  4.17918  4.15817  3.59303  3.40853  1.71316  4.65412  3.15566    227 f - - -
          2.68618  4.42225  2.77519  2.73123  3.46354  2.40513  3.72494  3.29354  2.67741  2.69355  4.24690  2.90347  2.73739  3.18146  2.89801  2.37887  2.77519  2.98518  4.58477  3.61503
          0.02304  4.17769  4.90004  0.61958  0.77255  0.48576  0.95510
     98   3.38485  5.18023  3.90988  3.37024  4.61446  3.79923  4.09427  4.18743  2.42538  3.64790  4.64942  3.70156  4.29544  3.30762  0.59808  3.46022  3.63536  3.90037  5.57832  4.48594    228 R - - -
          2.68618  4.42225  2.77519  2.73123  3.46354  2.40513  3.72494  3.29354  2.67741  2.69355  4.24690  2.90347  2.73739  3.18146  2.89801  2.37887  2.77519  2.98518  4.58477  3.61503
          0.02304  4.17769  4.90004  0.61958  0.77255  0.48576  0.95510
     99   3.44790  4.81762  4.82725  4.36604  3.15046  4.55492  4.90568  2.23478  4.11166  0.68150  3.03143  4.61537  4.82481  4.35114  4.24283  3.98994  3.70361  2.41170  5.22687  4.02930    229 L - - -
          2.68618  4.42225  2.77519  2.73123  3.46354  2.40513  3.72494  3.29354  2.67741  2.69355  4.24690  2.90347  2.73739  3.18146  2.89801  2.37887  2.77519  2.98518  4.58477  3.61503
          0.02304  4.17769  4.90004  0.61958  0.77255  0.48576  0.95510
    100   3.21011  4.90433  3.85185  3.74270  4.69379  3.57515  4.78519  4.33063  3.82875  3.91863  4.98859  4.01364  0.41571  4.20759  4.02986  3.38951  3.67746  3.93868  5.78438  4.82198    230 P - - -
          2.68618  4.42225  2.77519  2.73123  3.46354  2.40513  3.72494  3.29354  2.67741  2.69355  4.24690  2.90347  2.73739  3.18146  2.89801  2.37887  2.77519  2.98518  4.58477  3.61503
          0.02304  4.17769  4.90004  0.61958  0.77255  0.48576  0.95510
    101   2.45390  4.91840  2.66034  2.21939  4.27268  2.19927  3.70236  3.70785  2.52444  3.28534  4.08837  2.92872  2.63201  2.84709  3.00501  2.66205  2.91315  3.15329  5.50048  4.13801    231 g - - -
          2.68618  4.42225  2.77519  2.73123  3.46354  2.40513  3.72494  3.29354  2.67741  2.69355  4.24690  2.90347  2.73739  3.18146  2.89801  2.37887  2.77519  2.98518  4.58477  3.61503
          0.02304  4.17769  4.90004  0.61958  0.77255  0.48576  0.95510
    102   2.62484  4.61475  3.16393  2.61460  3.81389  3.30622  3.71513  3.20102  2.54763  2.70246  2.42135  2.43141  3.88611  2.83190  2.75505  2.57887  2.85782  2.92778  5.15643  3.87217    232 m - - -
          2.68618  4.42225  2.77519  2.73123  3.46354  2.40513  3.72494  3.29354  2.67741  2.69355  4.24690  2.90347  2.73739  3.18146  2.89801  2.37887  2.77519  2.98518  4.58477  3.61503
          0.02304  4.17769  4.90004  0.61958  0.77255  0.48576  0.95510
    103   2.10093  4.35101  4.47612  3.95975  3.64656  4.10025  4.68600  1.69916  3.86523  2.34960  3.50616  4.17953  4.50957  4.13618  4.09463  3.45805  3.20117  1.19630  5.39380  4.18537    233 v - - -
          2.68618  4.42225  2.77519  2.73123  3.46354  2.40513  3.72494  3.29354  2.67741  2.69355  4.24690  2.90347  2.73739  3.18146  2.89801  2.37887  2.77519  2.98518  4.58477  3.61503
          0.02304  4.17769  4.90004  0.61958  0.77255  0.48576  0.95510
    104   3.05036  5.58604  1.12631  2.20410  4.90328  3.30063  3.89684  4.48025  2.95148  3.98117  4.84620  1.91221  3.94603  3.07385  3.55966  2.93830  3.35949  4.03495  6.10257  4.58331    234 d - - -
          2.68618  4.42225  2.77519  2.73123  3.46354  2.40513  3.72494  3.29354  2.67741  2.69355  4.24690  2.90347  2.73739  3.18146  2.89801  2.37887  2.77519  2.98518  4.58477  3.61503
          0.02304  4.17769  4.90004  0.61958  0.77255  0.48576  0.95510
    105   2.43283  4.22075  4.12742  3.55689  3.36442  3.87970  4.21820  2.03513  3.46101  2.14184  2.89272  3.82077  4.24016  3.70971  3.69115  3.17255  2.25674  1.68612  4.95428  3.75670    235 v - - -
          2.68618  4.42225  2.77519  2.73123  3.46354  2.40513  3.72494  3.29354  2.67741  2.69355  4.24690  2.90347  2.73739  3.18146  2.89801  2.37887  2.77519  2.98518  4.58477  3.61503
          0.02304  4.17769  4.90004  0.61958  0.77255  0.48576  0.95510
    106   2.69873  5.19109  1.31414  2.17023  4.47831  3.36121  3.77455  3.30461  2.67295  3.47874  4.32162  2.86111  3.89394  2.93064  3.19132  2.79512  3.09804  3.49903  5.71339  4.29894    236 d - - -
          2.68618  4.42225  2.77519  2.73123  3.46354  2.40513  3.72494  3.29354  2.67741  2.69355  4.24690  2.90347  2.73739  3.18146  2.89801  2.37887  2.77519  2.98518  4.58477  3.61503
          0.02304  4.17769  4.90004  0.61958  0.77255  0.48576  0.95510
    107   2.19968  4.40134  3.30501  3.11847  4.48756  0.97779  4.29712  3.91102  3.22230  3.59628  4.45099  3.36141  3.85223  3.56151  3.30140  2.60615  2.92612  3.38005  5.79557  4.57092    237 g - - -
          2.68618  4.42225  2.77519  2.73123  3.46354  2.40513  3.72494  3.29354  2.67741  2.69355  4.24690  2.90347  2.73739  3.18146  2.89801  2.37887  2.77519  2.98518  4.58477  3.61503
          0.02304  4.17769  4.90004  0.61958  0.77255  0.48576  0.95510
    108   2.60034  4.41135  4.74440  4.24204  3.67589  4.33766  4.94427  1.07851  4.13832  2.26411  3.49584  4.44112  4.70102  4.40325  4.34072  3.71417  3.32992  1.46349  5.53999  4.33825    238 i - - -
          2.68618  4.42225  2.77519  2.73123  3.46354  2.40513  3.72494  3.29354  2.67741  2.69355  4.24690  2.90347  2.73739  3.18146  2.89801  2.37887  2.77519  2.98518  4.58477  3.61503
          0.02304  4.17769  4.90004  0.61958  0.77255  0.48576  0.95510
    109   2.29455  4.84743  2.93271  2.47971  4.18138  3.39971  3.12115  3.61846  2.47898  3.20702  4.02317  2.98725  3.85259  2.42966  2.91143  1.80432  2.90892  3.26914  5.42166  4.08419    239 s - - -
          2.68618  4.42225  2.77519  2.73123  3.46354  2.40513  3.72494  3.29354  2.67741  2.69355  4.24690  2.90347  2.73739  3.18146  2.89801  2.37887  2.77519  2.98518  4.58477  3.61503
          0.02304  4.17769  4.90004  0.61958  0.77255  0.48576  0.95510
    110   0.65001  4.37460  3.80206  3.62100  4.38543  3.18859  4.60261  3.55896  3.64601  3.42536  4.43209  3.68396  3.95775  3.96037  3.86708  2.72672  3.02591  3.15860  5.78074  4.61973    240 A - - -
          2.68618  4.42225  2.77519  2.73123  3.46354  2.40513  3.72494  3.29354  2.67741  2.69355  4.24690  2.90347  2.73739  3.18146  2.89801  2.37887  2.77519  2.98518  4.58477  3.61503
          0.02304  4.17769  4.90004  0.61958  0.77255  0.48576  0.95510
    111   1.63567  4.72094  2.85694  2.16465  4.31414  2.20952  3.87036  3.73217  2.74546  3.35147  4.17601  3.03185  3.84716  3.05008  3.19460  2.56587  2.93573  3.33028  5.58654  4.25985    241 a - - -
          2.68618  4.42225  2.77519  2.73123  3.46354  2.40513  3.72494  3.29354  2.67741  2.69355  4.24690  2.90347  2.73739  3.18146  2.89801  2.37887  2.77519  2.98518  4.58477  3.61503
          0.02304  4.17769  4.90004  0.61958  0.77255  0.48576  0.95510
    112   3.38115  4.72450  4.57762  4.13491  2.05231  4.31699  3.75013  2.97611  3.98423  1.69322  3.60051  4.10071  4.62423  4.06441  4.08833  3.64746  3.60387  2.92645  3.96194  1.20897    242 y - - -
          2.68618  4.42225  2.77519  2.73123  3.46354  2.40513  3.72494  3.29354  2.67741  2.69355  4.24690  2.90347  2.73739  3.18146  2.89801  2.37887  2.77519  2.98518  4.58477  3.61503
          0.02304  4.17769  4.90004  0.61958  0.77255  0.48576  0.95510
    113   2.34595  5.05898  2.58068  1.92031  4.36576  3.39316  3.61531  3.82519  2.38042  3.34902  4.11833  2.87733  3.80730  2.40230  2.79258  2.62267  2.57159  3.28947  5.51861  4.12877    243 e - - -
          2.68618  4.42225  2.77519  2.73123  3.46354  2.40513  3.72494  3.29354  2.67741  2.69355  4.24690  2.90347  2.73739  3.18146  2.89801  2.37887  2.77519  2.98518  4.58477  3.61503
          0.02304  4.17769  4.90004  0.61958  0.77255  0.48576  0.95510
    114   2.72580  5.32845  1.65626  2.24909  4.60207  3.34534  2.28993  4.12299  2.62731  3.63092  4.43515  2.36964  3.87802  2.88693  3.15653  2.77999  3.10874  3.71198  5.77821  4.32791    244 d - - -
          2.68618  4.42225  2.77519  2.73123  3.46354  2.40513  3.72494  3.29354  2.67741  2.69355  4.24690  2.90347  2.73739  3.18146  2.89801  2.37887  2.77519  2.98518  4.58477  3.61503
          0.02304  4.17769  4.90004  0.61958  0.77255  0.48576  0.95510
    115   3.09060  4.82433  3.82591  3.76935  4.88443  0.38275  4.85989  4.56929  3.99151  4.18081  5.16685  3.99162  4.22420  4.29209  4.18354  3.27296  3.59535  4.03840  5.88777  5.00042    245 G - - -
          2.68618  4.42225  2.77519  2.73123  3.46354  2.40513  3.72494  3.29354  2.67741  2.69355  4.24690  2.90347  2.73739  3.18146  2.89801  2.37887  2.77519  2.98518  4.58477  3.61503
          0.02304  4.17769  4.90004  0.61958  0.77255  0.48576  0.95510
    116   3.05762  4.52845  4.54038  4.22350  3.79427  4.03137  4.97944  2.08812  4.09663  2.43436  3.72251  4.36181  4.58265  4.43920  4.27851  3.56264  3.41654  0.71064  5.62680  4.37323    246 v - - -
          2.68618  4.42225  2.77519  2.73123  3.46354  2.40513  3.72494  3.29354  2.67741  2.69355  4.24690  2.90347  2.73739  3.18146  2.89801  2.37887  2.77519  2.98518  4.58477  3.61503
          0.02304  4.17769  4.90004  0.61958  0.77255  0.48576  0.95510
    117   3.51675  4.89473  4.67910  4.33115  3.28200  4.36648  4.89262  2.51284  4.09657  0.57337  3.22855  4.57752  4.75614  4.39015  4.21818  3.99018  3.80079  2.62741  5.26035  4.05057    247 L - - -
          2.68618  4.42225  2.77519  2.73123  3.46354  2.40513  3.72494  3.29354  2.67741  2.69355  4.24690  2.90347  2.73739  3.18146  2.89801  2.37887  2.77519  2.98518  4.58477  3.61503
          0.02304  4.17769  4.90004  0.61958  0.77255  0.48576  0.95510
    118   2.70502  4.72054  3.14827  2.58427  4.12233  3.44334  3.81729  3.47284  2.49944  3.12689  3.99727  3.15757  3.93520  3.01023  2.47672  2.79458  1.42448  3.16180  5.38789  4.11984    248 t - - -
          2.68618  4.42225  2.77519  2.73123  3.46354  2.40513  3.72494  3.29354  2.67741  2.69355  4.24690  2.90347  2.73739  3.18146  2.89801  2.37887  2.77519  2.98518  4.58477  3.61503
          0.02304  4.17769  4.90004  0.61958  0.77255  0.48576  0.95510
    119   3.20103  4.48752  5.00441  4.52046  3.71005  4.60184  5.23254  1.40161  4.41507  2.20093  3.50161  4.71651  4.90586  4.67934  4.60341  4.00473  3.46962  0.93668  5.70601  4.49350    249 v - - -
          2.68618  4.42225  2.77519  2.73123  3.46354  2.40513  3.72494  3.29354  2.67741  2.69355  4.24690  2.90347  2.73739  3.18146  2.89801  2.37887  2.77519  2.98518  4.58477  3.61503
          0.02304  4.17769  4.90004  0.61958  0.77255  0.48576  0.95510
    120   2.65195  4.51906  3.37615  2.88717  3.83735  3.49057  3.90911  2.74899  2.46857  2.82145  3.75759  3.29153  3.97158  3.15430  3.04125  2.81637  1.46292  2.76053  5.24004  3.98460    250 t - - -
          2.68618  4.42225  2.77519  2.73123  3.46354  2.40513  3.72494  3.29354  2.67741  2.69355  4.24690  2.90347  2.73739  3.18146  2.89801  2.37887  2.77519  2.98518  4.58477  3.61503
          0.02304  4.17769  4.90004  0.61958  0.77255  0.48576  0.95510
    121   2.87006  4.43683  4.77062  4.28632  3.72632  4.36298  5.02461  1.64832  4.17676  2.28875  3.53796  4.48529  4.73968  4.46200  4.38710  3.75442  3.36397  0.89183  5.62625  4.41079    251 v - - -
          2.68618  4.42225  2.77519  2.73123  3.46354  2.40513  3.72494  3.29354  2.67741  2.69355  4.24690  2.90347  2.73739  3.18146  2.89801  2.37887  2.77519  2.98518  4.58477  3.61503
          0.02304  4.17769  4.90004  0.61958  0.77255  0.48576  0.95510
    122   2.80670  4.64720  3.54915  3.30025  4.07748  3.42703  4.33150  3.53641  3.23754  2.82418  4.26399  3.59731  0.84625  3.66297  3.50832  2.97827  3.22510  3.25396  5.49660  4.22501    252 p - - -
          2.68618  4.42225  2.77519  2.73123  3.46354  2.40513  3.72494  3.29354  2.67741  2.69355  4.24690  2.90347  2.73739  3.18146  2.89801  2.37887  2.77519  2.98518  4.58477  3.61503
          0.02304  4.17769  4.90004  0.61958  0.77255  0.48576  0.95510
    123   3.22715  5.32076  3.70364  2.96138  4.83077  3.81228  3.68998  4.15120  1.35924  3.55094  4.42865  3.33551  4.16222  2.82052  1.24482  3.21325  3.37116  3.83502  5.55360  4.42344    253 r - - -
          2.68618  4.42225  2.77519  2.73123  3.46354  2.40513  3.72494  3.29354  2.67741  2.69355  4.24690  2.90347  2.73739  3.18146  2.89801  2.37887  2.77519  2.98518  4.58477  3.61503
          0.02304  4.17769  4.90004  0.61958  0.77255  0.48576  0.95510
    124   2.61082  4.75965  2.42646  2.48241  3.99164  3.44472  3.66294  3.39820  2.47607  2.79617  2.84819  2.99460  3.60073  2.82560  2.76423  2.28589  2.77481  3.08825  5.27899  3.95574    254 s - - -
          2.68618  4.42225  2.77519  2.73123  3.46354  2.40513  3.72494  3.29354  2.67741  2.69355  4.24690  2.90347  2.73739  3.18146  2.89801  2.37887  2.77519  2.98518  4.58477  3.61503
          0.06626  4.17769  3.02053  0.61958  0.77255  0.48576  0.95510
    125   2.62059  4.53774  3.22766  2.67401  3.17131  3.51652  2.55207  2.77354  2.63986  2.68777  3.63145  2.44000  3.90256  2.97666  3.04837  2.65180  2.85224  2.83556  4.96905  3.49336    255 n - - -
          2.68618  4.42225  2.77519  2.73123  3.46354  2.40513  3.72494  3.29354  2.67741  2.69355  4.24690  2.90347  2.73739  3.18146  2.89801  2.37887  2.77519  2.98518  4.58477  3.61503
          0.02405  4.13549  4.85783  0.61958  0.77255  0.45575  1.00504
    126   2.62404  4.52221  2.51133  2.70618  3.47204  3.53616  3.77793  2.95388  2.68451  2.54709  3.37432  3.17413  3.92401  3.01348  3.09778  2.76641  2.15146  2.41046  5.10093  3.82785    256 t - - -
          2.68618  4.42225  2.77519  2.73123  3.46354  2.40513  3.72494  3.29354  2.67741  2.69355  4.24690  2.90347  2.73739  3.18146  2.89801  2.37887  2.77519  2.98518  4.58477  3.61503
          0.02304  4.17769  4.90004  0.61958  0.77255  0.48576  0.95510
    127   2.84585  4.86791  3.44714  2.84970  4.27907  3.57301  3.76299  3.62929  2.21140  3.00374  4.10793  3.25138  4.01380  2.93115  1.24277  2.79399  2.78749  3.32225  5.41320  4.18144    257 r - - -
          2.68618  4.42225  2.77519  2.73123  3.46354  2.40513  3.72494  3.29354  2.67741  2.69355  4.24690  2.90347  2.73739  3.18146  2.89801  2.37887  2.77519  2.98518  4.58477  3.61503
          0.04627  4.17769  3.51037  0.61958  0.77255  0.48576  0.95510
    128   2.03190  5.00804  3.22595  2.64229  4.39695  3.55259  3.66977  3.77671  1.74626  3.30957  4.14111  3.10678  3.95337  2.80794  1.87283  2.84470  3.04583  3.43817  5.45581  4.19631    258 k - - -
          2.68618  4.42225  2.77519  2.73123  3.46354  2.40513  3.72494  3.29354  2.67741  2.69355  4.24690  2.90347  2.73739  3.18146  2.89801  2.37887  2.77519  2.98518  4.58477  3.61503
          0.02358  4.15500  4.87734  0.61958  0.77255  0.51319  0.91276
    129   2.20154  4.71074  3.09754  2.59020  4.21368  2.60767  3.75302  3.62939  2.49416  3.22455  4.03734  3.05460  3.13829  2.91056  1.92904  2.63609  2.80009  3.25101  5.44213  4.13514    259 r - - -
          2.68618  4.42225  2.77519  2.73123  3.46354  2.40513  3.72494  3.29354  2.67741  2.69355  4.24690  2.90347  2.73739  3.18146  2.89801  2.37887  2.77519  2.98518  4.58477  3.61503
          0.02358  4.15500  4.87734  0.61958  0.77255  0.51319  0.91276
    130   2.67379  4.37642  3.53735  2.98298  2.50741  3.63547  3.16176  2.88232  2.92706  2.41762  3.48372  3.36437  2.53426  3.22462  3.26809  2.76608  2.90556  2.66266  4.64742  2.65369    260 l - - -
          2.68618  4.42225  2.77519  2.73123  3.46354  2.40513  3.72494  3.29354  2.67741  2.69355  4.24690  2.90347  2.73739  3.18146  2.89801  2.37887  2.77519  2.98518  4.58477  3.61503
          0.24660  4.15500  1.59522  0.61958  0.77255  0.51319  0.91276
    131   2.78963  4.26189  4.09982  3.55067  2.75393  3.88456  4.05733  2.22074  3.44103  2.07323  3.21439  3.79412  4.23435  3.67731  3.66160  3.18553  3.02800  1.52122  4.63112  2.73030    261 v - - -
          2.68618  4.42225  2.77519  2.73123  3.46354  2.40513  3.72494  3.29354  2.67741  2.69355  4.24690  2.90347  2.73739  3.18146  2.89801  2.37887  2.77519  2.98518  4.58477  3.61503
          0.02938  3.93778  4.66013  0.61958  0.77255  0.64811  0.74030
    132   2.26220  4.26850  4.23653  3.71297  3.54480  3.93425  4.48016  1.60105  3.62116  2.27654  3.41395  3.96717  4.34905  3.90365  3.87343  3.27874  2.95517  1.45244  5.25389  4.04611    262 v - - -
          2.68618  4.42225  2.77519  2.73123  3.46354  2.40513  3.72494  3.29354  2.67741  2.69355  4.24690  2.90347  2.73739  3.18146  2.89801  2.37887  2.77519  2.98518  4.58477  3.61503
          0.02804  3.98393  4.70628  0.61958  0.77255  0.68318  0.70321
    133   2.69130  5.26512  1.77910  2.05782  4.56128  2.52932  3.34297  4.04853  2.57413  3.56076  4.36641  2.45204  3.80202  2.81750  3.11522  2.70878  3.04095  3.63979  5.73224  4.28546    263 d - - -
          2.68618  4.42225  2.77519  2.73123  3.46354  2.40513  3.72494  3.29354  2.67741  2.69355  4.24690  2.90347  2.73739  3.18146  2.89801  2.37887  2.77519  2.98518  4.58477  3.61503
          0.07233  3.98393  2.97264  0.61958  0.77255  0.68318  0.70321
    134   2.67506  4.31066  3.71599  3.17009  3.39894  3.68401  4.04728  2.24908  3.07804  1.99076  3.31988  3.53126  2.59954  3.39562  3.39198  2.97708  2.93313  1.91951  5.00735  3.78231    264 v - - -
          2.68618  4.42225  2.77519  2.73123  3.46354  2.40513  3.72494  3.29354  2.67741  2.69355  4.24690  2.90347  2.73739  3.18146  2.89801  2.37887  2.77519  2.98518  4.58477  3.61503
          0.02929  3.94089  4.66323  0.61958  0.77255  0.71788  0.66901
    135   2.05373  4.38515  3.00705  2.69704  3.74394  3.03675  3.79192  3.09121  2.71801  2.21725  3.67485  3.11682  3.80723  3.04116  3.11036  2.36540  2.77805  2.80146  5.13128  3.86568    265 a - - -
          2.68615  4.42230  2.77525  2.73128  3.46359  2.40465  3.72500  3.29359  2.67746  2.69360  4.24695  2.90352  2.73745  3.18151  2.89806  2.37892  2.77525  2.98523  4.58482  3.61508
          0.13278  2.16364  4.66323  1.02877  0.44230  0.71788  0.66901
    136   2.76346  5.00261  1.63510  2.28524  4.56605  1.73384  3.84765  4.07571  2.85361  3.65046  4.50974  2.82529  3.81096  3.03978  3.38097  2.75000  3.10862  3.63941  5.76946  4.39529    271 d - - -
          2.68618  4.42225  2.77519  2.73123  3.46354  2.40513  3.72494  3.29354  2.67741  2.69355  4.24690  2.90347  2.73739  3.18146  2.89801  2.37887  2.77519  2.98518  4.58477  3.61503
          0.02929  3.94089  4.66323  0.61958  0.77255  0.65031  0.73790
    137   2.13050  4.34051  3.32544  2.77171  3.55639  3.05870  3.76761  2.90598  2.72256  2.44158  3.37528  3.19124  3.59577  3.04904  2.97779  2.60195  2.77720  2.35212  4.97205  3.72382    272 a - - -
          2.68618  4.42225  2.77519  2.73123  3.46354  2.40513  3.72494  3.29354  2.67741  2.69355  4.24690  2.90347  2.73739  3.18146  2.89801  2.37887  2.77519  2.98518  4.58477  3.61503
          0.02804  3.98393  4.70628  0.61958  0.77255  0.68318  0.70321
    138   2.32753  4.31192  3.12855  2.86977  4.29951  1.74118  4.06580  3.71894  2.99087  3.38327  4.22008  3.17050  2.02807  3.30220  3.34965  2.47350  2.61546  3.21806  5.60675  4.35911    273 g - - -
          2.68618  4.42225  2.77519  2.73123  3.46354  2.40513  3.72494  3.29354  2.67741  2.69355  4.24690  2.90347  2.73739  3.18146  2.89801  2.37887  2.77519  2.98518  4.58477  3.61503
          0.02804  3.98393  4.70628  0.61958  0.77255  0.68318  0.70321
    139   2.77415  5.14455  2.28993  1.69852  4.47468  3.26990  3.70860  3.93406  2.59813  3.48818  4.31698  2.78188  2.17890  2.86610  3.10460  2.73005  3.04732  3.55018  5.67515  4.26527    274 e - - -
          2.68618  4.42225  2.77519  2.73123  3.46354  2.40513  3.72494  3.29354  2.67741  2.69355  4.24690  2.90347  2.73739  3.18146  2.89801  2.37887  2.77519  2.98518  4.58477  3.61503
          0.02804  3.98393  4.70628  0.61958  0.77255  0.68318  0.70321
    140   1.92557  4.67939  2.95294  2.49236  4.05752  3.32795  3.68302  3.46643  2.46559  3.08049  3.90852  2.78142  3.79722  2.57711  2.73598  2.38375  2.72786  3.12745  5.32434  4.01456    275 a - - -
          2.68618  4.42225  2.77519  2.73123  3.46354  2.40513  3.72494  3.29354  2.67741  2.69355  4.24690  2.90347  2.73739  3.18146  2.89801  2.37887  2.77519  2.98518  4.58477  3.61503
          0.02804  3.98393  4.70628  0.61958  0.77255  0.68318  0.70321
    141   2.55523  3.35927  3.48776  2.91422  3.38675  3.53628  3.53211  2.66735  2.80627  2.10517  3.36224  3.30029  3.92008  3.14196  2.63353  2.65923  2.78947  2.45430  4.83681  3.60559    276 l - - -
          2.68618  4.42225  2.77519  2.73123  3.46354  2.40513  3.72494  3.29354  2.67741  2.69355  4.24690  2.90347  2.73739  3.18146  2.89801  2.37887  2.77519  2.98518  4.58477  3.61503
          0.02804  3.98393  4.70628  0.61958  0.77255  0.68318  0.70321
    142   2.73753  5.20905  1.81393  1.93216  4.49798  3.29169  3.39263  3.98006  2.48579  3.49102  4.28560  2.75934  3.79450  2.44822  2.99922  2.67851  2.98806  3.36442  5.65514  4.22668    277 d - - -
          2.68618  4.42225  2.77519  2.73123  3.46354  2.40513  3.72494  3.29354  2.67741  2.69355  4.24690  2.90347  2.73739  3.18146  2.89801  2.37887  2.77519  2.98518  4.58477  3.61503
          0.02804  3.98393  4.70628  0.61958  0.77255  0.68318  0.70321
    143   2.57580  4.46200  3.21327  2.67399  3.59957  3.46660  2.77703  3.01171  2.60109  2.35457  3.57580  3.01713  3.17209  2.96578  2.98355  2.71733  2.81485  2.45485  4.99891  3.70986    278 l - - -
          2.68618  4.42225  2.77519  2.73123  3.46354  2.40513  3.72494  3.29354  2.67741  2.69355  4.24690  2.90347  2.73739  3.18146  2.89801  2.37887  2.77519  2.98518  4.58477  3.61503
          0.02804  3.98393  4.70628  0.61958  0.77255  0.68318  0.70321
    144   2.09446  4.27763  3.92618  3.40584  3.45931  3.69778  4.22730  2.25065  3.30270  1.70241  3.35721  3.69576  4.15142  3.60742  3.57990  3.03458  2.86866  1.87406  5.11069  3.90677    279 l - - -
          2.68618  4.42225  2.77519  2.73123  3.46354  2.40513  3.72494  3.29354  2.67741  2.69355  4.24690  2.90347  2.73739  3.18146  2.89801  2.37887  2.77519  2.98518  4.58477  3.61503
          0.02804  3.98393  4.70628  0.61958  0.77255  0.41349  1.08275
    145   0.95384  4.24793  3.58486  3.35770  4.45424  2.06818  4.42052  3.81758  3.44921  3.56013  4.40533  3.45941  3.79928  3.71875  3.73161  2.51047  2.82955  3.26576  5.79791  4.61572    280 a - - -
          2.68618  4.42225  2.77519  2.73123  3.46354  2.40513  3.72494  3.29354  2.67741  2.69355  4.24690  2.90347  2.73739  3.18146  2.89801  2.37887  2.77519  2.98518  4.58477  3.61503
          0.02358  4.15500  4.87734  0.61958  0.77255  0.51319  0.91276
    146   2.83807  4.98298  3.60958  3.05823  4.46912  3.62666  3.86704  3.86931  2.20506  3.40230  4.35146  3.40495  4.11518  3.04472  0.91803  3.09903  3.29329  3.56118  5.51386  4.32871    281 r - - -
          2.68618  4.42225  2.77519  2.73123  3.46354  2.40513  3.72494  3.29354  2.67741  2.69355  4.24690  2.90347  2.73739  3.18146  2.89801  2.37887  2.77519  2.98518  4.58477  3.61503
          0.02358  4.15500  4.87734  0.61958  0.77255  0.51319  0.91276
    147   1.58018  4.30557  3.79064  3.26273  3.52208  3.63154  4.11272  2.24882  3.17070  2.08841  3.46756  3.57910  4.09036  3.48353  3.46951  2.83687  2.94138  2.30942  5.07381  3.84867    282 a - - -
          2.68618  4.42225  2.77519  2.73123  3.46354  2.40513  3.72494  3.29354  2.67741  2.69355  4.24690  2.90347  2.73739  3.18146  2.89801  2.37887  2.77519  2.98518  4.58477  3.61503
          0.02358  4.15500  4.87734  0.61958  0.77255  0.51319  0.91276
    148   1.40052  4.33985  3.99965  3.55345  3.68516  3.63340  4.40431  1.76844  3.46295  2.47126  3.59722  3.78194  4.18586  3.77770  3.73044  3.02622  3.04305  2.17400  5.33295  4.11025    283 a - - -
          2.68625  4.42236  2.77531  2.73134  3.46365  2.40524  3.72506  3.29290  2.67752  2.69366  4.24701  2.90307  2.73724  3.18158  2.89812  2.37898  2.77469  2.98530  4.58488  3.61514
          0.21193  1.65558        *  1.12889  0.39066  0.00000        *
//
