HMMER3/f [3.1b2 | February 2015]
NAME  Mafft_Group_25
LENG  160
ALPH  amino
RF    no
MM    no
CONS  yes
CS    no
MAP   yes
DATE  Mon Oct 24 15:42:28 2016
NSEQ  11
EFFN  0.668701
CKSUM 1030418294
STATS LOCAL MSV      -10.4440  0.70843
STATS LOCAL VITERBI  -11.0672  0.70843
STATS LOCAL FORWARD   -4.7288  0.70843
HMM          A        C        D        E        F        G        H        I        K        L        M        N        P        Q        R        S        T        V        W        Y   
            m->m     m->i     m->d     i->m     i->i     d->m     d->d
  COMPO   2.58231  4.49411  2.75479  2.50505  3.46793  2.78963  3.65249  2.90667  2.60268  2.62603  3.84940  3.03959  3.36525  3.08145  2.75480  2.70126  2.91208  2.57023  4.15617  3.84439
          2.68625  4.42232  2.77527  2.73130  3.46361  2.40496  3.72502  3.29361  2.67732  2.69362  4.24565  2.90354  2.73747  3.18154  2.89768  2.37894  2.77527  2.98526  4.58484  3.61510
          0.34647  1.93990  1.90310  1.09608  0.40674  0.00000        *
      1   2.36674  4.32539  3.77814  3.32858  3.36100  3.58485  4.17917  2.39139  3.16626  2.03685  1.85228  3.61728  4.08374  3.53230  3.42562  2.96971  2.98849  2.29093  5.08081  3.86296      7 m - - -
          2.68618  4.42225  2.77519  2.73123  3.46354  2.40513  3.72494  3.29354  2.67741  2.69355  4.24690  2.90347  2.73739  3.18146  2.89801  2.37887  2.77519  2.98518  4.58477  3.61503
          0.03246  3.83981  4.56216  0.61958  0.77255  0.48982  0.94865
      2   2.51962  4.58928  2.63922  2.50318  3.92959  3.31663  3.68909  3.30004  2.53785  2.96499  3.39691  2.98473  3.78311  2.87484  2.97588  2.21175  2.21881  2.98489  5.24833  3.93995      8 s - - -
          2.68618  4.42225  2.77519  2.73123  3.46354  2.40513  3.72494  3.29354  2.67741  2.69355  4.24690  2.90347  2.73739  3.18146  2.89801  2.37887  2.77519  2.98518  4.58477  3.61503
          0.02954  3.93242  4.65477  0.61958  0.77255  0.45191  1.01173
      3   2.57742  4.28187  3.52559  2.97487  3.28505  3.52902  3.81511  2.78359  2.86810  2.46209  2.75899  3.33921  3.94305  3.20098  3.18625  1.95514  2.83045  2.57145  3.55296  3.46784      9 s - - -
          2.68618  4.42225  2.77519  2.73123  3.46354  2.40513  3.72494  3.29354  2.67741  2.69355  4.24690  2.90347  2.73739  3.18146  2.89801  2.37887  2.77519  2.98518  4.58477  3.61503
          0.02785  3.99078  4.71313  0.61958  0.77255  0.48576  0.95510
      4   2.81950  4.32579  4.01689  3.05732  3.31679  3.92694  4.23613  1.86736  3.34454  1.52858  3.20673  3.79297  4.26775  3.64075  3.60693  3.22284  3.05593  1.97016  5.02213  3.83106     10 l - - -
          2.68618  4.42225  2.77519  2.73123  3.46354  2.40513  3.72494  3.29354  2.67741  2.69355  4.24690  2.90347  2.73739  3.18146  2.89801  2.37887  2.77519  2.98518  4.58477  3.61503
          0.02785  3.99078  4.71313  0.61958  0.77255  0.48576  0.95510
      5   2.28029  4.20007  3.38691  3.06627  4.09159  1.50110  4.12499  3.42375  3.09462  3.18539  4.05321  3.28124  3.72875  3.40566  3.41453  2.21273  2.73366  2.41629  5.47568  4.23574     11 g - - -
          2.68618  4.42225  2.77519  2.73123  3.46354  2.40513  3.72494  3.29354  2.67741  2.69355  4.24690  2.90347  2.73739  3.18146  2.89801  2.37887  2.77519  2.98518  4.58477  3.61503
          0.02785  3.99078  4.71313  0.61958  0.77255  0.48576  0.95510
      6   2.18309  4.36777  3.32388  2.90893  3.81645  3.27512  3.95942  3.04668  2.85034  2.40772  3.76868  3.25836  1.87935  3.22218  3.19050  2.65554  2.84000  2.77538  5.26116  3.99633     12 p - - -
          2.68618  4.42225  2.77519  2.73123  3.46354  2.40513  3.72494  3.29354  2.67741  2.69355  4.24690  2.90347  2.73739  3.18146  2.89801  2.37887  2.77519  2.98518  4.58477  3.61503
          0.02785  3.99078  4.71313  0.61958  0.77255  0.48576  0.95510
      7   3.49039  4.77390  4.53428  4.15802  1.77666  4.29432  3.45650  3.27541  3.98913  2.65493  3.85846  3.98747  4.60441  4.01398  4.05880  3.63732  3.70863  3.16847  1.48991  1.65863     13 w - - -
          2.68618  4.42225  2.77519  2.73123  3.46354  2.40513  3.72494  3.29354  2.67741  2.69355  4.24690  2.90347  2.73739  3.18146  2.89801  2.37887  2.77519  2.98518  4.58477  3.61503
          0.02785  3.99078  4.71313  0.61958  0.77255  0.48576  0.95510
      8   2.59632  4.47339  3.28130  2.71561  3.28818  3.16891  3.72609  2.98363  2.57405  2.48430  3.57415  3.16003  3.88904  2.97593  2.08278  2.74258  2.83447  2.57145  5.01492  3.73407     14 r - - -
          2.68618  4.42225  2.77519  2.73123  3.46354  2.40513  3.72494  3.29354  2.67741  2.69355  4.24690  2.90347  2.73739  3.18146  2.89801  2.37887  2.77519  2.98518  4.58477  3.61503
          0.02785  3.99078  4.71313  0.61958  0.77255  0.48576  0.95510
      9   2.61240  4.56740  3.14124  2.86359  4.29209  1.20706  4.00353  3.78395  2.75767  3.40181  4.28284  3.23330  3.85937  3.23878  2.46601  2.73126  3.00383  3.36567  5.50423  4.29119     15 g - - -
          2.68618  4.42225  2.77519  2.73123  3.46354  2.40513  3.72494  3.29354  2.67741  2.69355  4.24690  2.90347  2.73739  3.18146  2.89801  2.37887  2.77519  2.98518  4.58477  3.61503
          0.02785  3.99078  4.71313  0.61958  0.77255  0.48576  0.95510
     10   2.72005  4.48722  3.51074  3.11959  3.43953  1.27922  3.97012  3.33444  3.02373  2.96724  3.92001  3.44626  3.97446  3.40435  3.31478  2.89610  3.05680  3.05561  2.74642  3.49562     16 g - - -
          2.68618  4.42225  2.77519  2.73123  3.46354  2.40513  3.72494  3.29354  2.67741  2.69355  4.24690  2.90347  2.73739  3.18146  2.89801  2.37887  2.77519  2.98518  4.58477  3.61503
          0.02785  3.99078  4.71313  0.61958  0.77255  0.48576  0.95510
     11   2.63690  4.67621  2.80524  2.61921  4.29909  1.35605  3.92348  3.81032  2.75152  3.41240  4.29443  3.06191  3.84044  2.49366  3.11099  2.71648  3.01148  3.40048  5.55463  4.25840     17 g - - -
          2.68618  4.42225  2.77519  2.73123  3.46354  2.40513  3.72494  3.29354  2.67741  2.69355  4.24690  2.90347  2.73739  3.18146  2.89801  2.37887  2.77519  2.98518  4.58477  3.61503
          0.06805  3.99078  3.05114  0.61958  0.77255  0.48576  0.95510
     12   2.58493  4.37516  3.35222  2.78251  3.38848  2.90587  3.71454  2.89681  2.66094  2.35442  3.47539  3.20506  3.89969  3.03042  2.49872  2.76475  2.81463  2.66328  3.91964  3.04622     18 l - - -
          2.68618  4.42225  2.77519  2.73123  3.46354  2.40513  3.72494  3.29354  2.67741  2.69355  4.24690  2.90347  2.73739  3.18146  2.89801  2.37887  2.77519  2.98518  4.58477  3.61503
          0.02897  3.95170  4.67405  0.61958  0.77255  0.52440  0.89626
     13   2.64170  5.01689  2.21420  2.28279  4.33831  3.02862  3.59712  3.79117  2.23461  3.32324  4.11185  2.82478  3.77527  2.72563  2.40457  2.38032  2.88487  3.40506  5.49801  4.11722     19 d - - -
          2.68618  4.42225  2.77519  2.73123  3.46354  2.40513  3.72494  3.29354  2.67741  2.69355  4.24690  2.90347  2.73739  3.18146  2.89801  2.37887  2.77519  2.98518  4.58477  3.61503
          0.02897  3.95170  4.67405  0.61958  0.77255  0.52440  0.89626
     14   2.57795  4.77577  2.94515  2.42512  4.08615  3.00697  3.07327  3.50538  2.35904  3.09443  3.90781  2.93199  3.20754  2.76130  2.38920  2.44058  2.64796  3.16603  5.31711  3.99068     20 k - - -
          2.68618  4.42225  2.77519  2.73123  3.46354  2.40513  3.72494  3.29354  2.67741  2.69355  4.24690  2.90347  2.73739  3.18146  2.89801  2.37887  2.77519  2.98518  4.58477  3.61503
          0.02897  3.95170  4.67405  0.61958  0.77255  0.52440  0.89626
     15   2.57431  4.68368  2.69399  2.45933  3.90065  3.04829  3.62572  3.32105  2.43417  2.94622  3.78020  2.96338  3.41160  2.80085  2.51597  2.63272  2.81027  3.01884  3.21137  3.88247     21 k - - -
          2.68629  4.42150  2.77489  2.73134  3.46344  2.40477  3.72506  3.29365  2.67752  2.69366  4.24646  2.90358  2.73751  3.18157  2.89812  2.37898  2.77531  2.98512  4.58387  3.61514
          0.46976  1.39332  2.06674  1.06276  0.42388  0.52440  0.89626
     16   2.61828  4.15536  3.82513  3.26287  2.44694  3.65936  3.82565  2.26553  3.15950  2.16381  3.18622  3.53351  3.20681  3.41073  3.40270  2.94098  2.85219  2.37272  3.50373  3.10292     28 l - - -
          2.68618  4.42225  2.77519  2.73123  3.46354  2.40513  3.72494  3.29354  2.67741  2.69355  4.24690  2.90347  2.73739  3.18146  2.89801  2.37887  2.77519  2.98518  4.58477  3.61503
          0.03288  3.82697  4.54932  0.61958  0.77255  0.63012  0.76041
     17   2.38976  4.21285  3.37898  2.87520  3.61867  2.72106  3.85399  2.54507  2.82512  2.66374  3.56196  3.21898  3.78863  3.14837  3.17458  2.29717  2.49827  2.35707  5.04804  3.80974     29 s - - -
          2.68618  4.42225  2.77519  2.73123  3.46354  2.40513  3.72494  3.29354  2.67741  2.69355  4.24690  2.90347  2.73739  3.18146  2.89801  2.37887  2.77519  2.98518  4.58477  3.61503
          0.03288  3.82697  4.54932  0.61958  0.77255  0.45752  1.00199
     18   2.49846  4.59300  2.84747  2.27011  4.13935  2.85273  3.76618  3.54868  2.62153  3.17761  4.00754  2.96904  3.76177  2.95050  3.05285  1.89783  2.28860  3.16865  5.42362  4.11105     30 s - - -
          2.68618  4.42225  2.77519  2.73123  3.46354  2.40513  3.72494  3.29354  2.67741  2.69355  4.24690  2.90347  2.73739  3.18146  2.89801  2.37887  2.77519  2.98518  4.58477  3.61503
          0.02897  3.95170  4.67405  0.61958  0.77255  0.52440  0.89626
     19   2.70485  4.76512  2.31627  2.52387  4.31934  3.21400  3.92512  3.80078  2.87307  3.43542  4.32953  3.01130  1.35115  3.14713  3.30806  2.76068  3.06363  3.41550  5.56630  4.27463     31 p - - -
          2.68618  4.42225  2.77519  2.73123  3.46354  2.40513  3.72494  3.29354  2.67741  2.69355  4.24690  2.90347  2.73739  3.18146  2.89801  2.37887  2.77519  2.98518  4.58477  3.61503
          0.02897  3.95170  4.67405  0.61958  0.77255  0.52440  0.89626
     20   3.22519  4.56450  4.50357  4.04656  1.34031  4.18687  3.67225  2.80101  3.88090  1.86964  3.39387  4.00609  4.49095  3.95768  3.97003  3.51896  3.44812  2.77084  2.98090  2.22950     32 f - - -
          2.68618  4.42225  2.77519  2.73123  3.46354  2.40513  3.72494  3.29354  2.67741  2.69355  4.24690  2.90347  2.73739  3.18146  2.89801  2.37887  2.77519  2.98518  4.58477  3.61503
          0.02897  3.95170  4.67405  0.61958  0.77255  0.46234  0.99374
     21   2.42119  4.29049  3.38263  2.93043  3.03916  3.24029  3.92838  3.08889  2.90746  2.82189  3.73304  3.25699  3.81856  3.22840  3.25933  1.59615  2.41323  2.78773  5.13108  3.83047     33 s - - -
          2.68618  4.42225  2.77519  2.73123  3.46354  2.40513  3.72494  3.29354  2.67741  2.69355  4.24690  2.90347  2.73739  3.18146  2.89801  2.37887  2.77519  2.98518  4.58477  3.61503
          0.18531  3.99078  1.89268  0.61958  0.77255  0.48576  0.95510
     22   2.23868  4.22912  3.05689  2.77633  4.19460  2.46276  3.96524  3.63356  2.89114  3.28587  4.11165  3.08116  2.73444  3.19781  3.25847  1.63932  2.68305  3.13165  5.50755  4.24970     34 s - - -
          2.68618  4.42225  2.77519  2.73123  3.46354  2.40513  3.72494  3.29354  2.67741  2.69355  4.24690  2.90347  2.73739  3.18146  2.89801  2.37887  2.77519  2.98518  4.58477  3.61503
          0.15417  3.83799  2.10918  0.61958  0.77255  0.50620  0.92326
     23   2.43595  4.51809  2.41463  2.45312  4.16238  3.08437  3.78635  3.56247  2.69813  3.22623  4.07122  2.90783  3.70033  2.98593  3.13648  1.74396  2.53923  3.15804  5.46618  4.13820     35 s - - -
          2.68618  4.42225  2.77519  2.73123  3.46354  2.40513  3.72494  3.29354  2.67741  2.69355  4.24690  2.90347  2.73739  3.18146  2.89801  2.37887  2.77519  2.98518  4.58477  3.61503
          0.03338  3.81218  4.53453  0.61958  0.77255  0.39958  1.11049
     24   2.97218  5.53584  1.27752  1.66684  4.82067  3.21831  3.78315  4.34010  2.82076  3.84928  4.71550  2.68558  3.85119  2.95513  3.42346  2.85105  3.26590  3.91688  5.99981  4.49384     36 d - - -
          2.68618  4.42225  2.77519  2.73123  3.46354  2.40513  3.72494  3.29354  2.67741  2.69355  4.24690  2.90347  2.73739  3.18146  2.89801  2.37887  2.77519  2.98518  4.58477  3.61503
          0.02785  3.99078  4.71313  0.61958  0.77255  0.48576  0.95510
     25   2.10361  4.31042  3.98921  3.43467  3.32709  3.83865  4.21727  2.24629  3.33265  1.63657  2.88091  3.75101  4.21558  3.61407  3.60306  3.14228  3.02107  1.98839  5.02357  3.83700     37 l - - -
          2.68618  4.42225  2.77519  2.73123  3.46354  2.40513  3.72494  3.29354  2.67741  2.69355  4.24690  2.90347  2.73739  3.18146  2.89801  2.37887  2.77519  2.98518  4.58477  3.61503
          0.02785  3.99078  4.71313  0.61958  0.77255  0.48576  0.95510
     26   3.18959  4.65151  4.20959  3.76256  2.46395  3.99928  3.78994  2.92322  3.43638  2.03843  3.56881  3.88857  4.39486  3.78322  3.60232  3.43108  3.44364  2.86440  1.36697  2.50371     38 w - - -
          2.68618  4.42225  2.77519  2.73123  3.46354  2.40513  3.72494  3.29354  2.67741  2.69355  4.24690  2.90347  2.73739  3.18146  2.89801  2.37887  2.77519  2.98518  4.58477  3.61503
          0.02785  3.99078  4.71313  0.61958  0.77255  0.48576  0.95510
     27   2.90058  5.44763  1.36368  1.96807  4.75606  2.75317  3.74798  4.26960  2.75106  3.76970  4.60827  2.42222  3.82983  2.91052  3.34161  2.79593  3.18801  3.84096  5.93724  4.43956     39 d - - -
          2.68619  4.42226  2.77520  2.73124  3.46354  2.40513  3.72495  3.29355  2.67741  2.69344  4.24690  2.90347  2.73740  3.18147  2.89801  2.37887  2.77520  2.98519  4.58477  3.61504
          0.08273  2.65328  4.71313  0.45155  1.01236  0.48576  0.95510
     28   2.63135  4.73224  2.69789  2.26281  4.30245  2.73337  3.84164  3.73058  2.70747  3.35048  4.20305  2.97008  1.65469  3.03764  3.12522  2.68810  2.97170  3.34193  5.55580  4.24567     41 p - - -
          2.68618  4.42225  2.77519  2.73123  3.46354  2.40513  3.72494  3.29354  2.67741  2.69355  4.24690  2.90347  2.73739  3.18146  2.89801  2.37887  2.77519  2.98518  4.58477  3.61503
          0.02785  3.99078  4.71313  0.61958  0.77255  0.48576  0.95510
     29   2.80575  4.34217  3.90363  3.35921  1.88693  3.79832  3.73843  2.75387  3.22180  2.08800  3.38000  3.60434  4.15526  3.48647  2.86494  3.08207  3.03445  2.59642  4.25764  2.31088     42 f - - -
          2.68618  4.42225  2.77519  2.73123  3.46354  2.40513  3.72494  3.29354  2.67741  2.69355  4.24690  2.90347  2.73739  3.18146  2.89801  2.37887  2.77519  2.98518  4.58477  3.61503
          0.02785  3.99078  4.71313  0.61958  0.77255  0.48576  0.95510
     30   2.67009  4.90220  2.30963  2.36263  4.33751  1.82649  3.72877  3.79338  2.55915  3.36779  4.19319  2.88395  3.80995  2.89231  2.56980  2.68023  2.96262  3.40772  5.55284  4.19664     43 g - - -
          2.68618  4.42225  2.77519  2.73123  3.46354  2.40513  3.72494  3.29354  2.67741  2.69355  4.24690  2.90347  2.73739  3.18146  2.89801  2.37887  2.77519  2.98518  4.58477  3.61503
          0.02785  3.99078  4.71313  0.61958  0.77255  0.48576  0.95510
     31   2.61107  4.22968  3.72382  3.18359  2.46242  2.47500  3.93870  2.55984  3.10740  2.13170  3.31468  3.49918  4.02286  3.38803  3.39545  2.90381  2.87095  2.17068  4.77147  3.47130     44 l - - -
          2.68618  4.42225  2.77519  2.73123  3.46354  2.40513  3.72494  3.29354  2.67741  2.69355  4.24690  2.90347  2.73739  3.18146  2.89801  2.37887  2.77519  2.98518  4.58477  3.61503
          0.02785  3.99078  4.71313  0.61958  0.77255  0.48576  0.95510
     32   2.32581  4.65018  2.68724  2.23971  4.32680  1.55069  3.88603  3.71834  2.78677  3.37319  4.22895  2.97338  3.79635  3.08985  3.20746  2.64143  2.93960  3.30948  5.60755  4.29075     45 g - - -
          2.68618  4.42225  2.77519  2.73123  3.46354  2.40513  3.72494  3.29354  2.67741  2.69355  4.24690  2.90347  2.73739  3.18146  2.89801  2.37887  2.77519  2.98518  4.58477  3.61503
          0.10621  3.99078  2.49769  0.61958  0.77255  0.48576  0.95510
     33   2.60080  4.18454  3.10879  3.13798  2.70783  3.63087  3.83235  2.25566  3.06241  2.12480  3.24119  3.45936  3.99903  3.32786  3.34459  2.89858  2.83227  2.40305  3.36996  3.27531     46 l - - -
          2.68618  4.42225  2.77519  2.73123  3.46354  2.40513  3.72494  3.29354  2.67741  2.69355  4.24690  2.90347  2.73739  3.18146  2.89801  2.37887  2.77519  2.98518  4.58477  3.61503
          0.03008  3.91466  4.63700  0.61958  0.77255  0.55840  0.84892
     34   1.88354  4.14158  3.30775  3.00548  4.23261  1.75905  4.11035  3.62899  3.08065  3.31930  4.14251  3.20736  3.64252  3.36749  3.41614  2.05885  2.35370  3.10205  5.56886  4.34850     47 g - - -
          2.68624  4.42231  2.77501  2.73129  3.46360  2.40519  3.72500  3.29342  2.67747  2.69361  4.24696  2.90353  2.73745  3.18152  2.89807  2.37885  2.77525  2.98504  4.58343  3.61484
          0.39699  1.40990  2.48304  0.64304  0.74590  0.44288  1.02774
     35   2.56686  4.63600  3.02049  2.17050  3.37300  3.40488  3.63013  3.24493  2.44023  2.88720  3.73256  2.98330  3.80588  2.81419  2.53651  2.41133  2.80216  2.78684  5.16277  3.85533     52 e - - -
          2.68618  4.42225  2.77519  2.73123  3.46354  2.40513  3.72494  3.29354  2.67741  2.69355  4.24690  2.90347  2.73739  3.18146  2.89801  2.37887  2.77519  2.98518  4.58477  3.61503
          0.07324  3.91994  2.98030  0.61958  0.77255  0.55370  0.85524
     36   2.70442  4.95508  2.80978  2.19944  4.28398  2.50555  3.59028  3.69691  2.02810  3.24059  4.06308  2.90026  3.81796  2.73297  2.29425  2.70192  2.93457  3.34999  5.41157  4.09799     53 k - - -
          2.68618  4.42225  2.77519  2.73123  3.46354  2.40513  3.72494  3.29354  2.67741  2.69355  4.24690  2.90347  2.73739  3.18146  2.89801  2.37887  2.77519  2.98518  4.58477  3.61503
          0.03123  3.87793  4.60027  0.61958  0.77255  0.52778  0.89139
     37   2.72298  5.15674  1.88211  2.16974  4.48779  2.89233  3.65400  3.96701  2.54033  3.49150  4.29763  2.47009  3.77519  2.49801  3.06670  2.35595  2.99047  3.56145  5.66860  4.23864     54 d - - -
          2.68618  4.42225  2.77519  2.73123  3.46354  2.40513  3.72494  3.29354  2.67741  2.69355  4.24690  2.90347  2.73739  3.18146  2.89801  2.37887  2.77519  2.98518  4.58477  3.61503
          0.07892  3.91994  2.88163  0.61958  0.77255  0.55370  0.85524
     38   2.58126  4.34236  3.39600  2.84384  3.32480  2.74323  3.72095  2.88099  2.65438  2.39186  3.47252  3.23640  3.89995  3.06462  2.75930  2.77397  2.82375  2.65133  2.94708  3.45042     55 l - - -
          2.68618  4.42225  2.77519  2.73123  3.46354  2.40513  3.72494  3.29354  2.67741  2.69355  4.24690  2.90347  2.73739  3.18146  2.89801  2.37887  2.77519  2.98518  4.58477  3.61503
          0.03140  3.87242  4.59477  0.61958  0.77255  0.59438  0.80275
     39   2.56142  4.53377  3.12973  2.66808  3.88412  2.11754  3.72903  3.29060  2.44771  2.60651  3.83098  3.09077  3.82083  2.94349  2.38262  2.67140  2.85529  2.98872  5.19905  3.91693     56 g - - -
          2.68618  4.42225  2.77519  2.73123  3.46354  2.40513  3.72494  3.29354  2.67741  2.69355  4.24690  2.90347  2.73739  3.18146  2.89801  2.37887  2.77519  2.98518  4.58477  3.61503
          0.03140  3.87242  4.59477  0.61958  0.77255  0.52464  0.89592
     40   2.62401  4.62861  3.10497  2.72545  4.22612  1.74937  3.81991  3.68281  2.46610  3.27848  4.14594  3.13186  3.83522  3.01921  1.93388  2.71545  2.95925  3.30237  5.40679  4.17345     57 g - - -
          2.68618  4.42225  2.77519  2.73123  3.46354  2.40513  3.72494  3.29354  2.67741  2.69355  4.24690  2.90347  2.73739  3.18146  2.89801  2.37887  2.77519  2.98518  4.58477  3.61503
          0.09467  3.91994  2.65234  0.61958  0.77255  0.55370  0.85524
     41   2.54823  4.60765  2.68075  2.46474  3.28095  2.37498  3.65651  3.28060  2.51767  2.92510  3.77739  2.95648  3.78407  2.85665  2.74745  2.62279  2.80942  2.97933  5.17304  3.84352     58 g - - -
          2.68618  4.42225  2.77519  2.73123  3.46354  2.40513  3.72494  3.29354  2.67741  2.69355  4.24690  2.90347  2.73739  3.18146  2.89801  2.37887  2.77519  2.98518  4.58477  3.61503
          0.03189  3.85716  4.57950  0.61958  0.77255  0.60671  0.78777
     42   2.58257  4.78442  2.65435  2.39383  4.13520  3.31783  3.61061  3.54947  2.34546  3.13694  3.95720  2.89936  3.11927  2.76229  2.15200  2.61040  2.62274  3.20151  5.35076  4.02316     59 r - - -
          2.68618  4.42225  2.77519  2.73123  3.46354  2.40513  3.72494  3.29354  2.67741  2.69355  4.24690  2.90347  2.73739  3.18146  2.89801  2.37887  2.77519  2.98518  4.58477  3.61503
          0.03189  3.85716  4.57950  0.61958  0.77255  0.49852  0.93504
     43   2.72354  5.11704  1.84209  2.23488  4.43140  3.28768  3.63840  3.91166  2.43845  3.43765  4.24628  2.51911  3.79330  2.78082  2.29452  2.68159  2.97952  3.51982  5.59297  4.19113     60 d - - -
          2.68618  4.42225  2.77519  2.73123  3.46354  2.40513  3.72494  3.29354  2.67741  2.69355  4.24690  2.90347  2.73739  3.18146  2.89801  2.37887  2.77519  2.98518  4.58477  3.61503
          0.02954  3.93242  4.65477  0.61958  0.77255  0.45191  1.01173
     44   2.99439  5.49700  1.08806  1.94228  4.79476  3.22052  3.81670  4.31040  2.87376  3.84758  4.73613  2.70860  3.86564  2.99935  3.47183  2.88040  3.29797  3.90069  5.98868  4.50116     61 d - - -
          2.68618  4.42225  2.77519  2.73123  3.46354  2.40513  3.72494  3.29354  2.67741  2.69355  4.24690  2.90347  2.73739  3.18146  2.89801  2.37887  2.77519  2.98518  4.58477  3.61503
          0.02785  3.99078  4.71313  0.61958  0.77255  0.48576  0.95510
     45   2.71765  5.07836  1.95554  1.77748  4.34411  3.31448  3.66131  3.07115  2.51722  3.34333  4.16978  2.80521  3.80865  2.80780  3.02102  2.68728  2.96936  3.38779  5.56529  4.16361     62 e - - -
          2.68618  4.42225  2.77519  2.73123  3.46354  2.40513  3.72494  3.29354  2.67741  2.69355  4.24690  2.90347  2.73739  3.18146  2.89801  2.37887  2.77519  2.98518  4.58477  3.61503
          0.02785  3.99078  4.71313  0.61958  0.77255  0.48576  0.95510
     46   2.72999  4.28531  4.03382  3.51465  3.54871  3.78605  4.34245  1.93709  3.41504  2.30911  3.43427  3.79747  4.23525  3.72319  3.69367  3.12880  2.04727  1.52330  5.21803  4.00143     63 v - - -
          2.68618  4.42225  2.77519  2.73123  3.46354  2.40513  3.72494  3.29354  2.67741  2.69355  4.24690  2.90347  2.73739  3.18146  2.89801  2.37887  2.77519  2.98518  4.58477  3.61503
          0.02785  3.99078  4.71313  0.61958  0.77255  0.48576  0.95510
     47   2.03006  4.19640  3.33660  3.10957  4.27860  2.95283  4.21722  3.65624  3.18313  3.39997  4.26682  3.28595  3.70662  3.49669  3.48344  1.10361  2.74401  3.14256  5.64262  4.39796     64 s - - -
          2.68618  4.42225  2.77519  2.73123  3.46354  2.40513  3.72494  3.29354  2.67741  2.69355  4.24690  2.90347  2.73739  3.18146  2.89801  2.37887  2.77519  2.98518  4.58477  3.61503
          0.02785  3.99078  4.71313  0.61958  0.77255  0.48576  0.95510
     48   1.18552  4.14574  3.45936  3.19085  4.23787  2.94328  4.24043  3.56755  3.23337  3.33429  4.19426  3.32345  3.69667  3.53029  3.52580  1.84775  2.71079  3.06922  5.61185  4.39455     65 a - - -
          2.68618  4.42225  2.77519  2.73123  3.46354  2.40513  3.72494  3.29354  2.67741  2.69355  4.24690  2.90347  2.73739  3.18146  2.89801  2.37887  2.77519  2.98518  4.58477  3.61503
          0.02785  3.99078  4.71313  0.61958  0.77255  0.48576  0.95510
     49   3.13147  4.50778  4.61644  4.06177  3.18271  4.35239  4.70303  2.05555  3.92089  1.15184  2.67979  4.33542  4.60810  4.12028  4.10036  3.69061  3.36773  1.69288  5.17238  4.05336     66 l - - -
          2.68618  4.42225  2.77519  2.73123  3.46354  2.40513  3.72494  3.29354  2.67741  2.69355  4.24690  2.90347  2.73739  3.18146  2.89801  2.37887  2.77519  2.98518  4.58477  3.61503
          0.02785  3.99078  4.71313  0.61958  0.77255  0.48576  0.95510
     50   0.85585  4.25436  3.58555  3.38373  4.17289  3.07544  4.39141  3.31633  3.40310  3.19234  4.21225  3.50253  3.82598  3.73367  3.64464  2.60417  2.88979  2.95021  5.58822  4.40201     67 a - - -
          2.68618  4.42225  2.77519  2.73123  3.46354  2.40513  3.72494  3.29354  2.67741  2.69355  4.24690  2.90347  2.73739  3.18146  2.89801  2.37887  2.77519  2.98518  4.58477  3.61503
          0.02785  3.99078  4.71313  0.61958  0.77255  0.48576  0.95510
     51   2.73977  4.74505  3.04597  2.62253  3.50107  3.48010  1.98082  3.38532  2.47300  2.56914  3.88935  2.71914  3.92122  2.94221  2.81661  2.80655  2.98410  3.10943  4.93344  3.46620     68 h - - -
          2.68618  4.42225  2.77519  2.73123  3.46354  2.40513  3.72494  3.29354  2.67741  2.69355  4.24690  2.90347  2.73739  3.18146  2.89801  2.37887  2.77519  2.98518  4.58477  3.61503
          0.02785  3.99078  4.71313  0.61958  0.77255  0.48576  0.95510
     52   1.27242  4.19773  3.75883  3.38622  3.87351  3.20970  4.30897  2.69726  3.32065  2.74850  3.80447  3.53251  3.89036  3.63925  3.59305  2.64568  2.83289  2.03502  5.42793  4.20447     69 a - - -
          2.68618  4.42225  2.77519  2.73123  3.46354  2.40513  3.72494  3.29354  2.67741  2.69355  4.24690  2.90347  2.73739  3.18146  2.89801  2.37887  2.77519  2.98518  4.58477  3.61503
          0.02785  3.99078  4.71313  0.61958  0.77255  0.48576  0.95510
     53   2.66206  4.86321  2.73280  2.40405  4.10527  3.32069  2.37662  3.68224  2.48014  3.25691  4.08933  2.31527  3.82126  2.86087  2.90130  2.18510  2.93625  3.32319  5.38082  3.99180     70 s - - -
          2.68618  4.42225  2.77519  2.73123  3.46354  2.40513  3.72494  3.29354  2.67741  2.69355  4.24690  2.90347  2.73739  3.18146  2.89801  2.37887  2.77519  2.98518  4.58477  3.61503
          0.02785  3.99078  4.71313  0.61958  0.77255  0.48576  0.95510
     54   2.90206  4.41328  4.28792  3.95590  3.63867  3.84493  4.73784  2.05083  3.82547  2.30595  3.58703  4.12639  4.39971  4.17729  4.02638  3.35684  3.26128  0.88797  5.44269  4.18113     71 v - - -
          2.68618  4.42225  2.77519  2.73123  3.46354  2.40513  3.72494  3.29354  2.67741  2.69355  4.24690  2.90347  2.73739  3.18146  2.89801  2.37887  2.77519  2.98518  4.58477  3.61503
          0.02785  3.99078  4.71313  0.61958  0.77255  0.48576  0.95510
     55   2.93103  5.38510  1.14242  2.14201  4.70542  3.20522  3.81259  4.28187  2.86173  3.81845  4.69405  2.34531  3.85109  2.99797  3.44837  2.83880  3.24689  3.85494  5.93196  4.43581     72 d - - -
          2.68618  4.42225  2.77519  2.73123  3.46354  2.40513  3.72494  3.29354  2.67741  2.69355  4.24690  2.90347  2.73739  3.18146  2.89801  2.37887  2.77519  2.98518  4.58477  3.61503
          0.02785  3.99078  4.71313  0.61958  0.77255  0.48576  0.95510
     56   3.53863  4.87011  4.27626  4.01241  2.79605  3.86619  4.05216  3.56842  3.73264  2.94238  4.19657  4.13784  4.39405  4.11414  3.83980  3.74115  3.84528  3.46201  0.67709  2.79216     73 W - - -
          2.68618  4.42225  2.77519  2.73123  3.46354  2.40513  3.72494  3.29354  2.67741  2.69355  4.24690  2.90347  2.73739  3.18146  2.89801  2.37887  2.77519  2.98518  4.58477  3.61503
          0.02785  3.99078  4.71313  0.61958  0.77255  0.48576  0.95510
     57   3.14225  4.97083  3.64530  3.13322  4.35553  3.60604  3.91518  3.90641  2.29230  3.40090  4.39903  3.48339  4.10379  3.13053  0.81198  3.22134  3.40075  3.62551  5.39119  4.25828     74 r - - -
          2.68618  4.42225  2.77519  2.73123  3.46354  2.40513  3.72494  3.29354  2.67741  2.69355  4.24690  2.90347  2.73739  3.18146  2.89801  2.37887  2.77519  2.98518  4.58477  3.61503
          0.02785  3.99078  4.71313  0.61958  0.77255  0.48576  0.95510
     58   3.05774  5.18926  2.54275  0.86820  4.55088  3.35298  3.95165  4.02844  2.84734  3.62712  4.59722  3.00524  3.96357  3.16567  3.26748  3.02888  3.36330  3.70056  5.70019  4.42401     75 e - - -
          2.68618  4.42225  2.77519  2.73123  3.46354  2.40513  3.72494  3.29354  2.67741  2.69355  4.24690  2.90347  2.73739  3.18146  2.89801  2.37887  2.77519  2.98518  4.58477  3.61503
          0.02785  3.99078  4.71313  0.61958  0.77255  0.48576  0.95510
     59   2.47974  4.32461  3.53664  3.29573  4.07679  3.15957  4.30357  3.21847  3.24103  3.07773  4.12170  3.48507  3.87313  3.63022  3.49318  2.68247  0.98608  2.90066  5.50416  4.29382     76 t - - -
          2.68618  4.42225  2.77519  2.73123  3.46354  2.40513  3.72494  3.29354  2.67741  2.69355  4.24690  2.90347  2.73739  3.18146  2.89801  2.37887  2.77519  2.98518  4.58477  3.61503
          0.02785  3.99078  4.71313  0.61958  0.77255  0.48576  0.95510
     60   3.11998  5.26235  0.76213  2.41536  4.65604  3.30324  4.03994  4.27184  3.14718  3.85961  4.84151  2.97720  3.96452  3.28014  3.67852  3.06984  3.46151  3.89883  5.80136  4.51096     77 d - - -
          2.68618  4.42225  2.77519  2.73123  3.46354  2.40513  3.72494  3.29354  2.67741  2.69355  4.24690  2.90347  2.73739  3.18146  2.89801  2.37887  2.77519  2.98518  4.58477  3.61503
          0.02785  3.99078  4.71313  0.61958  0.77255  0.48576  0.95510
     61   2.79405  5.08846  2.85123  2.42980  4.43040  3.43918  3.61253  3.85333  1.99450  3.35942  4.17903  1.90366  3.87202  2.50275  2.34908  2.77322  3.01419  3.49436  5.49048  4.18043     78 n - - -
          2.68618  4.42225  2.77519  2.73123  3.46354  2.40513  3.72494  3.29354  2.67741  2.69355  4.24690  2.90347  2.73739  3.18146  2.89801  2.37887  2.77519  2.98518  4.58477  3.61503
          0.02785  3.99078  4.71313  0.61958  0.77255  0.48576  0.95510
     62   0.85585  4.25436  3.58555  3.38373  4.17289  3.07544  4.39141  3.31633  3.40310  3.19234  4.21225  3.50253  3.82598  3.73367  3.64464  2.60417  2.88979  2.95021  5.58822  4.40201     79 a - - -
          2.68618  4.42225  2.77519  2.73123  3.46354  2.40513  3.72494  3.29354  2.67741  2.69355  4.24690  2.90347  2.73739  3.18146  2.89801  2.37887  2.77519  2.98518  4.58477  3.61503
          0.02785  3.99078  4.71313  0.61958  0.77255  0.48576  0.95510
     63   3.13129  4.92570  3.24765  3.02069  3.37256  3.55181  0.91558  3.85247  2.86075  3.33107  4.38420  3.42476  4.11147  3.38881  3.11876  3.20125  3.43918  3.58541  4.83582  3.32034     80 h - - -
          2.68618  4.42225  2.77519  2.73123  3.46354  2.40513  3.72494  3.29354  2.67741  2.69355  4.24690  2.90347  2.73739  3.18146  2.89801  2.37887  2.77519  2.98518  4.58477  3.61503
          0.02785  3.99078  4.71313  0.61958  0.77255  0.48576  0.95510
     64   2.89966  4.31547  4.41902  3.89974  3.53997  4.10470  4.64064  1.35388  3.79047  2.18263  3.38539  4.14375  4.48385  4.07321  4.02259  3.45840  2.63900  1.46615  5.33331  4.13035     81 i - - -
          2.68618  4.42225  2.77519  2.73123  3.46354  2.40513  3.72494  3.29354  2.67741  2.69355  4.24690  2.90347  2.73739  3.18146  2.89801  2.37887  2.77519  2.98518  4.58477  3.61503
          0.02785  3.99078  4.71313  0.61958  0.77255  0.48576  0.95510
     65   3.18407  4.56356  4.54440  4.07408  1.37724  4.24798  4.17202  2.02636  3.93727  1.79885  3.15958  4.19671  4.56034  4.08001  4.07367  3.61316  3.43126  2.35165  4.45874  2.92322     82 f - - -
          2.68618  4.42225  2.77519  2.73123  3.46354  2.40513  3.72494  3.29354  2.67741  2.69355  4.24690  2.90347  2.73739  3.18146  2.89801  2.37887  2.77519  2.98518  4.58477  3.61503
          0.02785  3.99078  4.71313  0.61958  0.77255  0.48576  0.95510
     66   2.76624  4.65586  3.46116  2.85872  3.78564  3.58791  3.76565  3.04265  2.34961  2.44989  3.71667  3.26635  3.99293  2.97964  1.63607  2.89749  3.00307  2.54139  5.16587  3.90123     83 r - - -
          2.68618  4.42225  2.77519  2.73123  3.46354  2.40513  3.72494  3.29354  2.67741  2.69355  4.24690  2.90347  2.73739  3.18146  2.89801  2.37887  2.77519  2.98518  4.58477  3.61503
          0.02785  3.99078  4.71313  0.61958  0.77255  0.48576  0.95510
     67   1.30699  4.20036  3.77167  3.39269  3.85688  3.22922  4.31077  2.65873  3.32603  2.72541  3.78472  3.54340  3.90321  3.64343  3.59879  2.66241  2.83980  1.97293  5.41742  4.19459     84 a - - -
          2.68618  4.42225  2.77519  2.73123  3.46354  2.40513  3.72494  3.29354  2.67741  2.69355  4.24690  2.90347  2.73739  3.18146  2.89801  2.37887  2.77519  2.98518  4.58477  3.61503
          0.02785  3.99078  4.71313  0.61958  0.77255  0.48576  0.95510
     68   3.11998  5.26235  0.76213  2.41536  4.65604  3.30324  4.03994  4.27184  3.14718  3.85961  4.84151  2.97720  3.96452  3.28014  3.67852  3.06984  3.46151  3.89883  5.80136  4.51096     85 d - - -
          2.68618  4.42225  2.77519  2.73123  3.46354  2.40513  3.72494  3.29354  2.67741  2.69355  4.24690  2.90347  2.73739  3.18146  2.89801  2.37887  2.77519  2.98518  4.58477  3.61503
          0.02785  3.99078  4.71313  0.61958  0.77255  0.48576  0.95510
     69   3.26702  4.63697  4.67529  4.16463  3.11197  4.44444  4.77104  1.92414  3.95877  0.90924  2.96621  4.44051  4.69451  4.19184  4.12210  3.82664  3.51016  2.16294  5.16300  3.98779     86 l - - -
          2.68618  4.42225  2.77519  2.73123  3.46354  2.40513  3.72494  3.29354  2.67741  2.69355  4.24690  2.90347  2.73739  3.18146  2.89801  2.37887  2.77519  2.98518  4.58477  3.61503
          0.02785  3.99078  4.71313  0.61958  0.77255  0.48576  0.95510
     70   2.91482  4.65124  3.53499  3.39196  4.37505  3.33211  4.45877  3.95202  3.45960  3.56559  4.62127  3.68620  0.63435  3.84479  3.69078  3.08627  3.36594  3.58372  5.52807  4.49770     87 P - - -
          2.68618  4.42225  2.77519  2.73123  3.46354  2.40513  3.72494  3.29354  2.67741  2.69355  4.24690  2.90347  2.73739  3.18146  2.89801  2.37887  2.77519  2.98518  4.58477  3.61503
          0.02785  3.99078  4.71313  0.61958  0.77255  0.48576  0.95510
     71   2.81784  4.58036  3.51574  3.43078  4.56866  0.56784  4.54277  4.19808  3.62807  3.83707  4.81460  3.68020  3.97524  3.94297  3.85010  2.99334  3.30830  3.70358  5.63148  4.67494     88 G - - -
          2.68618  4.42225  2.77519  2.73123  3.46354  2.40513  3.72494  3.29354  2.67741  2.69355  4.24690  2.90347  2.73739  3.18146  2.89801  2.37887  2.77519  2.98518  4.58477  3.61503
          0.02785  3.99078  4.71313  0.61958  0.77255  0.48576  0.95510
     72   2.90206  4.41328  4.28792  3.95590  3.63867  3.84493  4.73784  2.05083  3.82547  2.30595  3.58703  4.12639  4.39971  4.17729  4.02638  3.35684  3.26128  0.88797  5.44269  4.18113     89 v - - -
          2.68618  4.42225  2.77519  2.73123  3.46354  2.40513  3.72494  3.29354  2.67741  2.69355  4.24690  2.90347  2.73739  3.18146  2.89801  2.37887  2.77519  2.98518  4.58477  3.61503
          0.02785  3.99078  4.71313  0.61958  0.77255  0.48576  0.95510
     73   3.06021  5.16353  3.48180  2.80821  4.62077  3.67069  3.61042  3.96598  1.38398  3.40638  4.28012  3.20519  4.03836  2.74598  1.49538  3.05639  3.22469  3.65001  5.44515  4.28295     90 k - - -
          2.68618  4.42225  2.77519  2.73123  3.46354  2.40513  3.72494  3.29354  2.67741  2.69355  4.24690  2.90347  2.73739  3.18146  2.89801  2.37887  2.77519  2.98518  4.58477  3.61503
          0.02785  3.99078  4.71313  0.61958  0.77255  0.48576  0.95510
     74   3.03301  5.13413  3.38608  2.77851  4.57142  3.63543  3.62899  3.93553  1.15243  3.39510  4.27356  3.18699  4.02480  2.76987  1.90732  3.03385  3.21246  3.61913  5.44623  4.26757     91 k - - -
          2.68618  4.42225  2.77519  2.73123  3.46354  2.40513  3.72494  3.29354  2.67741  2.69355  4.24690  2.90347  2.73739  3.18146  2.89801  2.37887  2.77519  2.98518  4.58477  3.61503
          0.02785  3.99078  4.71313  0.61958  0.77255  0.48576  0.95510
     75   3.05774  5.18926  2.54275  0.86820  4.55088  3.35298  3.95165  4.02844  2.84734  3.62712  4.59722  3.00524  3.96357  3.16567  3.26748  3.02888  3.36330  3.70056  5.70019  4.42401     92 e - - -
          2.68618  4.42225  2.77519  2.73123  3.46354  2.40513  3.72494  3.29354  2.67741  2.69355  4.24690  2.90347  2.73739  3.18146  2.89801  2.37887  2.77519  2.98518  4.58477  3.61503
          0.02785  3.99078  4.71313  0.61958  0.77255  0.48576  0.95510
     76   2.96763  5.53477  1.32260  1.61459  4.81939  3.21897  3.77921  4.33889  2.81265  3.84578  4.70915  2.68495  3.84951  2.94987  3.41430  2.84682  3.26012  3.91455  5.99649  4.49033     93 d - - -
          2.68618  4.42225  2.77519  2.73123  3.46354  2.40513  3.72494  3.29354  2.67741  2.69355  4.24690  2.90347  2.73739  3.18146  2.89801  2.37887  2.77519  2.98518  4.58477  3.61503
          0.02785  3.99078  4.71313  0.61958  0.77255  0.48576  0.95510
     77   3.07529  4.47339  4.54877  4.04489  3.30003  4.25837  4.71922  1.97672  3.88433  1.31434  3.15685  4.29560  4.59063  4.14916  4.07958  3.63400  3.34025  1.41399  5.24947  4.05422     94 l - - -
          2.68618  4.42225  2.77519  2.73123  3.46354  2.40513  3.72494  3.29354  2.67741  2.69355  4.24690  2.90347  2.73739  3.18146  2.89801  2.37887  2.77519  2.98518  4.58477  3.61503
          0.02785  3.99078  4.71313  0.61958  0.77255  0.48576  0.95510
     78   3.08285  5.04860  3.26653  2.86747  4.46210  3.55817  3.82900  3.89909  0.88721  3.43902  4.39532  3.28627  4.05117  3.01465  2.45994  3.11780  3.32793  3.60064  5.46909  4.29943     95 k - - -
          2.68618  4.42225  2.77519  2.73123  3.46354  2.40513  3.72494  3.29354  2.67741  2.69355  4.24690  2.90347  2.73739  3.18146  2.89801  2.37887  2.77519  2.98518  4.58477  3.61503
          0.02785  3.99078  4.71313  0.61958  0.77255  0.48576  0.95510
     79   2.90206  4.41328  4.28792  3.95590  3.63867  3.84493  4.73784  2.05083  3.82547  2.30595  3.58703  4.12639  4.39971  4.17729  4.02638  3.35684  3.26128  0.88797  5.44269  4.18113     96 v - - -
          2.68618  4.42225  2.77519  2.73123  3.46354  2.40513  3.72494  3.29354  2.67741  2.69355  4.24690  2.90347  2.73739  3.18146  2.89801  2.37887  2.77519  2.98518  4.58477  3.61503
          0.02785  3.99078  4.71313  0.61958  0.77255  0.48576  0.95510
     80   2.86479  5.03227  2.85675  2.51707  4.02697  3.45479  3.00572  3.79006  2.28916  3.29690  4.18521  3.00729  3.92647  1.50927  2.60063  2.86338  3.10207  3.46937  5.28613  3.88357     97 q - - -
          2.68618  4.42225  2.77519  2.73123  3.46354  2.40513  3.72494  3.29354  2.67741  2.69355  4.24690  2.90347  2.73739  3.18146  2.89801  2.37887  2.77519  2.98518  4.58477  3.61503
          0.02785  3.99078  4.71313  0.61958  0.77255  0.48576  0.95510
     81   2.99861  4.42300  4.46829  4.00747  3.46881  4.14776  4.73720  1.89686  3.84137  1.88529  3.36209  4.23803  4.55554  4.16671  4.05677  3.55258  3.29172  1.04980  5.36090  4.10231     98 v - - -
          2.68618  4.42225  2.77519  2.73123  3.46354  2.40513  3.72494  3.29354  2.67741  2.69355  4.24690  2.90347  2.73739  3.18146  2.89801  2.37887  2.77519  2.98518  4.58477  3.61503
          0.02785  3.99078  4.71313  0.61958  0.77255  0.48576  0.95510
     82   3.05774  5.18926  2.54275  0.86820  4.55088  3.35298  3.95165  4.02844  2.84734  3.62712  4.59722  3.00524  3.96357  3.16567  3.26748  3.02888  3.36330  3.70056  5.70019  4.42401     99 e - - -
          2.68618  4.42225  2.77519  2.73123  3.46354  2.40513  3.72494  3.29354  2.67741  2.69355  4.24690  2.90347  2.73739  3.18146  2.89801  2.37887  2.77519  2.98518  4.58477  3.61503
          0.02785  3.99078  4.71313  0.61958  0.77255  0.48576  0.95510
     83   2.97753  5.53451  1.22845  1.72913  4.82016  3.21785  3.78851  4.33913  2.83093  3.85206  4.72212  2.68738  3.85352  2.96229  3.43425  2.85652  3.27289  3.91781  6.00208  4.49733    100 d - - -
          2.68618  4.42225  2.77519  2.73123  3.46354  2.40513  3.72494  3.29354  2.67741  2.69355  4.24690  2.90347  2.73739  3.18146  2.89801  2.37887  2.77519  2.98518  4.58477  3.61503
          0.08273  3.99078  2.79834  0.61958  0.77255  0.48576  0.95510
     84   2.44724  4.53022  2.72934  2.53732  4.34683  1.86402  3.89333  3.82230  2.80455  3.43512  4.26264  2.11551  3.72867  3.09590  3.22648  2.28995  2.85058  3.34050  5.62288  4.29669    101 g - - -
          2.68618  4.42225  2.77519  2.73123  3.46354  2.40513  3.72494  3.29354  2.67741  2.69355  4.24690  2.90347  2.73739  3.18146  2.89801  2.37887  2.77519  2.98518  4.58477  3.61503
          0.02939  3.93745  4.65980  0.61958  0.77255  0.45456  1.00710
     85   2.81681  5.03228  2.62020  2.40795  4.39647  3.32988  3.73958  3.89241  2.13366  3.45565  4.31896  1.48642  3.87874  2.91391  2.79828  2.80988  3.09917  3.52520  5.56986  4.21732    102 n - - -
          2.68618  4.42225  2.77519  2.73123  3.46354  2.40513  3.72494  3.29354  2.67741  2.69355  4.24690  2.90347  2.73739  3.18146  2.89801  2.37887  2.77519  2.98518  4.58477  3.61503
          0.02785  3.99078  4.71313  0.61958  0.77255  0.48576  0.95510
     86   3.10699  4.44384  4.71613  4.17867  3.35026  4.40500  4.83848  1.19012  4.04871  1.81284  2.70633  4.42608  4.67651  4.27142  4.23203  3.76032  3.35375  1.69191  5.32276  4.17341    103 i - - -
          2.68618  4.42225  2.77519  2.73123  3.46354  2.40513  3.72494  3.29354  2.67741  2.69355  4.24690  2.90347  2.73739  3.18146  2.89801  2.37887  2.77519  2.98518  4.58477  3.61503
          0.02785  3.99078  4.71313  0.61958  0.77255  0.48576  0.95510
     87   3.28973  4.71763  4.37904  4.02065  3.18396  4.13156  4.63934  2.39579  3.78723  0.74218  3.17217  4.28461  4.54737  4.12719  3.94345  3.71803  3.57905  2.46360  5.10492  3.85514    104 l - - -
          2.68618  4.42225  2.77519  2.73123  3.46354  2.40513  3.72494  3.29354  2.67741  2.69355  4.24690  2.90347  2.73739  3.18146  2.89801  2.37887  2.77519  2.98518  4.58477  3.61503
          0.02785  3.99078  4.71313  0.61958  0.77255  0.48576  0.95510
     88   2.85383  5.15828  2.74549  2.20963  4.49719  3.42977  3.63537  3.91571  2.00094  3.41638  4.25098  2.92171  3.88981  1.68916  2.53871  2.81990  3.07605  3.56004  5.54541  4.23277    105 q - - -
          2.68618  4.42225  2.77519  2.73123  3.46354  2.40513  3.72494  3.29354  2.67741  2.69355  4.24690  2.90347  2.73739  3.18146  2.89801  2.37887  2.77519  2.98518  4.58477  3.61503
          0.02785  3.99078  4.71313  0.61958  0.77255  0.48576  0.95510
     89   3.12376  4.51136  4.50096  4.12226  3.45595  4.19198  4.82952  0.94243  3.95265  2.01924  3.37438  4.35116  4.61300  4.28957  4.13584  3.69980  3.42132  1.85577  5.37033  4.11796    106 i - - -
          2.68618  4.42225  2.77519  2.73123  3.46354  2.40513  3.72494  3.29354  2.67741  2.69355  4.24690  2.90347  2.73739  3.18146  2.89801  2.37887  2.77519  2.98518  4.58477  3.61503
          0.02785  3.99078  4.71313  0.61958  0.77255  0.48576  0.95510
     90   2.49327  4.49090  3.14427  2.78565  4.14324  3.19009  3.89170  3.61600  2.62662  3.24900  4.11367  3.15090  3.80474  3.10877  2.52029  1.33867  2.87245  3.21087  5.42829  4.14134    107 s - - -
          2.68618  4.42225  2.77519  2.73123  3.46354  2.40513  3.72494  3.29354  2.67741  2.69355  4.24690  2.90347  2.73739  3.18146  2.89801  2.37887  2.77519  2.98518  4.58477  3.61503
          0.02785  3.99078  4.71313  0.61958  0.77255  0.48576  0.95510
     91   2.81784  4.58036  3.51574  3.43078  4.56866  0.56784  4.54277  4.19808  3.62807  3.83707  4.81460  3.68020  3.97524  3.94297  3.85010  2.99334  3.30830  3.70358  5.63148  4.67494    108 G - - -
          2.68618  4.42225  2.77519  2.73123  3.46354  2.40513  3.72494  3.29354  2.67741  2.69355  4.24690  2.90347  2.73739  3.18146  2.89801  2.37887  2.77519  2.98518  4.58477  3.61503
          0.02785  3.99078  4.71313  0.61958  0.77255  0.48576  0.95510
     92   2.89247  5.26133  2.39766  1.26868  4.54327  3.30947  3.72929  4.02313  2.53241  3.54663  4.41784  2.81007  3.87017  2.51179  2.96373  2.83060  3.15855  3.65772  5.70853  4.31015    109 e - - -
          2.68618  4.42225  2.77519  2.73123  3.46354  2.40513  3.72494  3.29354  2.67741  2.69355  4.24690  2.90347  2.73739  3.18146  2.89801  2.37887  2.77519  2.98518  4.58477  3.61503
          0.02785  3.99078  4.71313  0.61958  0.77255  0.48576  0.95510
     93   3.05976  5.16365  3.48070  2.80747  4.62085  3.67035  3.61033  3.96616  1.37702  3.40653  4.28013  3.20470  4.03806  2.74584  1.50401  3.05584  3.22430  3.65005  5.44532  4.28290    110 k - - -
          2.68618  4.42225  2.77519  2.73123  3.46354  2.40513  3.72494  3.29354  2.67741  2.69355  4.24690  2.90347  2.73739  3.18146  2.89801  2.37887  2.77519  2.98518  4.58477  3.61503
          0.02785  3.99078  4.71313  0.61958  0.77255  0.48576  0.95510
     94   2.61368  4.25848  3.97580  3.54805  3.69008  3.54896  4.40215  2.22205  3.43946  2.46571  3.58929  3.74815  4.12577  3.77083  3.69746  2.95720  2.15907  1.30886  5.34579  4.12208    111 v - - -
          2.68618  4.42225  2.77519  2.73123  3.46354  2.40513  3.72494  3.29354  2.67741  2.69355  4.24690  2.90347  2.73739  3.18146  2.89801  2.37887  2.77519  2.98518  4.58477  3.61503
          0.02785  3.99078  4.71313  0.61958  0.77255  0.48576  0.95510
     95   2.81567  4.96120  3.12098  2.59731  4.28322  3.51195  3.63243  3.65481  1.41350  3.20546  4.07347  3.06175  3.92186  2.49807  2.40309  2.83626  3.03118  2.98143  5.38430  4.12047    112 k - - -
          2.68618  4.42225  2.77519  2.73123  3.46354  2.40513  3.72494  3.29354  2.67741  2.69355  4.24690  2.90347  2.73739  3.18146  2.89801  2.37887  2.77519  2.98518  4.58477  3.61503
          0.02785  3.99078  4.71313  0.61958  0.77255  0.48576  0.95510
     96   3.05774  5.18926  2.54275  0.86820  4.55088  3.35298  3.95165  4.02844  2.84734  3.62712  4.59722  3.00524  3.96357  3.16567  3.26748  3.02888  3.36330  3.70056  5.70019  4.42401    113 e - - -
          2.68618  4.42225  2.77519  2.73123  3.46354  2.40513  3.72494  3.29354  2.67741  2.69355  4.24690  2.90347  2.73739  3.18146  2.89801  2.37887  2.77519  2.98518  4.58477  3.61503
          0.02785  3.99078  4.71313  0.61958  0.77255  0.48576  0.95510
     97   2.86837  5.17108  2.87438  2.25780  4.54074  3.47353  3.61181  3.94627  1.54284  3.42320  4.25156  2.96132  3.90452  2.15364  2.41879  2.83504  3.07731  3.58697  5.52697  4.23902    114 k - - -
          2.68618  4.42225  2.77519  2.73123  3.46354  2.40513  3.72494  3.29354  2.67741  2.69355  4.24690  2.90347  2.73739  3.18146  2.89801  2.37887  2.77519  2.98518  4.58477  3.61503
          0.02785  3.99078  4.71313  0.61958  0.77255  0.48576  0.95510
     98   3.05774  5.18926  2.54275  0.86820  4.55088  3.35298  3.95165  4.02844  2.84734  3.62712  4.59722  3.00524  3.96357  3.16567  3.26748  3.02888  3.36330  3.70056  5.70019  4.42401    115 e - - -
          2.68618  4.42225  2.77519  2.73123  3.46354  2.40513  3.72494  3.29354  2.67741  2.69355  4.24690  2.90347  2.73739  3.18146  2.89801  2.37887  2.77519  2.98518  4.58477  3.61503
          0.02785  3.99078  4.71313  0.61958  0.77255  0.48576  0.95510
     99   2.81947  5.33854  1.95849  1.60133  4.63932  3.27341  3.67783  4.12785  2.11605  3.62273  4.43070  2.73418  3.81645  2.81948  3.06441  2.73736  3.07876  3.71113  5.77527  4.32615    116 e - - -
          2.68618  4.42225  2.77519  2.73123  3.46354  2.40513  3.72494  3.29354  2.67741  2.69355  4.24690  2.90347  2.73739  3.18146  2.89801  2.37887  2.77519  2.98518  4.58477  3.61503
          0.02785  3.99078  4.71313  0.61958  0.77255  0.48576  0.95510
    100   2.41647  4.65819  2.98405  2.35404  3.94014  3.04274  3.65752  3.34083  2.48368  2.97246  3.80441  2.97551  3.79937  2.57171  2.92533  2.39065  2.46830  2.72191  5.24076  3.92884    117 e - - -
          2.68618  4.42225  2.77519  2.73123  3.46354  2.40513  3.72494  3.29354  2.67741  2.69355  4.24690  2.90347  2.73739  3.18146  2.89801  2.37887  2.77519  2.98518  4.58477  3.61503
          0.02785  3.99078  4.71313  0.61958  0.77255  0.48576  0.95510
    101   2.75861  5.23019  1.99416  2.00964  4.54538  2.73696  3.67106  4.02765  2.55988  3.54257  4.34395  2.13043  3.79913  2.81226  3.09564  2.69560  2.73118  3.61703  5.71458  4.27442    118 d - - -
          2.68618  4.42225  2.77519  2.73123  3.46354  2.40513  3.72494  3.29354  2.67741  2.69355  4.24690  2.90347  2.73739  3.18146  2.89801  2.37887  2.77519  2.98518  4.58477  3.61503
          0.02785  3.99078  4.71313  0.61958  0.77255  0.48576  0.95510
    102   2.98588  5.52451  1.15748  1.83051  4.81350  3.21808  3.79936  4.33098  2.84910  3.85286  4.73044  2.69365  3.85825  2.97669  3.45163  2.86659  3.28447  3.91413  6.00074  4.50101    119 d - - -
          2.68618  4.42225  2.77519  2.73123  3.46354  2.40513  3.72494  3.29354  2.67741  2.69355  4.24690  2.90347  2.73739  3.18146  2.89801  2.37887  2.77519  2.98518  4.58477  3.61503
          0.02785  3.99078  4.71313  0.61958  0.77255  0.48576  0.95510
    103   2.98791  5.16915  3.31467  2.69365  4.59978  3.62270  3.59148  3.95829  1.31465  3.40056  4.25146  3.12618  3.99268  2.37777  1.91970  2.97239  3.15976  3.62673  5.45751  4.25977    120 k - - -
          2.68618  4.42225  2.77519  2.73123  3.46354  2.40513  3.72494  3.29354  2.67741  2.69355  4.24690  2.90347  2.73739  3.18146  2.89801  2.37887  2.77519  2.98518  4.58477  3.61503
          0.02785  3.99078  4.71313  0.61958  0.77255  0.48576  0.95510
    104   3.53863  4.87011  4.27626  4.01241  2.79605  3.86619  4.05216  3.56842  3.73264  2.94238  4.19657  4.13784  4.39405  4.11414  3.83980  3.74115  3.84528  3.46201  0.67709  2.79216    121 W - - -
          2.68618  4.42225  2.77519  2.73123  3.46354  2.40513  3.72494  3.29354  2.67741  2.69355  4.24690  2.90347  2.73739  3.18146  2.89801  2.37887  2.77519  2.98518  4.58477  3.61503
          0.02785  3.99078  4.71313  0.61958  0.77255  0.48576  0.95510
    105   3.13129  4.92570  3.24765  3.02069  3.37256  3.55181  0.91558  3.85247  2.86075  3.33107  4.38420  3.42476  4.11147  3.38881  3.11876  3.20125  3.43918  3.58541  4.83582  3.32034    122 h - - -
          2.68618  4.42225  2.77519  2.73123  3.46354  2.40513  3.72494  3.29354  2.67741  2.69355  4.24690  2.90347  2.73739  3.18146  2.89801  2.37887  2.77519  2.98518  4.58477  3.61503
          0.02785  3.99078  4.71313  0.61958  0.77255  0.48576  0.95510
    106   3.14225  4.97083  3.64530  3.13322  4.35553  3.60604  3.91518  3.90641  2.29230  3.40090  4.39903  3.48339  4.10379  3.13053  0.81198  3.22134  3.40075  3.62551  5.39119  4.25828    123 r - - -
          2.68618  4.42225  2.77519  2.73123  3.46354  2.40513  3.72494  3.29354  2.67741  2.69355  4.24690  2.90347  2.73739  3.18146  2.89801  2.37887  2.77519  2.98518  4.58477  3.61503
          0.02785  3.99078  4.71313  0.61958  0.77255  0.48576  0.95510
    107   3.04076  4.40336  4.64971  4.16705  3.55567  4.30510  4.90921  1.59558  4.04088  2.08979  3.38611  4.39312  4.66639  4.33279  4.25563  3.69805  3.32064  1.02339  5.49069  4.26488    124 v - - -
          2.68618  4.42225  2.77519  2.73123  3.46354  2.40513  3.72494  3.29354  2.67741  2.69355  4.24690  2.90347  2.73739  3.18146  2.89801  2.37887  2.77519  2.98518  4.58477  3.61503
          0.02785  3.99078  4.71313  0.61958  0.77255  0.48576  0.95510
    108   3.05774  5.18926  2.54275  0.86820  4.55088  3.35298  3.95165  4.02844  2.84734  3.62712  4.59722  3.00524  3.96357  3.16567  3.26748  3.02888  3.36330  3.70056  5.70019  4.42401    125 e - - -
          2.68618  4.42225  2.77519  2.73123  3.46354  2.40513  3.72494  3.29354  2.67741  2.69355  4.24690  2.90347  2.73739  3.18146  2.89801  2.37887  2.77519  2.98518  4.58477  3.61503
          0.02785  3.99078  4.71313  0.61958  0.77255  0.48576  0.95510
    109   3.14225  4.97083  3.64530  3.13322  4.35553  3.60604  3.91518  3.90641  2.29230  3.40090  4.39903  3.48339  4.10379  3.13053  0.81198  3.22134  3.40075  3.62551  5.39119  4.25828    126 r - - -
          2.68618  4.42225  2.77519  2.73123  3.46354  2.40513  3.72494  3.29354  2.67741  2.69355  4.24690  2.90347  2.73739  3.18146  2.89801  2.37887  2.77519  2.98518  4.58477  3.61503
          0.02785  3.99078  4.71313  0.61958  0.77255  0.48576  0.95510
    110   2.90944  5.10861  3.15758  2.61153  4.48952  3.55897  3.60299  3.87653  1.86858  3.35337  4.19893  3.06986  3.95149  1.70054  2.00122  2.89983  3.10136  3.54279  5.44643  4.20991    127 q - - -
          2.68618  4.42225  2.77519  2.73123  3.46354  2.40513  3.72494  3.29354  2.67741  2.69355  4.24690  2.90347  2.73739  3.18146  2.89801  2.37887  2.77519  2.98518  4.58477  3.61503
          0.02785  3.99078  4.71313  0.61958  0.77255  0.48576  0.95510
    111   2.65194  3.35174  3.48323  2.88776  3.68994  3.51167  3.78767  2.99456  2.48784  2.44090  3.64650  3.27419  3.94246  3.03920  1.74982  2.81773  2.90978  2.76382  5.07819  3.82420    128 r - - -
          2.68618  4.42225  2.77519  2.73123  3.46354  2.40513  3.72494  3.29354  2.67741  2.69355  4.24690  2.90347  2.73739  3.18146  2.89801  2.37887  2.77519  2.98518  4.58477  3.61503
          0.02785  3.99078  4.71313  0.61958  0.77255  0.48576  0.95510
    112   2.81784  4.58036  3.51574  3.43078  4.56866  0.56784  4.54277  4.19808  3.62807  3.83707  4.81460  3.68020  3.97524  3.94297  3.85010  2.99334  3.30830  3.70358  5.63148  4.67494    129 G - - -
          2.68618  4.42225  2.77519  2.73123  3.46354  2.40513  3.72494  3.29354  2.67741  2.69355  4.24690  2.90347  2.73739  3.18146  2.89801  2.37887  2.77519  2.98518  4.58477  3.61503
          0.02785  3.99078  4.71313  0.61958  0.77255  0.48576  0.95510
    113   2.24239  4.20534  3.29295  3.02686  4.31646  2.54932  4.15738  3.73380  3.11155  3.41812  4.24316  3.23806  3.68909  3.41297  3.44080  1.21469  2.43345  3.19002  5.64458  4.41385    130 s - - -
          2.68618  4.42225  2.77519  2.73123  3.46354  2.40513  3.72494  3.29354  2.67741  2.69355  4.24690  2.90347  2.73739  3.18146  2.89801  2.37887  2.77519  2.98518  4.58477  3.61503
          0.02785  3.99078  4.71313  0.61958  0.77255  0.48576  0.95510
    114   3.41183  4.77932  4.40090  4.13897  0.83634  4.07165  3.93420  2.92219  4.04331  2.26554  3.63560  4.15395  4.52844  4.17897  4.13376  3.67494  3.71346  2.92138  4.15030  2.50335    131 f - - -
          2.68618  4.42225  2.77519  2.73123  3.46354  2.40513  3.72494  3.29354  2.67741  2.69355  4.24690  2.90347  2.73739  3.18146  2.89801  2.37887  2.77519  2.98518  4.58477  3.61503
          0.02785  3.99078  4.71313  0.61958  0.77255  0.48576  0.95510
    115   2.61513  3.39678  4.04913  3.49591  3.31505  3.67523  4.14554  2.27647  3.37470  1.73426  3.27977  3.71715  4.10671  3.63613  3.59508  2.74190  2.88933  1.77203  4.89624  3.69094    132 l - - -
          2.68618  4.42225  2.77519  2.73123  3.46354  2.40513  3.72494  3.29354  2.67741  2.69355  4.24690  2.90347  2.73739  3.18146  2.89801  2.37887  2.77519  2.98518  4.58477  3.61503
          0.02785  3.99078  4.71313  0.61958  0.77255  0.48576  0.95510
    116   3.14225  4.97083  3.64530  3.13322  4.35553  3.60604  3.91518  3.90641  2.29230  3.40090  4.39903  3.48339  4.10379  3.13053  0.81198  3.22134  3.40075  3.62551  5.39119  4.25828    133 r - - -
          2.68618  4.42225  2.77519  2.73123  3.46354  2.40513  3.72494  3.29354  2.67741  2.69355  4.24690  2.90347  2.73739  3.18146  2.89801  2.37887  2.77519  2.98518  4.58477  3.61503
          0.02785  3.99078  4.71313  0.61958  0.77255  0.48576  0.95510
    117   3.05940  5.09907  3.48291  2.85206  4.53086  3.65542  3.64688  3.89860  1.76622  3.36948  4.26406  3.23720  4.04803  2.79563  1.18098  3.07572  3.23998  3.59537  5.42230  4.25808    134 r - - -
          2.68618  4.42225  2.77519  2.73123  3.46354  2.40513  3.72494  3.29354  2.67741  2.69355  4.24690  2.90347  2.73739  3.18146  2.89801  2.37887  2.77519  2.98518  4.58477  3.61503
          0.02785  3.99078  4.71313  0.61958  0.77255  0.48576  0.95510
    118   3.41183  4.77932  4.40090  4.13897  0.83634  4.07165  3.93420  2.92219  4.04331  2.26554  3.63560  4.15395  4.52844  4.17897  4.13376  3.67494  3.71346  2.92138  4.15030  2.50335    135 f - - -
          2.68618  4.42225  2.77519  2.73123  3.46354  2.40513  3.72494  3.29354  2.67741  2.69355  4.24690  2.90347  2.73739  3.18146  2.89801  2.37887  2.77519  2.98518  4.58477  3.61503
          0.02785  3.99078  4.71313  0.61958  0.77255  0.48576  0.95510
    119   2.92035  4.79019  3.56874  2.93800  3.58702  3.64837  3.69850  3.42975  2.25344  2.96704  3.92389  3.31762  4.04189  2.97383  1.31562  3.01559  3.13286  3.19184  3.37859  3.55903    136 r - - -
          2.68618  4.42225  2.77519  2.73123  3.46354  2.40513  3.72494  3.29354  2.67741  2.69355  4.24690  2.90347  2.73739  3.18146  2.89801  2.37887  2.77519  2.98518  4.58477  3.61503
          0.02785  3.99078  4.71313  0.61958  0.77255  0.48576  0.95510
    120   3.26683  4.64183  4.66084  4.15383  3.10765  4.43359  4.76010  1.95494  3.94268  0.89911  2.96761  4.42988  4.68892  4.18226  4.10703  3.81846  3.51143  2.17689  5.15595  3.97428    137 l - - -
          2.68618  4.42225  2.77519  2.73123  3.46354  2.40513  3.72494  3.29354  2.67741  2.69355  4.24690  2.90347  2.73739  3.18146  2.89801  2.37887  2.77519  2.98518  4.58477  3.61503
          0.02785  3.99078  4.71313  0.61958  0.77255  0.48576  0.95510
    121   2.91482  4.65124  3.53499  3.39196  4.37505  3.33211  4.45877  3.95202  3.45960  3.56559  4.62127  3.68620  0.63435  3.84479  3.69078  3.08627  3.36594  3.58372  5.52807  4.49770    138 P - - -
          2.68618  4.42225  2.77519  2.73123  3.46354  2.40513  3.72494  3.29354  2.67741  2.69355  4.24690  2.90347  2.73739  3.18146  2.89801  2.37887  2.77519  2.98518  4.58477  3.61503
          0.02785  3.99078  4.71313  0.61958  0.77255  0.48576  0.95510
    122   2.89404  5.23796  2.46243  1.28308  4.56052  3.33393  3.72062  3.99479  2.20312  3.53710  4.39857  2.83952  3.87904  2.88055  2.86978  2.83918  3.15261  3.63199  5.68692  4.31775    139 e - - -
          2.68618  4.42225  2.77519  2.73123  3.46354  2.40513  3.72494  3.29354  2.67741  2.69355  4.24690  2.90347  2.73739  3.18146  2.89801  2.37887  2.77519  2.98518  4.58477  3.61503
          0.02785  3.99078  4.71313  0.61958  0.77255  0.48576  0.95510
    123   2.85121  5.21342  1.99711  2.21015  4.55717  3.22383  3.79420  4.11818  2.77280  3.67491  4.53580  1.38405  3.84250  2.97702  3.30476  2.79504  3.16282  3.70658  5.79178  4.33821    140 n - - -
          2.68618  4.42225  2.77519  2.73123  3.46354  2.40513  3.72494  3.29354  2.67741  2.69355  4.24690  2.90347  2.73739  3.18146  2.89801  2.37887  2.77519  2.98518  4.58477  3.61503
          0.02785  3.99078  4.71313  0.61958  0.77255  0.48576  0.95510
    124   0.85585  4.25436  3.58555  3.38373  4.17289  3.07544  4.39141  3.31633  3.40310  3.19234  4.21225  3.50253  3.82598  3.73367  3.64464  2.60417  2.88979  2.95021  5.58822  4.40201    141 a - - -
          2.68618  4.42225  2.77519  2.73123  3.46354  2.40513  3.72494  3.29354  2.67741  2.69355  4.24690  2.90347  2.73739  3.18146  2.89801  2.37887  2.77519  2.98518  4.58477  3.61503
          0.02785  3.99078  4.71313  0.61958  0.77255  0.48576  0.95510
    125   2.66477  4.85601  2.43807  2.37111  4.10625  3.33192  3.69626  2.94493  2.55362  3.16949  4.02158  1.82007  3.82358  2.87072  3.01765  2.68755  2.92969  3.18449  5.40385  4.03231    142 n - - -
          2.68618  4.42225  2.77519  2.73123  3.46354  2.40513  3.72494  3.29354  2.67741  2.69355  4.24690  2.90347  2.73739  3.18146  2.89801  2.37887  2.77519  2.98518  4.58477  3.61503
          0.02785  3.99078  4.71313  0.61958  0.77255  0.48576  0.95510
    126   2.29588  4.32310  3.34320  2.81770  3.70380  3.31890  3.83809  3.01721  2.77672  2.55605  3.63389  3.20105  3.12280  3.10304  3.15249  2.39948  2.10995  2.50290  5.10666  3.85768    143 t - - -
          2.68618  4.42225  2.77519  2.73123  3.46354  2.40513  3.72494  3.29354  2.67741  2.69355  4.24690  2.90347  2.73739  3.18146  2.89801  2.37887  2.77519  2.98518  4.58477  3.61503
          0.02785  3.99078  4.71313  0.61958  0.77255  0.48576  0.95510
    127   2.91899  5.51463  1.56023  1.60120  4.79760  3.22214  3.74047  4.32158  2.73873  3.80653  4.64251  2.30225  3.83127  2.89961  3.33236  2.80253  3.20126  3.88609  5.96250  4.45201    144 d - - -
          2.68618  4.42225  2.77519  2.73123  3.46354  2.40513  3.72494  3.29354  2.67741  2.69355  4.24690  2.90347  2.73739  3.18146  2.89801  2.37887  2.77519  2.98518  4.58477  3.61503
          0.02785  3.99078  4.71313  0.61958  0.77255  0.48576  0.95510
    128   2.67166  5.02902  2.55543  2.32079  4.33975  2.36829  3.60210  3.78378  2.17500  3.31494  4.10904  2.85723  3.80058  2.46922  2.49737  2.65120  2.90715  3.40797  5.48649  4.12119    145 k - - -
          2.68618  4.42225  2.77519  2.73123  3.46354  2.40513  3.72494  3.29354  2.67741  2.69355  4.24690  2.90347  2.73739  3.18146  2.89801  2.37887  2.77519  2.98518  4.58477  3.61503
          0.02785  3.99078  4.71313  0.61958  0.77255  0.48576  0.95510
    129   3.12376  4.51136  4.50096  4.12226  3.45595  4.19198  4.82952  0.94243  3.95265  2.01924  3.37438  4.35116  4.61300  4.28957  4.13584  3.69980  3.42132  1.85577  5.37033  4.11796    146 i - - -
          2.68618  4.42225  2.77519  2.73123  3.46354  2.40513  3.72494  3.29354  2.67741  2.69355  4.24690  2.90347  2.73739  3.18146  2.89801  2.37887  2.77519  2.98518  4.58477  3.61503
          0.02785  3.99078  4.71313  0.61958  0.77255  0.48576  0.95510
    130   2.47278  4.87125  2.89753  2.42256  4.22243  3.37289  3.62529  3.64450  2.07553  3.20871  4.01865  2.59468  3.80997  2.76736  2.54207  2.07727  2.88082  3.28802  5.40310  4.07535    147 k - - -
          2.68618  4.42225  2.77519  2.73123  3.46354  2.40513  3.72494  3.29354  2.67741  2.69355  4.24690  2.90347  2.73739  3.18146  2.89801  2.37887  2.77519  2.98518  4.58477  3.61503
          0.02785  3.99078  4.71313  0.61958  0.77255  0.48576  0.95510
    131   2.23781  1.37782  3.95487  3.62538  3.90900  3.00633  4.36124  3.17593  3.47777  3.03976  3.96967  3.55159  3.75841  3.78113  3.66336  2.06921  2.72615  2.79321  5.37501  4.15595    148 c - - -
          2.68618  4.42225  2.77519  2.73123  3.46354  2.40513  3.72494  3.29354  2.67741  2.69355  4.24690  2.90347  2.73739  3.18146  2.89801  2.37887  2.77519  2.98518  4.58477  3.61503
          0.02785  3.99078  4.71313  0.61958  0.77255  0.48576  0.95510
    132   1.69483  4.17475  3.41613  3.05788  4.21259  2.01925  4.12721  3.60827  3.09410  3.29663  4.12048  3.25842  3.68530  3.38356  3.43441  2.16199  2.07855  3.10267  5.55517  4.33512    149 a - - -
          2.68618  4.42225  2.77519  2.73123  3.46354  2.40513  3.72494  3.29354  2.67741  2.69355  4.24690  2.90347  2.73739  3.18146  2.89801  2.37887  2.77519  2.98518  4.58477  3.61503
          0.02785  3.99078  4.71313  0.61958  0.77255  0.48576  0.95510
    133   3.28973  4.71763  4.37904  4.02065  3.18396  4.13156  4.63934  2.39579  3.78723  0.74218  3.17217  4.28461  4.54737  4.12719  3.94345  3.71803  3.57905  2.46360  5.10492  3.85514    150 l - - -
          2.68618  4.42225  2.77519  2.73123  3.46354  2.40513  3.72494  3.29354  2.67741  2.69355  4.24690  2.90347  2.73739  3.18146  2.89801  2.37887  2.77519  2.98518  4.58477  3.61503
          0.02785  3.99078  4.71313  0.61958  0.77255  0.48576  0.95510
    134   2.88817  5.23432  2.47943  1.31477  4.55871  3.33977  3.71179  3.99216  2.14729  3.52968  4.38685  2.84283  3.87790  2.86916  2.84227  2.83413  3.14352  3.62832  5.67736  4.31128    151 e - - -
          2.68618  4.42225  2.77519  2.73123  3.46354  2.40513  3.72494  3.29354  2.67741  2.69355  4.24690  2.90347  2.73739  3.18146  2.89801  2.37887  2.77519  2.98518  4.58477  3.61503
          0.02785  3.99078  4.71313  0.61958  0.77255  0.48576  0.95510
    135   2.81118  5.22723  2.09969  2.19690  4.44087  3.27070  3.16602  4.01924  2.60788  3.54633  4.37667  1.61707  3.82669  2.86709  3.12119  2.75001  3.08199  3.62690  5.66819  4.21389    152 n - - -
          2.68618  4.42225  2.77519  2.73123  3.46354  2.40513  3.72494  3.29354  2.67741  2.69355  4.24690  2.90347  2.73739  3.18146  2.89801  2.37887  2.77519  2.98518  4.58477  3.61503
          0.02785  3.99078  4.71313  0.61958  0.77255  0.48576  0.95510
    136   2.81784  4.58036  3.51574  3.43078  4.56866  0.56784  4.54277  4.19808  3.62807  3.83707  4.81460  3.68020  3.97524  3.94297  3.85010  2.99334  3.30830  3.70358  5.63148  4.67494    153 G - - -
          2.68618  4.42225  2.77519  2.73123  3.46354  2.40513  3.72494  3.29354  2.67741  2.69355  4.24690  2.90347  2.73739  3.18146  2.89801  2.37887  2.77519  2.98518  4.58477  3.61503
          0.02785  3.99078  4.71313  0.61958  0.77255  0.48576  0.95510
    137   2.90206  4.41328  4.28792  3.95590  3.63867  3.84493  4.73784  2.05083  3.82547  2.30595  3.58703  4.12639  4.39971  4.17729  4.02638  3.35684  3.26128  0.88797  5.44269  4.18113    154 v - - -
          2.68618  4.42225  2.77519  2.73123  3.46354  2.40513  3.72494  3.29354  2.67741  2.69355  4.24690  2.90347  2.73739  3.18146  2.89801  2.37887  2.77519  2.98518  4.58477  3.61503
          0.02785  3.99078  4.71313  0.61958  0.77255  0.48576  0.95510
    138   3.28973  4.71763  4.37904  4.02065  3.18396  4.13156  4.63934  2.39579  3.78723  0.74218  3.17217  4.28461  4.54737  4.12719  3.94345  3.71803  3.57905  2.46360  5.10492  3.85514    155 l - - -
          2.68618  4.42225  2.77519  2.73123  3.46354  2.40513  3.72494  3.29354  2.67741  2.69355  4.24690  2.90347  2.73739  3.18146  2.89801  2.37887  2.77519  2.98518  4.58477  3.61503
          0.02785  3.99078  4.71313  0.61958  0.77255  0.48576  0.95510
    139   2.48763  4.50639  2.95226  2.67498  4.15933  3.16655  3.90560  3.53685  2.75842  3.24166  4.10964  2.09778  3.79111  3.12259  3.13327  2.59868  1.66585  3.14813  5.47967  4.17349    156 t - - -
          2.68618  4.42225  2.77519  2.73123  3.46354  2.40513  3.72494  3.29354  2.67741  2.69355  4.24690  2.90347  2.73739  3.18146  2.89801  2.37887  2.77519  2.98518  4.58477  3.61503
          0.02785  3.99078  4.71313  0.61958  0.77255  0.48576  0.95510
    140   2.90206  4.41328  4.28792  3.95590  3.63867  3.84493  4.73784  2.05083  3.82547  2.30595  3.58703  4.12639  4.39971  4.17729  4.02638  3.35684  3.26128  0.88797  5.44269  4.18113    157 v - - -
          2.68618  4.42225  2.77519  2.73123  3.46354  2.40513  3.72494  3.29354  2.67741  2.69355  4.24690  2.90347  2.73739  3.18146  2.89801  2.37887  2.77519  2.98518  4.58477  3.61503
          0.02785  3.99078  4.71313  0.61958  0.77255  0.48576  0.95510
    141   2.61855  4.70187  2.77035  2.30440  4.14191  3.27842  3.77656  3.51247  2.60281  3.17730  4.03553  2.63810  3.82537  2.97045  3.00546  2.68324  1.65648  3.17307  5.43190  4.11623    158 t - - -
          2.68618  4.42225  2.77519  2.73123  3.46354  2.40513  3.72494  3.29354  2.67741  2.69355  4.24690  2.90347  2.73739  3.18146  2.89801  2.37887  2.77519  2.98518  4.58477  3.61503
          0.02785  3.99078  4.71313  0.61958  0.77255  0.48576  0.95510
    142   2.90206  4.41328  4.28792  3.95590  3.63867  3.84493  4.73784  2.05083  3.82547  2.30595  3.58703  4.12639  4.39971  4.17729  4.02638  3.35684  3.26128  0.88797  5.44269  4.18113    159 v - - -
          2.68618  4.42225  2.77519  2.73123  3.46354  2.40513  3.72494  3.29354  2.67741  2.69355  4.24690  2.90347  2.73739  3.18146  2.89801  2.37887  2.77519  2.98518  4.58477  3.61503
          0.02785  3.99078  4.71313  0.61958  0.77255  0.48576  0.95510
    143   2.91482  4.65124  3.53499  3.39196  4.37505  3.33211  4.45877  3.95202  3.45960  3.56559  4.62127  3.68620  0.63435  3.84479  3.69078  3.08627  3.36594  3.58372  5.52807  4.49770    160 P - - -
          2.68618  4.42225  2.77519  2.73123  3.46354  2.40513  3.72494  3.29354  2.67741  2.69355  4.24690  2.90347  2.73739  3.18146  2.89801  2.37887  2.77519  2.98518  4.58477  3.61503
          0.02785  3.99078  4.71313  0.61958  0.77255  0.48576  0.95510
    144   3.08285  5.04860  3.26653  2.86747  4.46210  3.55817  3.82900  3.89909  0.88721  3.43902  4.39532  3.28627  4.05117  3.01465  2.45994  3.11780  3.32793  3.60064  5.46909  4.29943    161 k - - -
          2.68618  4.42225  2.77519  2.73123  3.46354  2.40513  3.72494  3.29354  2.67741  2.69355  4.24690  2.90347  2.73739  3.18146  2.89801  2.37887  2.77519  2.98518  4.58477  3.61503
          0.02785  3.99078  4.71313  0.61958  0.77255  0.48576  0.95510
    145   2.78576  4.79668  3.24026  2.73592  4.10870  3.50448  3.73721  3.32160  1.35949  3.03309  3.98420  3.16712  3.95483  2.91443  2.53334  2.86364  3.03769  2.59662  5.34571  4.08123    162 k - - -
          2.68618  4.42225  2.77519  2.73123  3.46354  2.40513  3.72494  3.29354  2.67741  2.69355  4.24690  2.90347  2.73739  3.18146  2.89801  2.37887  2.77519  2.98518  4.58477  3.61503
          0.09995  3.99078  2.56872  0.61958  0.77255  0.48576  0.95510
    146   2.81779  5.31793  2.05951  1.51955  4.60240  3.23700  3.67147  4.09323  2.57017  3.60006  4.42351  2.70130  3.79765  2.35857  3.09523  2.73388  3.08277  3.68728  5.76345  4.31083    163 e - - -
          2.68618  4.42225  2.77519  2.73123  3.46354  2.40513  3.72494  3.29354  2.67741  2.69355  4.24690  2.90347  2.73739  3.18146  2.89801  2.37887  2.77519  2.98518  4.58477  3.61503
          0.02990  3.92073  4.64307  0.61958  0.77255  0.55299  0.85620
    147   1.92526  4.41457  3.17909  2.68707  3.85039  3.27658  3.77513  3.17014  2.34168  2.88756  3.74999  3.10193  3.78777  2.99624  3.00285  2.43002  2.51907  2.62907  5.20100  3.93492    164 a - - -
          2.68618  4.42225  2.77519  2.73123  3.46354  2.40513  3.72494  3.29354  2.67741  2.69355  4.24690  2.90347  2.73739  3.18146  2.89801  2.37887  2.77519  2.98518  4.58477  3.61503
          0.02990  3.92073  4.64307  0.61958  0.77255  0.44591  1.02233
    148   2.66641  4.96790  2.78936  2.19922  4.26865  3.05851  3.60892  3.69800  2.14724  3.24982  4.05466  2.88452  3.80899  2.28138  2.75153  2.66027  2.35391  3.34046  5.43865  4.09041    165 k - - -
          2.68618  4.42225  2.77519  2.73123  3.46354  2.40513  3.72494  3.29354  2.67741  2.69355  4.24690  2.90347  2.73739  3.18146  2.89801  2.37887  2.77519  2.98518  4.58477  3.61503
          0.02785  3.99078  4.71313  0.61958  0.77255  0.48576  0.95510
    149   2.68286  5.00083  2.67187  2.12410  4.32633  3.33775  3.63749  3.76848  2.39956  3.31715  4.12503  2.85576  3.12936  1.99361  2.84158  2.38177  2.93186  3.39842  5.50374  4.13854    166 q - - -
          2.68618  4.42226  2.77510  2.73124  3.46354  2.40513  3.72495  3.29354  2.67741  2.69355  4.24690  2.90347  2.73740  3.18147  2.89801  2.37887  2.77520  2.98519  4.58477  3.61504
          0.07332  2.78516  4.71313  0.47292  0.97599  0.48576  0.95510
    150   2.57457  4.71019  2.97343  2.27572  3.94561  3.39981  3.62654  3.08419  2.43737  2.97241  3.80036  2.59888  3.80174  2.63959  2.88385  2.42780  2.55856  2.81290  5.23498  3.91557    168 e - - -
          2.68618  4.42225  2.77519  2.73123  3.46354  2.40513  3.72494  3.29354  2.67741  2.69355  4.24690  2.90347  2.73739  3.18146  2.89801  2.37887  2.77519  2.98518  4.58477  3.61503
          0.02785  3.99078  4.71313  0.61958  0.77255  0.48576  0.95510
    151   2.63264  4.86562  2.69128  2.37110  4.28508  2.76518  3.69366  3.72966  2.49616  3.30213  4.11902  2.53139  2.31324  2.44283  2.93966  2.64850  2.91549  3.35007  5.50299  4.14963    169 p - - -
          2.68618  4.42225  2.77519  2.73123  3.46354  2.40513  3.72494  3.29354  2.67741  2.69355  4.24690  2.90347  2.73739  3.18146  2.89801  2.37887  2.77519  2.98518  4.58477  3.61503
          0.02785  3.99078  4.71313  0.61958  0.77255  0.48576  0.95510
    152   2.77249  5.00690  3.03770  2.51216  4.36685  3.47586  3.60264  3.77005  1.65133  3.28735  4.10978  2.99819  3.88143  2.55937  2.28007  2.21750  2.98809  3.42281  5.42577  4.14401    170 k - - -
          2.68618  4.42225  2.77519  2.73123  3.46354  2.40513  3.72494  3.29354  2.67741  2.69355  4.24690  2.90347  2.73739  3.18146  2.89801  2.37887  2.77519  2.98518  4.58477  3.61503
          0.02785  3.99078  4.71313  0.61958  0.77255  0.48576  0.95510
    153   2.82251  5.27529  1.70061  2.15665  4.66032  2.65661  3.74801  4.17080  2.71772  3.68895  4.51750  1.86259  3.81703  2.90942  3.27977  2.75122  3.11948  3.73868  5.85142  4.38589    171 d - - -
          2.68618  4.42225  2.77519  2.73123  3.46354  2.40513  3.72494  3.29354  2.67741  2.69355  4.24690  2.90347  2.73739  3.18146  2.89801  2.37887  2.77519  2.98518  4.58477  3.61503
          0.02785  3.99078  4.71313  0.61958  0.77255  0.48576  0.95510
    154   2.90206  4.41328  4.28792  3.95590  3.63867  3.84493  4.73784  2.05083  3.82547  2.30595  3.58703  4.12639  4.39971  4.17729  4.02638  3.35684  3.26128  0.88797  5.44269  4.18113    172 v - - -
          2.68618  4.42225  2.77519  2.73123  3.46354  2.40513  3.72494  3.29354  2.67741  2.69355  4.24690  2.90347  2.73739  3.18146  2.89801  2.37887  2.77519  2.98518  4.58477  3.61503
          0.02785  3.99078  4.71313  0.61958  0.77255  0.48576  0.95510
    155   3.06662  5.14732  3.49450  2.82690  4.59858  3.67228  3.61913  3.94656  1.56656  3.39501  4.27512  3.21819  4.04462  2.75826  1.31387  3.06859  3.23326  3.63585  5.43746  4.27798    173 r - - -
          2.68618  4.42225  2.77519  2.73123  3.46354  2.40513  3.72494  3.29354  2.67741  2.69355  4.24690  2.90347  2.73739  3.18146  2.89801  2.37887  2.77519  2.98518  4.58477  3.61503
          0.02785  3.99078  4.71313  0.61958  0.77255  0.48576  0.95510
    156   2.41442  4.45884  3.20943  2.66424  3.28642  3.47117  3.70892  2.99914  2.62117  2.67662  3.55947  3.12227  3.86594  2.44253  3.01762  2.71197  2.39288  2.75032  4.98795  3.06087    174 t - - -
          2.68618  4.42225  2.77519  2.73123  3.46354  2.40513  3.72494  3.29354  2.67741  2.69355  4.24690  2.90347  2.73739  3.18146  2.89801  2.37887  2.77519  2.98518  4.58477  3.61503
          0.02785  3.99078  4.71313  0.61958  0.77255  0.48576  0.95510
    157   3.12376  4.51136  4.50096  4.12226  3.45595  4.19198  4.82952  0.94243  3.95265  2.01924  3.37438  4.35116  4.61300  4.28957  4.13584  3.69980  3.42132  1.85577  5.37033  4.11796    175 i - - -
          2.68618  4.42225  2.77519  2.73123  3.46354  2.40513  3.72494  3.29354  2.67741  2.69355  4.24690  2.90347  2.73739  3.18146  2.89801  2.37887  2.77519  2.98518  4.58477  3.61503
          0.02785  3.99078  4.71313  0.61958  0.77255  0.48576  0.95510
    158   2.83517  5.32118  1.53052  2.15514  4.54509  3.25676  2.94775  4.11554  2.63350  3.62412  4.44890  2.25191  3.82278  2.86225  3.17522  2.75504  3.10587  3.70703  5.75051  4.27702    176 d - - -
          2.68618  4.42225  2.77519  2.73123  3.46354  2.40513  3.72494  3.29354  2.67741  2.69355  4.24690  2.90347  2.73739  3.18146  2.89801  2.37887  2.77519  2.98518  4.58477  3.61503
          0.02785  3.99078  4.71313  0.61958  0.77255  0.48576  0.95510
    159   3.07379  4.40359  4.74366  4.25035  3.55679  4.39512  4.97527  1.39418  4.13507  2.06878  3.36926  4.47414  4.72165  4.40755  4.34017  3.78314  3.34348  1.12443  5.51289  4.30269    177 v - - -
          2.68618  4.42225  2.77519  2.73123  3.46354  2.40513  3.72494  3.29354  2.67741  2.69355  4.24690  2.90347  2.73739  3.18146  2.89801  2.37887  2.77519  2.98518  4.58477  3.61503
          0.02785  3.99078  4.71313  0.61958  0.77255  0.48576  0.95510
    160   1.50409  4.16855  3.54148  3.11212  3.95186  2.51105  4.09440  3.18683  3.08449  3.00165  3.87966  3.32292  3.74952  3.38499  3.40893  2.48439  2.39409  2.37974  5.35867  4.14162    178 a - - -
          2.68620  4.42227  2.77521  2.73125  3.46356  2.40515  3.72496  3.29356  2.67743  2.69342  4.24692  2.90349  2.73741  3.18124  2.89803  2.37889  2.77521  2.98520  4.58479  3.61505
          0.09093  2.44274        *  0.64938  0.73892  0.00000        *
//
