HMMER3/f [3.1b2 | February 2015]
NAME  Mafft_Group_8
LENG  199
ALPH  amino
RF    no
MM    no
CONS  yes
CS    no
MAP   yes
DATE  Mon Oct 24 15:34:59 2016
NSEQ  59
EFFN  0.918274
CKSUM 3428613822
STATS LOCAL MSV      -10.6337  0.70539
STATS LOCAL VITERBI  -11.4665  0.70539
STATS LOCAL FORWARD   -4.9320  0.70539
HMM          A        C        D        E        F        G        H        I        K        L        M        N        P        Q        R        S        T        V        W        Y   
            m->m     m->i     m->d     i->m     i->i     d->m     d->d
  COMPO   2.56777  4.60676  2.84336  2.50748  3.47798  2.95568  3.65092  2.81919  2.57436  2.46654  3.62231  3.11331  3.30279  3.10227  2.76849  2.73648  2.91659  2.58050  4.33350  3.88434
          2.68711  4.42317  2.77607  2.73208  3.46116  2.40616  3.72449  3.29226  2.67661  2.69348  4.24501  2.90308  2.73717  3.18061  2.89822  2.37826  2.77514  2.98583  4.58601  3.61555
          0.41494  1.30617  2.67707  3.04768  0.04863  0.00000        *
      1   2.68216  4.46020  3.43963  2.82246  3.62041  3.56536  3.81593  2.95242  2.58982  2.62783  1.81735  3.29879  3.97779  3.09584  2.54369  2.77485  2.92379  2.73442  5.03249  3.79578     76 m - - -
          2.68618  4.42225  2.77519  2.73123  3.46354  2.40513  3.72494  3.29354  2.67741  2.69355  4.24690  2.90347  2.73739  3.18146  2.89801  2.37887  2.77519  2.98518  4.58477  3.61503
          0.02541  4.08131  4.80366  0.61958  0.77255  0.55639  0.85162
      2   1.99902  4.77428  3.08389  2.54815  4.13363  3.28571  3.67429  3.53253  2.22420  3.12819  3.95408  3.02898  3.71156  2.83152  2.08523  2.68651  2.72062  3.19830  5.34899  4.05279     77 a - - -
          2.68606  4.42230  2.77516  2.73128  3.46349  2.40517  3.72499  3.29359  2.67736  2.69352  4.24694  2.90351  2.73744  3.18151  2.89800  2.37884  2.77519  2.98513  4.58482  3.61508
          0.09929  2.44967  4.80366  1.05585  0.42755  0.55639  0.85162
      3   2.23390  4.83089  2.98258  2.42430  4.08433  3.37542  3.41567  3.50354  2.17656  2.84822  3.69826  2.68399  3.76100  2.60840  2.68939  2.60870  2.75813  3.17199  5.31983  3.98444     86 k - - -
          2.68618  4.42225  2.77519  2.73123  3.46354  2.40513  3.72494  3.29354  2.67741  2.69355  4.24690  2.90347  2.73739  3.18146  2.89801  2.37887  2.77519  2.98518  4.58477  3.61503
          0.03983  4.08131  3.80934  0.61958  0.77255  0.55639  0.85162
      4   2.34296  4.56299  3.13349  2.55663  3.54730  3.45991  3.47749  3.04832  2.50902  2.77318  3.44076  3.05874  2.93508  2.72894  2.90345  2.57918  2.67289  2.73560  5.10489  3.81760     87 a - - -
          2.68618  4.42225  2.77519  2.73123  3.46354  2.40513  3.72494  3.29354  2.67741  2.69355  4.24690  2.90347  2.73739  3.18146  2.89801  2.37887  2.77519  2.98518  4.58477  3.61503
          0.03659  4.06725  3.97342  0.61958  0.77255  0.57092  0.83242
      5   2.23734  4.71379  3.03494  2.48122  3.95093  3.29009  3.63931  3.19612  2.40905  2.82916  3.80457  2.92074  3.82071  2.55565  2.60794  2.32963  2.82260  3.02302  5.23690  3.92359     88 a - - -
          2.68618  4.42225  2.77519  2.73123  3.46354  2.40513  3.72494  3.29354  2.67741  2.69355  4.24690  2.90347  2.73739  3.18146  2.89801  2.37887  2.77519  2.98518  4.58477  3.61503
          0.03273  4.05670  4.20666  0.61958  0.77255  0.54348  0.86923
      6   2.49345  4.11676  3.89333  3.14789  2.88989  3.67706  3.97259  2.25473  3.21889  1.81467  3.06676  3.59000  4.04554  3.46784  3.45476  2.80489  2.69906  2.20446  4.74021  3.54106     89 l - - -
          2.68618  4.42225  2.77519  2.73123  3.46354  2.40513  3.72494  3.29354  2.67741  2.69355  4.24690  2.90347  2.73739  3.18146  2.89801  2.37887  2.77519  2.98518  4.58477  3.61503
          0.02565  4.07184  4.79419  0.61958  0.77255  0.55470  0.85389
      7   2.27845  4.43427  3.10621  2.57274  3.75947  3.30902  3.60539  2.70032  2.39299  2.74951  3.48797  2.82079  3.65428  2.88930  2.87358  2.59990  2.68279  2.87444  5.11227  3.82422     90 a - - -
          2.68618  4.42225  2.77519  2.73123  3.46354  2.40513  3.72494  3.29354  2.67741  2.69355  4.24690  2.90347  2.73739  3.18146  2.89801  2.37887  2.77519  2.98518  4.58477  3.61503
          0.02548  4.07822  4.80056  0.61958  0.77255  0.47647  0.97014
      8   2.41983  4.34986  3.38867  2.72996  3.14370  3.54227  3.78832  2.80551  2.74053  2.18400  2.98573  2.87651  3.29144  3.09320  3.04692  2.78152  2.81403  2.59809  4.92519  3.63464     91 l - - -
          2.68618  4.42225  2.77519  2.73123  3.46354  2.40513  3.72494  3.29354  2.67741  2.69355  4.24690  2.90347  2.73739  3.18146  2.89801  2.37887  2.77519  2.98518  4.58477  3.61503
          0.03985  4.12468  3.77666  0.61958  0.77255  0.50881  0.91933
      9   2.25095  4.13660  3.80247  3.22637  3.09332  3.64276  3.93365  2.32931  3.14163  2.12421  2.83091  3.36541  4.01703  3.40106  3.40096  2.61516  2.73284  2.19222  4.75218  3.54679     92 l - - -
          2.68618  4.42225  2.77519  2.73123  3.46354  2.40513  3.72494  3.29354  2.67741  2.69355  4.24690  2.90347  2.73739  3.18146  2.89801  2.37887  2.77519  2.98518  4.58477  3.61503
          0.03158  4.10951  4.22156  0.61958  0.77255  0.50630  0.92311
     10   2.58284  3.21450  3.86826  3.29229  3.17384  3.58850  3.96444  2.42097  3.20005  2.08695  3.14784  3.56882  4.03090  3.45218  3.44288  2.28681  2.64807  2.10529  4.75241  3.55012     93 l - - -
          2.68618  4.42225  2.77519  2.73123  3.46354  2.40513  3.72494  3.29354  2.67741  2.69355  4.24690  2.90347  2.73739  3.18146  2.89801  2.37887  2.77519  2.98518  4.58477  3.61503
          0.02459  4.11334  4.83569  0.61958  0.77255  0.52166  0.90025
     11   2.54350  3.73636  4.02488  3.44120  2.97272  3.45146  3.99408  2.17983  3.32541  1.85186  3.18017  3.65780  3.75860  3.55104  3.51526  2.76939  2.78615  2.06000  4.68983  3.49640     94 l - - -
          2.68618  4.42225  2.77519  2.73123  3.46354  2.40513  3.72494  3.29354  2.67741  2.69355  4.24690  2.90347  2.73739  3.18146  2.89801  2.37887  2.77519  2.98518  4.58477  3.61503
          0.21354  4.11334  1.73766  0.61958  0.77255  0.52166  0.90025
     12   2.55361  4.16139  3.95819  3.38624  2.39719  3.73916  4.03813  2.32881  3.28367  1.79845  2.96912  3.66073  4.10042  3.53025  3.51629  2.90433  2.80842  2.15562  4.76298  3.54896     95 l - - -
          2.68618  4.42225  2.77519  2.73123  3.46354  2.40513  3.72494  3.29354  2.67741  2.69355  4.24690  2.90347  2.73739  3.18146  2.89801  2.37887  2.77519  2.98518  4.58477  3.61503
          0.02963  3.92943  4.65178  0.61958  0.77255  0.58964  0.80862
     13   2.45819  4.14420  3.70290  3.12980  3.00345  3.60333  3.88673  2.28085  2.94347  1.97917  3.24426  3.45516  3.48143  3.32225  3.27899  2.80671  2.79409  2.24869  4.75330  3.54261     96 l - - -
          2.68618  4.42225  2.77519  2.73123  3.46354  2.40513  3.72494  3.29354  2.67741  2.69355  4.24690  2.90347  2.73739  3.18146  2.89801  2.37887  2.77519  2.98518  4.58477  3.61503
          0.02766  3.99722  4.71956  0.61958  0.77255  0.59065  0.80736
     14   2.27439  4.15464  3.69042  3.11823  2.78355  3.50282  3.88561  2.44640  2.88242  2.07841  3.25989  3.44822  3.66059  3.31567  3.32536  2.86832  2.79721  2.21773  4.76321  3.55076     97 l - - -
          2.68618  4.42225  2.77519  2.73123  3.46354  2.40513  3.72494  3.29354  2.67741  2.69355  4.24690  2.90347  2.73739  3.18146  2.89801  2.37887  2.77519  2.98518  4.58477  3.61503
          0.13749  4.02538  2.20180  0.61958  0.77255  0.49070  0.94726
     15   1.72378  3.78392  3.57170  3.03427  3.54541  3.22673  3.92961  2.65286  2.96773  2.38634  3.50383  3.34924  3.87343  3.27071  3.29339  2.56638  2.60641  2.53474  4.99974  3.77637     98 a - - -
          2.68618  4.42225  2.77519  2.73123  3.46354  2.40513  3.72494  3.29354  2.67741  2.69355  4.24690  2.90347  2.73739  3.18146  2.89801  2.37887  2.77519  2.98518  4.58477  3.61503
          0.04318  3.99754  3.73384  0.61958  0.77255  0.43916  1.03446
     16   2.56518  4.12669  4.17052  3.58750  2.80700  3.56915  4.11911  2.30589  3.46652  1.71471  2.71056  3.79426  4.15830  3.67984  3.64149  3.09667  2.82994  1.88662  4.76785  3.58490     99 l - - -
          2.68618  4.42225  2.77519  2.73123  3.46354  2.40513  3.72494  3.29354  2.67741  2.69355  4.24690  2.90347  2.73739  3.18146  2.89801  2.37887  2.77519  2.98518  4.58477  3.61503
          0.02476  4.10665  4.82900  0.61958  0.77255  0.52911  0.88948
     17   2.28152  4.23028  4.14416  3.57343  3.26046  3.89942  4.23377  2.06305  3.47712  1.69133  3.07953  3.83985  4.25044  3.71925  3.70402  3.19339  2.74799  1.84513  4.94902  3.76142    100 l - - -
          2.68618  4.42225  2.77519  2.73123  3.46354  2.40513  3.72494  3.29354  2.67741  2.69355  4.24690  2.90347  2.73739  3.18146  2.89801  2.37887  2.77519  2.98518  4.58477  3.61503
          0.02476  4.10665  4.82900  0.61958  0.77255  0.50422  0.92628
     18   2.10159  4.22624  3.96483  3.39671  3.03662  3.78015  4.11005  2.23121  3.30880  1.73904  3.25302  3.69073  4.15166  3.56600  3.56320  3.06719  2.58718  2.17359  4.89488  3.69677    101 l - - -
          2.68618  4.42225  2.77519  2.73123  3.46354  2.40513  3.72494  3.29354  2.67741  2.69355  4.24690  2.90347  2.73739  3.18146  2.89801  2.37887  2.77519  2.98518  4.58477  3.61503
          0.10830  4.12000  2.44881  0.61958  0.77255  0.49015  0.94813
     19   2.33740  3.57150  4.08545  3.50040  2.88226  3.71031  4.02519  2.28832  3.37940  2.05307  2.73072  3.70224  3.78974  3.59662  3.55509  3.00094  2.74698  1.93404  4.69284  3.50318    102 v - - -
          2.68618  4.42225  2.77519  2.73123  3.46354  2.40513  3.72494  3.29354  2.67741  2.69355  4.24690  2.90347  2.73739  3.18146  2.89801  2.37887  2.77519  2.98518  4.58477  3.61503
          0.19331  4.05201  1.84272  0.61958  0.77255  0.45679  1.00325
     20   2.09411  4.25365  3.48242  2.94149  3.48444  3.46063  3.86347  2.71990  2.88134  2.42064  3.44591  3.31115  3.90586  3.19479  3.22134  2.43358  2.69479  2.09696  4.94351  3.48614    103 a - - -
          2.68618  4.42225  2.77519  2.73123  3.46354  2.40513  3.72494  3.29354  2.67741  2.69355  4.24690  2.90347  2.73739  3.18146  2.89801  2.37887  2.77519  2.98518  4.58477  3.61503
          0.04351  3.97713  3.73641  0.61958  0.77255  0.50762  0.92111
     21   2.61474  3.65665  4.08357  3.50134  2.85775  3.50382  4.04675  2.28616  3.38185  1.60750  3.08777  3.71342  4.09437  3.60430  3.56619  2.98125  2.75121  2.13669  4.72116  3.52883    104 l - - -
          2.68613  4.42204  2.77524  2.73127  3.46348  2.40507  3.72499  3.29350  2.67745  2.69359  4.24694  2.90349  2.73742  3.18143  2.89805  2.37886  2.77518  2.98513  4.58481  3.61504
          0.21209  2.33122  2.36523  0.93272  0.50002  0.52180  0.90005
     22   2.40503  3.73049  3.88561  3.30447  2.76797  3.51444  3.92277  2.20289  3.20213  2.09296  2.89084  3.38066  3.80876  3.44270  3.42230  2.78431  2.77627  2.29459  4.66879  3.47028    112 l - - -
          2.68618  4.42225  2.77519  2.73123  3.46354  2.40513  3.72494  3.29354  2.67741  2.69355  4.24690  2.90347  2.73739  3.18146  2.89801  2.37887  2.77519  2.98518  4.58477  3.61503
          0.06223  4.00399  3.16804  0.61958  0.77255  0.55518  0.85324
     23   2.19560  4.26179  3.53938  2.97289  3.38702  3.57686  3.85998  2.56885  2.90995  2.23668  3.17267  3.35697  2.86579  3.21182  3.24394  2.83515  2.82032  2.23121  4.71324  3.64834    113 a - - -
          2.68618  4.42225  2.77519  2.73123  3.46354  2.40513  3.72494  3.29354  2.67741  2.69355  4.24690  2.90347  2.73739  3.18146  2.89801  2.37887  2.77519  2.98518  4.58477  3.61503
          0.20935  4.01753  1.76672  0.61958  0.77255  0.56728  0.83717
     24   2.02813  4.41107  3.07044  2.59548  3.93806  2.88542  3.76693  3.33127  2.52870  2.98792  3.82789  3.04063  3.53036  2.97495  3.04022  2.28114  2.36626  2.92831  5.26588  3.98768    114 a - - -
          2.68618  4.42225  2.77519  2.73123  3.46354  2.40513  3.72494  3.29354  2.67741  2.69355  4.24690  2.90347  2.73739  3.18146  2.89801  2.37887  2.77519  2.98518  4.58477  3.61503
          0.03126  3.87698  4.59933  0.61958  0.77255  0.48402  0.95790
     25   2.37684  4.58817  3.10535  2.54900  3.56050  3.44610  3.67018  2.83345  2.38194  2.83132  3.67940  2.98913  3.25878  2.70944  2.92410  2.48898  2.54756  2.89854  5.12986  3.83717    115 a - - -
          2.68618  4.42225  2.77519  2.73123  3.46354  2.40513  3.72494  3.29354  2.67741  2.69355  4.24690  2.90347  2.73739  3.18146  2.89801  2.37887  2.77519  2.98518  4.58477  3.61503
          0.02620  4.05098  4.77333  0.61958  0.77255  0.43882  1.03506
     26   2.22233  4.89346  2.83668  2.39748  4.18638  3.39862  3.62900  3.61950  2.35611  3.19089  3.98607  2.92432  2.89022  2.49264  2.78377  2.39243  2.62111  3.26342  5.40213  4.04731    116 a - - -
          2.68618  4.42225  2.77519  2.73123  3.46354  2.40513  3.72494  3.29354  2.67741  2.69355  4.24690  2.90347  2.73739  3.18146  2.89801  2.37887  2.77519  2.98518  4.58477  3.61503
          0.02400  4.13731  4.85966  0.61958  0.77255  0.49409  0.94192
     27   2.22079  4.93623  2.56824  2.30838  4.21404  3.27897  3.47565  3.59997  2.25773  3.21384  4.00060  2.69333  3.80089  2.73693  2.86235  2.61159  2.57445  2.97610  5.41562  4.04969    117 a - - -
          2.68618  4.42225  2.77519  2.73123  3.46354  2.40513  3.72494  3.29354  2.67741  2.69355  4.24690  2.90347  2.73739  3.18146  2.89801  2.37887  2.77519  2.98518  4.58477  3.61503
          0.02400  4.13731  4.85966  0.61958  0.77255  0.49409  0.94192
     28   2.29167  5.01110  2.75207  2.10436  4.31810  2.47116  3.54512  3.76653  2.42728  3.31641  4.10692  2.48388  3.62501  2.74394  2.93165  2.57998  2.84013  3.39040  5.51023  4.13112    118 e - - -
          2.68618  4.42225  2.77519  2.73123  3.46354  2.40513  3.72494  3.29354  2.67741  2.69355  4.24690  2.90347  2.73739  3.18146  2.89801  2.37887  2.77519  2.98518  4.58477  3.61503
          0.02874  4.13731  4.39324  0.61958  0.77255  0.49409  0.94192
     29   1.43684  4.30352  3.42468  3.01956  4.20219  2.53329  4.10250  3.60681  3.03892  3.08710  4.10764  3.28522  3.57068  3.34358  3.40267  1.81708  2.77613  3.14556  5.54272  4.30344    119 a - - -
          2.68618  4.42225  2.77519  2.73123  3.46354  2.40513  3.72494  3.29354  2.67741  2.69355  4.24690  2.90347  2.73739  3.18146  2.89801  2.37887  2.77519  2.98518  4.58477  3.61503
          0.02412  4.13269  4.85504  0.61958  0.77255  0.49952  0.93350
     30   3.16513  4.58421  4.55693  4.01255  2.91672  4.30445  4.58566  2.24654  3.86879  0.88044  3.01029  4.27621  4.19449  4.06251  4.04577  3.63884  3.40270  2.30664  5.04626  3.84497    120 l - - -
          2.68618  4.42225  2.77519  2.73123  3.46354  2.40513  3.72494  3.29354  2.67741  2.69355  4.24690  2.90347  2.73739  3.18146  2.89801  2.37887  2.77519  2.98518  4.58477  3.61503
          0.02412  4.13269  4.85504  0.61958  0.77255  0.48601  0.95471
     31   2.73247  4.19725  4.16632  3.58682  3.21472  3.85481  4.16992  2.21823  3.46837  1.66981  2.28101  3.82197  3.73377  3.69409  3.66280  3.04810  2.96626  1.96202  4.83766  3.66059    121 l - - -
          2.68618  4.42225  2.77519  2.73123  3.46354  2.40513  3.72494  3.29354  2.67741  2.69355  4.24690  2.90347  2.73739  3.18146  2.89801  2.37887  2.77519  2.98518  4.58477  3.61503
          0.02395  4.13973  4.86208  0.61958  0.77255  0.49123  0.94642
     32   2.53778  4.46680  3.30489  3.14278  4.35498  3.16604  4.30356  3.86450  3.23661  3.54945  4.46765  3.40300  0.93853  3.59884  3.52717  2.51142  3.01229  3.38894  5.68830  4.43040    122 p - - -
          2.68618  4.42225  2.77519  2.73123  3.46354  2.40513  3.72494  3.29354  2.67741  2.69355  4.24690  2.90347  2.73739  3.18146  2.89801  2.37887  2.77519  2.98518  4.58477  3.61503
          0.02395  4.13973  4.86208  0.61958  0.77255  0.49123  0.94642
     33   2.76413  4.34238  4.22510  3.69720  2.12264  3.92446  3.75060  2.77282  3.57188  2.38112  3.46058  3.80264  4.27785  3.73820  3.73187  2.87173  3.13238  2.63579  2.96542  1.61052    123 y - - -
          2.68622  4.42229  2.77524  2.73128  3.46310  2.40517  3.72499  3.29335  2.67745  2.69354  4.24634  2.90351  2.73741  3.18151  2.89805  2.37887  2.77521  2.98519  4.58481  3.61507
          0.35299  1.30216  3.67026  0.19976  1.70886  0.49123  0.94642
     34   2.64593  4.91598  2.27233  2.33093  4.24434  2.52247  3.68149  3.47712  2.50690  3.25769  4.06412  2.85065  3.82106  2.82760  2.98866  2.65495  2.14454  3.31308  5.47654  4.11300    125 t - - -
          2.68567  4.42241  2.77508  2.73113  3.46370  2.40484  3.72511  3.29370  2.67757  2.69367  4.24693  2.90359  2.73756  3.18162  2.89764  2.37901  2.77532  2.98528  4.58493  3.61519
          0.15228  2.14168  3.73823  1.76353  0.18806  0.47824  0.96724
     35   2.52367  4.82655  2.89630  2.43464  4.08973  3.19150  3.54072  3.51010  2.40720  3.10237  3.91103  2.95316  3.67476  2.77658  2.07619  2.36982  2.76165  3.06807  5.33324  3.73047    141 r - - -
          2.68620  4.42233  2.77528  2.73130  3.46362  2.40505  3.72503  3.29354  2.67749  2.69354  4.24698  2.90340  2.73695  3.18150  2.89809  2.37890  2.77523  2.98522  4.58485  3.61511
          0.62779  1.29360  1.65053  0.63488  0.75502  0.50074  0.93161
     36   2.38844  4.49365  3.01779  2.57424  4.02590  2.79782  3.75316  3.43628  2.60152  2.98824  3.89864  2.97606  3.17586  2.81528  3.02232  1.96084  2.50715  3.06702  5.32785  4.03303    145 s - - -
          2.68618  4.42225  2.77519  2.73123  3.46354  2.40513  3.72494  3.29354  2.67741  2.69355  4.24690  2.90347  2.73739  3.18146  2.89801  2.37887  2.77519  2.98518  4.58477  3.61503
          0.10051  3.92622  2.57828  0.61958  0.77255  0.42273  1.06496
     37   2.47618  4.48877  3.18211  2.64088  3.72648  2.99949  3.72622  3.10559  2.61705  2.25143  3.46464  2.74827  3.53938  2.95327  3.02917  2.44602  2.62444  2.83216  5.09711  3.82259    146 l - - -
          2.68618  4.42225  2.77519  2.73123  3.46354  2.40513  3.72494  3.29354  2.67741  2.69355  4.24690  2.90347  2.73739  3.18146  2.89801  2.37887  2.77519  2.98518  4.58477  3.61503
          0.04772  4.05277  3.53268  0.61958  0.77255  0.58546  0.81385
     38   2.99196  4.45104  4.30995  3.76413  3.10338  4.11053  4.42798  2.01157  3.62268  1.10372  3.05184  4.05129  3.85563  3.86911  3.83483  3.43284  3.23272  2.22553  5.02334  3.83919    147 l - - -
          2.68618  4.42225  2.77519  2.73123  3.46354  2.40513  3.72494  3.29354  2.67741  2.69355  4.24690  2.90347  2.73739  3.18146  2.89801  2.37887  2.77519  2.98518  4.58477  3.61503
          0.02671  4.03176  4.75411  0.61958  0.77255  0.53523  0.88076
     39   2.36694  4.25088  3.51681  2.96095  3.20762  3.51295  3.84233  2.78434  2.89951  2.50233  3.40117  3.33147  3.36785  3.20185  3.23135  2.51975  2.62998  2.53275  2.55582  3.62163    148 a - - -
          2.68618  4.42225  2.77519  2.73123  3.46354  2.40513  3.72494  3.29354  2.67741  2.69355  4.24690  2.90347  2.73739  3.18146  2.89801  2.37887  2.77519  2.98518  4.58477  3.61503
          0.02562  4.07293  4.79528  0.61958  0.77255  0.50529  0.92465
     40   2.95794  5.47157  1.14592  2.06070  4.82761  2.75149  3.82977  4.33956  2.85751  3.85114  4.69948  2.74700  3.88871  2.99912  3.45461  2.71246  3.25986  3.90505  6.02210  4.52285    149 d - - -
          2.68618  4.42225  2.77519  2.73123  3.46354  2.40513  3.72494  3.29354  2.67741  2.69355  4.24690  2.90347  2.73739  3.18146  2.89801  2.37887  2.77519  2.98518  4.58477  3.61503
          0.06598  4.10635  3.04950  0.61958  0.77255  0.52944  0.88900
     41   2.68181  4.14835  4.11458  3.53363  2.94410  3.80224  4.10900  2.24298  3.42046  1.70214  2.49114  3.53973  4.15386  3.64263  3.61466  3.09235  2.74506  2.02806  4.77971  3.59600    150 l - - -
          2.68618  4.42225  2.77519  2.73123  3.46354  2.40513  3.72494  3.29354  2.67741  2.69355  4.24690  2.90347  2.73739  3.18146  2.89801  2.37887  2.77519  2.98518  4.58477  3.61503
          0.03642  4.06617  3.98349  0.61958  0.77255  0.53064  0.88728
     42   2.54422  4.09749  3.84946  3.26989  3.19696  3.00179  3.92303  2.48303  3.17138  2.27106  2.53102  3.54471  3.76349  3.42249  3.40802  2.91078  2.79831  2.11834  3.30293  3.30230    151 v - - -
          2.68618  4.42225  2.77519  2.73123  3.46354  2.40513  3.72494  3.29354  2.67741  2.69355  4.24690  2.90347  2.73739  3.18146  2.89801  2.37887  2.77519  2.98518  4.58477  3.61503
          0.03530  4.07924  4.03066  0.61958  0.77255  0.55856  0.84871
     43   2.51530  4.22259  3.59923  3.03037  3.23018  3.58910  3.86320  2.67385  2.95193  1.76288  3.03300  3.39257  3.65600  3.08602  3.22166  2.67420  2.81413  2.40432  4.81727  3.59817    152 l - - -
          2.68618  4.42225  2.77519  2.73123  3.46354  2.40513  3.72494  3.29354  2.67741  2.69355  4.24690  2.90347  2.73739  3.18146  2.89801  2.37887  2.77519  2.98518  4.58477  3.61503
          0.09648  4.06965  2.59171  0.61958  0.77255  0.49721  0.93706
     44   2.59382  4.84470  2.61223  2.34739  3.91195  3.39045  3.29448  3.52336  2.40140  2.72401  3.91523  2.78597  2.78292  2.69829  2.87059  2.51859  2.82705  3.18571  5.33657  3.98717    153 e - - -
          2.68616  4.42228  2.77523  2.73126  3.46357  2.40509  3.72491  3.29357  2.67744  2.69358  4.24693  2.90348  2.73739  3.18150  2.89780  2.37890  2.77518  2.98522  4.58480  3.61495
          0.28994  1.65758  2.79537  0.37437  1.16387  0.46439  0.99025
     45   2.42607  4.27754  3.34371  2.90359  2.43533  3.52733  3.82021  2.78637  2.86006  2.27809  3.40232  3.29750  3.68458  3.10947  3.20614  2.44164  2.67870  2.56027  4.87694  3.64002    157 l - - -
          2.68618  4.42225  2.77519  2.73123  3.46354  2.40513  3.72494  3.29354  2.67741  2.69355  4.24690  2.90347  2.73739  3.18146  2.89801  2.37887  2.77519  2.98518  4.58477  3.61503
          0.02571  4.06954  4.79189  0.61958  0.77255  0.46420  0.99057
     46   2.31605  5.10262  2.14839  1.97687  4.41304  3.35558  3.65496  3.87189  2.46988  3.25187  4.19088  2.84542  2.76430  2.78320  2.97213  2.64302  2.94074  3.47912  5.58544  4.18388    158 e - - -
          2.68618  4.42225  2.77519  2.73123  3.46354  2.40513  3.72494  3.29354  2.67741  2.69355  4.24690  2.90347  2.73739  3.18146  2.89801  2.37887  2.77519  2.98518  4.58477  3.61503
          0.02422  4.12863  4.85097  0.61958  0.77255  0.50425  0.92624
     47   3.28685  5.43031  0.61034  2.53311  4.84690  3.42473  4.18581  4.49812  3.32276  4.06332  5.05458  3.09959  4.09614  3.43059  3.86814  3.22536  3.63342  4.11232  5.96312  4.68717    159 D - - -
          2.68618  4.42225  2.77519  2.73123  3.46354  2.40513  3.72494  3.29354  2.67741  2.69355  4.24690  2.90347  2.73739  3.18146  2.89801  2.37887  2.77519  2.98518  4.58477  3.61503
          0.02422  4.12863  4.85097  0.61958  0.77255  0.47437  0.97359
     48   2.71998  4.69084  3.10767  2.87393  4.25056  3.32757  4.05008  3.77660  2.81512  3.36847  4.30000  3.26608  1.08594  3.13553  2.97583  2.83022  3.10142  3.40413  5.54813  4.26451    160 p - - -
          2.68618  4.42225  2.77519  2.73123  3.46354  2.40513  3.72494  3.29354  2.67741  2.69355  4.24690  2.90347  2.73739  3.18146  2.89801  2.37887  2.77519  2.98518  4.58477  3.61503
          0.02384  4.14432  4.86666  0.61958  0.77255  0.48576  0.95510
     49   3.61551  4.92129  4.61909  4.32854  0.78256  4.38198  3.75731  3.10560  4.18630  2.39821  3.75053  4.20809  4.74059  4.23563  4.24818  3.82072  3.87176  3.10708  3.91925  2.15760    161 f - - -
          2.68618  4.42225  2.77519  2.73123  3.46354  2.40513  3.72494  3.29354  2.67741  2.69355  4.24690  2.90347  2.73739  3.18146  2.89801  2.37887  2.77519  2.98518  4.58477  3.61503
          0.02384  4.14432  4.86666  0.61958  0.77255  0.48576  0.95510
     50   2.76771  3.81291  3.32363  2.71698  4.19751  3.22576  3.70366  3.57301  2.07073  3.15962  4.00707  3.15780  3.94852  2.86629  1.46203  2.82876  3.00176  3.25975  5.35455  4.10796    162 r - - -
          2.68618  4.42225  2.77519  2.73123  3.46354  2.40513  3.72494  3.29354  2.67741  2.69355  4.24690  2.90347  2.73739  3.18146  2.89801  2.37887  2.77519  2.98518  4.58477  3.61503
          0.02384  4.14432  4.86666  0.61958  0.77255  0.48576  0.95510
     51   3.19618  4.47924  5.00006  4.51289  3.66871  4.60125  5.21613  1.11068  4.40688  2.14731  3.45787  4.71117  4.89530  4.66228  4.59037  4.00242  3.46207  1.20846  5.67398  4.47086    163 i - - -
          2.68618  4.42225  2.77519  2.73123  3.46354  2.40513  3.72494  3.29354  2.67741  2.69355  4.24690  2.90347  2.73739  3.18146  2.89801  2.37887  2.77519  2.98518  4.58477  3.61503
          0.02384  4.14432  4.86666  0.61958  0.77255  0.48576  0.95510
     52   3.29765  4.69857  4.69480  4.16745  3.16689  4.44196  4.78797  2.26571  3.93826  0.78911  2.74928  4.44253  4.70436  4.18115  4.09895  3.80985  3.37112  2.36110  5.21508  4.09581    164 l - - -
          2.68618  4.42225  2.77519  2.73123  3.46354  2.40513  3.72494  3.29354  2.67741  2.69355  4.24690  2.90347  2.73739  3.18146  2.89801  2.37887  2.77519  2.98518  4.58477  3.61503
          0.02384  4.14432  4.86666  0.61958  0.77255  0.48576  0.95510
     53   3.05280  5.37244  2.46054  0.91720  4.70695  3.38821  3.89893  4.16858  2.66086  3.73404  4.63864  2.92936  3.98763  3.07992  3.19198  2.98952  3.34085  3.80537  5.86425  4.48535    165 e - - -
          2.68618  4.42225  2.77519  2.73123  3.46354  2.40513  3.72494  3.29354  2.67741  2.69355  4.24690  2.90347  2.73739  3.18146  2.89801  2.37887  2.77519  2.98518  4.58477  3.61503
          0.02384  4.14432  4.86666  0.61958  0.77255  0.48576  0.95510
     54   2.85524  5.11512  2.94549  2.46676  4.35464  3.51134  2.25934  3.85871  2.24266  3.37160  4.20259  3.01510  3.93819  1.76685  2.50775  2.84177  3.07308  3.51353  5.47257  4.14186    166 q - - -
          2.68618  4.42225  2.77519  2.73123  3.46354  2.40513  3.72494  3.29354  2.67741  2.69355  4.24690  2.90347  2.73739  3.18146  2.89801  2.37887  2.77519  2.98518  4.58477  3.61503
          0.02384  4.14432  4.86666  0.61958  0.77255  0.48576  0.95510
     55   2.59159  4.25241  3.62774  3.06687  3.42985  3.58700  3.92320  2.18277  3.00081  2.47765  3.23097  3.30966  3.99367  3.29644  3.32011  2.17446  2.46024  2.18741  4.90648  3.68378    167 s - - -
          2.68618  4.42225  2.77520  2.73123  3.46354  2.40513  3.72495  3.29354  2.67741  2.69355  4.24690  2.90347  2.73740  3.18146  2.89801  2.37887  2.77516  2.98518  4.58477  3.61503
          0.03669  3.56403  4.86666  0.56083  0.84569  0.48576  0.95510
     56   2.60432  4.54492  3.18792  2.96590  4.02943  3.25800  4.10517  3.62682  3.00347  3.29245  4.23893  3.30618  1.10203  3.39817  3.31883  2.65033  3.02036  3.25352  5.43975  3.85170    169 p - - -
          2.68618  4.42225  2.77519  2.73123  3.46354  2.40513  3.72494  3.29354  2.67741  2.69355  4.24690  2.90347  2.73739  3.18146  2.89801  2.37887  2.77519  2.98518  4.58477  3.61503
          0.04730  4.14432  3.49501  0.61958  0.77255  0.48576  0.95510
     57   3.17148  4.52085  4.74637  4.19052  1.81716  4.34345  4.41612  2.06576  4.05049  1.23948  2.99884  4.33682  4.59136  4.14425  4.14567  3.66936  3.39254  2.40611  4.73095  3.23710    170 l - - -
          2.68618  4.42225  2.77519  2.73123  3.46354  2.40513  3.72494  3.29354  2.67741  2.69355  4.24690  2.90347  2.73739  3.18146  2.89801  2.37887  2.77519  2.98518  4.58477  3.61503
          0.02439  4.12141  4.84375  0.61958  0.77255  0.46937  0.98188
     58   2.41923  4.71338  2.99312  2.48387  4.10410  2.19955  3.73134  3.51919  2.54686  3.13210  3.95333  2.93117  3.68735  2.82745  2.85643  2.52489  2.22989  3.17201  5.37855  4.06012    171 g - - -
          2.68600  4.42229  2.77521  2.73128  3.46358  2.40509  3.72499  3.29358  2.67745  2.69356  4.24694  2.90347  2.73735  3.18151  2.89805  2.37885  2.77524  2.98512  4.58481  3.61507
          0.12822  2.18358  4.86666  0.83555  0.56852  0.48576  0.95510
     59   2.70749  4.29813  4.64300  4.07318  2.54439  4.18484  4.54676  1.74321  3.94645  1.75288  3.18705  4.23843  4.49244  4.12273  4.07649  3.50835  3.17685  1.50295  5.05595  3.88458    178 v - - -
          2.68618  4.42225  2.77519  2.73123  3.46354  2.40513  3.72494  3.29354  2.67741  2.69355  4.24690  2.90347  2.73739  3.18146  2.89801  2.37887  2.77519  2.98518  4.58477  3.61503
          0.02384  4.14432  4.86666  0.61958  0.77255  0.48576  0.95510
     60   2.62940  5.15876  2.08139  2.00023  4.46935  3.34970  3.68706  3.93233  2.52634  3.30478  4.25799  2.83767  2.25250  2.82125  3.03657  2.63681  2.99279  3.53776  5.64537  4.23440    179 e - - -
          2.68618  4.42225  2.77519  2.73123  3.46354  2.40513  3.72494  3.29354  2.67741  2.69355  4.24690  2.90347  2.73739  3.18146  2.89801  2.37887  2.77519  2.98518  4.58477  3.61503
          0.21200  4.14432  1.74192  0.61958  0.77255  0.48576  0.95510
     61   2.62326  4.95993  3.07515  2.43933  4.28989  3.47705  3.58322  3.54197  1.88921  3.21945  4.04037  2.79674  3.86445  2.71831  1.88146  2.74418  2.88581  3.34784  5.37613  4.09363    180 r - - -
          2.68618  4.42225  2.77519  2.73123  3.46354  2.40513  3.72494  3.29354  2.67741  2.69355  4.24690  2.90347  2.73739  3.18146  2.89801  2.37887  2.77519  2.98518  4.58477  3.61503
          0.05661  3.96101  3.32428  0.61958  0.77255  0.66868  0.71823
     62   2.37424  5.04259  1.63542  2.18670  4.44563  3.21773  3.70434  3.89260  2.62212  3.46316  4.28668  2.62150  3.78138  2.86408  3.14477  2.59232  2.80811  3.49526  5.66582  4.25301    181 d - - -
          2.68618  4.42225  2.77519  2.73123  3.46354  2.40513  3.72494  3.29354  2.67741  2.69355  4.24690  2.90347  2.73739  3.18146  2.89801  2.37887  2.77519  2.98518  4.58477  3.61503
          0.04579  3.93390  3.68142  0.61958  0.77255  0.69066  0.69564
     63   2.52561  4.97738  2.21762  2.11276  4.26555  3.31671  3.58706  3.71296  2.38917  3.12845  4.05487  2.81120  3.60212  2.52784  2.87748  2.48633  2.78695  3.25727  5.45730  4.07407    182 e - - -
          2.68618  4.42225  2.77519  2.73123  3.46354  2.40513  3.72494  3.29354  2.67741  2.69355  4.24690  2.90347  2.73739  3.18146  2.89801  2.37887  2.77519  2.98518  4.58477  3.61503
          0.04622  3.91809  3.67737  0.61958  0.77255  0.60539  0.78935
     64   2.53159  4.56865  3.00717  2.52823  3.76814  3.21907  3.44703  3.07952  2.45391  2.59054  3.66133  2.86400  3.53906  2.85241  2.94310  2.43695  2.70773  2.59374  5.11182  3.81885    183 s - - -
          2.68617  4.42227  2.77513  2.73119  3.46355  2.40514  3.72496  3.29356  2.67738  2.69356  4.24691  2.90348  2.73741  3.18148  2.89798  2.37888  2.77518  2.98520  4.58478  3.61505
          0.42246  2.00728  1.55963  0.34358  1.23522  0.40741  1.09472
     65   2.44662  4.85733  2.73450  2.35348  3.98644  3.25810  3.58319  3.57746  2.02446  3.14815  3.94569  2.87994  3.53345  2.71844  2.67946  2.34364  2.81416  3.22379  5.35772  4.00550    185 k - - -
          2.68613  4.42234  2.77527  2.73131  3.46363  2.40486  3.72504  3.29360  2.67750  2.69341  4.24675  2.90356  2.73749  3.18139  2.89810  2.37893  2.77524  2.98493  4.58486  3.61513
          0.39731  1.14421  4.66716  0.76034  0.63019  0.42005  1.07006
     66   2.20786  4.80289  2.81073  2.07688  4.04514  3.41990  3.62946  3.46042  2.42827  3.00519  3.40189  2.95045  3.68203  2.68921  2.86527  2.60989  2.78922  2.88335  5.30668  3.97021    190 e - - -
          2.68618  4.42225  2.77519  2.73123  3.46354  2.40513  3.72494  3.29354  2.67741  2.69355  4.24690  2.90347  2.73739  3.18146  2.89801  2.37887  2.77519  2.98518  4.58477  3.61503
          0.02451  4.11678  4.83912  0.61958  0.77255  0.51780  0.90592
     67   2.07260  4.40294  3.31498  2.75128  3.72344  3.23149  3.82255  3.09174  2.75236  2.78494  2.94991  3.19522  3.64311  3.07756  3.14244  2.39751  2.13436  2.81042  5.11513  3.85872    191 a - - -
          2.68618  4.42225  2.77519  2.73123  3.46354  2.40513  3.72494  3.29354  2.67741  2.69355  4.24690  2.90347  2.73739  3.18146  2.89801  2.37887  2.77519  2.98518  4.58477  3.61503
          0.03586  4.11678  3.96713  0.61958  0.77255  0.51780  0.90592
     68   3.20834  4.52035  4.89650  4.33495  3.25392  4.51909  4.88697  1.76383  4.21826  1.18699  2.72921  4.55849  4.73841  4.34884  4.34529  3.86348  3.43827  1.63138  5.26063  4.17048    192 l - - -
          2.68618  4.42225  2.77519  2.73123  3.46354  2.40513  3.72494  3.29354  2.67741  2.69355  4.24690  2.90347  2.73739  3.18146  2.89801  2.37887  2.77519  2.98518  4.58477  3.61503
          0.02479  4.10570  4.82805  0.61958  0.77255  0.53016  0.88797
     69   1.30339  4.22424  3.49884  3.17986  4.32553  3.00947  4.24644  3.71936  3.22157  3.41847  4.24681  3.34752  3.40546  3.51222  3.54354  1.57417  2.75813  3.19177  5.67090  4.45511    193 a - - -
          2.68618  4.42225  2.77520  2.73123  3.46354  2.40513  3.72495  3.29354  2.67741  2.69353  4.24690  2.90347  2.73740  3.18146  2.89801  2.37885  2.77520  2.98518  4.58477  3.61503
          0.04362  3.36147  4.82805  0.54018  0.87382  0.53016  0.88797
     70   2.66838  4.28446  3.72775  3.16314  3.29973  3.68411  3.80915  2.61974  3.05389  1.63048  2.74029  3.51147  2.89168  3.35971  3.34367  2.95814  2.90505  2.40760  4.86017  3.64497    195 l - - -
          2.68618  4.42225  2.77519  2.73123  3.46354  2.40513  3.72494  3.29354  2.67741  2.69355  4.24690  2.90347  2.73739  3.18146  2.89801  2.37887  2.77519  2.98518  4.58477  3.61503
          0.02479  4.10570  4.82805  0.61958  0.77255  0.47714  0.96905
     71   0.93806  4.20254  3.75402  3.43767  4.18872  3.08174  4.38617  3.27849  3.39670  3.20306  4.13502  3.51063  3.82678  3.70397  3.65923  2.45654  2.75073  2.66485  5.63286  4.42638    196 a - - -
          2.68618  4.42225  2.77519  2.73123  3.46354  2.40513  3.72494  3.29354  2.67741  2.69355  4.24690  2.90347  2.73739  3.18146  2.89801  2.37887  2.77519  2.98518  4.58477  3.61503
          0.02408  4.13434  4.85669  0.61958  0.77255  0.49759  0.93648
     72   3.07434  5.15833  3.54064  2.85661  4.55825  3.72502  3.66668  3.69368  1.85100  3.38098  4.25561  3.25689  4.08596  2.66849  1.15022  3.08441  3.24219  3.60669  5.46158  4.28333    197 r - - -
          2.68618  4.42225  2.77519  2.73123  3.46354  2.40513  3.72494  3.29354  2.67741  2.69355  4.24690  2.90347  2.73739  3.18146  2.89801  2.37887  2.77519  2.98518  4.58477  3.61503
          0.02408  4.13434  4.85669  0.61958  0.77255  0.47844  0.96693
     73   1.91578  3.12074  3.99135  3.49149  3.60831  3.34655  4.21222  2.72027  3.39910  2.64887  3.57923  3.61735  3.94649  3.65258  3.63500  2.29246  2.81408  1.61342  5.10652  3.91253    198 v - - -
          2.68618  4.42225  2.77519  2.73123  3.46354  2.40513  3.72494  3.29354  2.67741  2.69355  4.24690  2.90347  2.73739  3.18146  2.89801  2.37887  2.77519  2.98518  4.58477  3.61503
          0.02384  4.14432  4.86666  0.61958  0.77255  0.48576  0.95510
     74   3.30689  5.44962  0.59485  2.54801  4.86906  3.43953  4.20364  4.52454  3.34412  4.08719  5.07978  3.11493  4.11207  3.44911  3.89092  3.24427  3.65411  4.13734  5.98178  4.70799    199 D - - -
          2.68618  4.42225  2.77519  2.73123  3.46354  2.40513  3.72494  3.29354  2.67741  2.69355  4.24690  2.90347  2.73739  3.18146  2.89801  2.37887  2.77519  2.98518  4.58477  3.61503
          0.02384  4.14432  4.86666  0.61958  0.77255  0.48576  0.95510
     75   3.82782  5.09798  4.53253  4.31204  2.99949  4.05697  4.27744  3.87328  4.03412  3.21719  4.49276  4.40895  4.59891  4.40718  4.11147  4.02865  4.14395  3.77067  0.47902  2.98881    200 W - - -
          2.68618  4.42225  2.77519  2.73123  3.46354  2.40513  3.72494  3.29354  2.67741  2.69355  4.24690  2.90347  2.73739  3.18146  2.89801  2.37887  2.77519  2.98518  4.58477  3.61503
          0.02384  4.14432  4.86666  0.61958  0.77255  0.48576  0.95510
     76   3.16267  5.26983  3.57033  2.89501  4.75180  3.75379  3.68376  4.09437  1.02909  3.51565  4.39141  3.28730  4.12187  2.81740  1.80614  3.15257  3.32290  3.77451  5.53511  4.38247    201 k - - -
          2.68618  4.42225  2.77519  2.73123  3.46354  2.40513  3.72494  3.29354  2.67741  2.69355  4.24690  2.90347  2.73739  3.18146  2.89801  2.37887  2.77519  2.98518  4.58477  3.61503
          0.02384  4.14432  4.86666  0.61958  0.77255  0.48576  0.95510
     77   3.21598  5.35622  2.63985  0.69222  4.74115  3.47120  4.09361  4.25127  3.01106  3.82821  4.79989  3.12500  4.09160  3.30965  3.44142  3.17593  3.52540  3.91042  5.86064  4.59503    202 E - - -
          2.68618  4.42225  2.77519  2.73123  3.46354  2.40513  3.72494  3.29354  2.67741  2.69355  4.24690  2.90347  2.73739  3.18146  2.89801  2.37887  2.77519  2.98518  4.58477  3.61503
          0.02384  4.14432  4.86666  0.61958  0.77255  0.48576  0.95510
     78   2.58419  4.42683  3.69736  3.47337  4.23668  3.25436  4.46635  3.39847  3.42182  3.25197  4.29178  3.63069  3.98279  3.80463  3.66110  2.78942  0.78234  3.06271  5.64939  4.45607    203 t - - -
          2.68618  4.42225  2.77519  2.73123  3.46354  2.40513  3.72494  3.29354  2.67741  2.69355  4.24690  2.90347  2.73739  3.18146  2.89801  2.37887  2.77519  2.98518  4.58477  3.61503
          0.02384  4.14432  4.86666  0.61958  0.77255  0.48576  0.95510
     79   2.31348  4.50235  3.18589  2.62217  3.85539  3.20826  3.81936  2.77102  2.70900  2.90585  3.76705  3.14732  2.00041  3.04703  3.11086  2.54855  2.84405  2.91780  5.22002  3.94758    204 p - - -
          2.68618  4.42225  2.77519  2.73123  3.46354  2.40513  3.72494  3.29354  2.67741  2.69355  4.24690  2.90347  2.73739  3.18146  2.89801  2.37887  2.77519  2.98518  4.58477  3.61503
          0.02384  4.14432  4.86666  0.61958  0.77255  0.48576  0.95510
     80   2.53301  5.04240  2.35838  1.93362  3.99605  3.38099  3.61699  3.79942  2.32467  3.33187  4.10669  2.86834  3.80254  2.73674  2.88711  2.35066  2.58994  3.41035  5.50951  4.12040    205 e - - -
          2.68618  4.42225  2.77519  2.73123  3.46354  2.40513  3.72494  3.29354  2.67741  2.69355  4.24690  2.90347  2.73739  3.18146  2.89801  2.37887  2.77519  2.98518  4.58477  3.61503
          0.02384  4.14432  4.86666  0.61958  0.77255  0.48576  0.95510
     81   1.70557  4.69808  2.88358  2.18038  4.26853  2.50607  3.82980  3.69195  2.69258  3.30409  4.12289  3.01669  3.82412  3.00394  3.14410  2.27447  2.89711  3.29343  5.53764  4.21127    206 a - - -
          2.68618  4.42225  2.77519  2.73123  3.46354  2.40513  3.72494  3.29354  2.67741  2.69355  4.24690  2.90347  2.73739  3.18146  2.89801  2.37887  2.77519  2.98518  4.58477  3.61503
          0.02384  4.14432  4.86666  0.61958  0.77255  0.48576  0.95510
     82   3.34054  5.09380  3.43674  3.23236  3.51244  3.70913  0.67895  4.08642  3.06974  3.54180  4.61295  3.62720  4.28068  3.60462  3.31465  3.41136  3.65678  3.81665  4.97153  3.45739    207 H - - -
          2.68618  4.42225  2.77519  2.73123  3.46354  2.40513  3.72494  3.29354  2.67741  2.69355  4.24690  2.90347  2.73739  3.18146  2.89801  2.37887  2.77519  2.98518  4.58477  3.61503
          0.02384  4.14432  4.86666  0.61958  0.77255  0.48576  0.95510
     83   2.68162  4.37946  3.53750  2.42943  3.54823  3.66971  3.93828  2.29891  2.80338  2.51716  3.39283  3.40176  4.04975  3.25117  3.25686  2.93162  2.91705  1.66845  5.03618  3.79841    208 v - - -
          2.68618  4.42225  2.77519  2.73123  3.46354  2.40513  3.72494  3.29354  2.67741  2.69355  4.24690  2.90347  2.73739  3.18146  2.89801  2.37887  2.77519  2.98518  4.58477  3.61503
          0.02384  4.14432  4.86666  0.61958  0.77255  0.48576  0.95510
     84   3.19924  4.52095  4.89600  4.43218  3.58336  4.50921  5.13056  0.91252  4.29057  2.05456  3.39982  4.63459  4.84065  4.56407  4.47223  3.92459  3.47680  1.60321  5.59734  4.38564    209 i - - -
          2.68618  4.42225  2.77519  2.73123  3.46354  2.40513  3.72494  3.29354  2.67741  2.69355  4.24690  2.90347  2.73739  3.18146  2.89801  2.37887  2.77519  2.98518  4.58477  3.61503
          0.02384  4.14432  4.86666  0.61958  0.77255  0.48576  0.95510
     85   2.54942  4.20019  3.66294  3.09042  3.32468  3.60769  3.88687  2.66751  2.98231  2.32874  2.65723  3.43494  3.98711  3.29830  3.27181  2.40735  2.36246  2.17451  4.32892  3.58562    210 v - - -
          2.68618  4.42225  2.77519  2.73123  3.46354  2.40513  3.72494  3.29354  2.67741  2.69355  4.24690  2.90347  2.73739  3.18146  2.89801  2.37887  2.77519  2.98518  4.58477  3.61503
          0.02384  4.14432  4.86666  0.61958  0.77255  0.48576  0.95510
     86   3.19799  4.52199  4.87392  4.30579  3.17050  4.48160  4.82896  1.97554  4.18752  1.19873  2.50490  4.52154  4.70758  4.30801  4.30680  3.81894  3.42549  1.58152  5.20840  4.11803    211 l - - -
          2.68618  4.42225  2.77519  2.73123  3.46354  2.40513  3.72494  3.29354  2.67741  2.69355  4.24690  2.90347  2.73739  3.18146  2.89801  2.37887  2.77519  2.98518  4.58477  3.61503
          0.02384  4.14432  4.86666  0.61958  0.77255  0.48576  0.95510
     87   3.13869  5.60520  0.83484  2.14016  4.92985  3.31494  3.96150  4.47391  3.05986  4.01613  4.93185  2.82604  3.98037  3.15636  3.66993  3.02217  3.45722  4.06008  6.11733  4.64367    212 d - - -
          2.68618  4.42225  2.77519  2.73123  3.46354  2.40513  3.72494  3.29354  2.67741  2.69355  4.24690  2.90347  2.73739  3.18146  2.89801  2.37887  2.77519  2.98518  4.58477  3.61503
          0.02384  4.14432  4.86666  0.61958  0.77255  0.48576  0.95510
     88   3.19241  4.47369  4.97737  4.47027  3.64021  4.60702  5.16218  1.44048  4.36328  2.04406  3.43392  4.68225  4.88200  4.61294  4.54982  3.99217  3.45002  0.98655  5.62840  4.42907    213 v - - -
          2.68618  4.42225  2.77519  2.73123  3.46354  2.40513  3.72494  3.29354  2.67741  2.69355  4.24690  2.90347  2.73739  3.18146  2.89801  2.37887  2.77519  2.98518  4.58477  3.61503
          0.02384  4.14432  4.86666  0.61958  0.77255  0.48576  0.95510
     89   3.15447  4.85690  3.79234  3.67682  4.63448  3.52948  4.72429  4.25975  3.75939  3.85277  4.91984  3.95214  0.44837  4.13948  3.96646  3.33234  3.61889  3.87223  5.73703  4.76153    214 P - - -
          2.68618  4.42225  2.77519  2.73123  3.46354  2.40513  3.72494  3.29354  2.67741  2.69355  4.24690  2.90347  2.73739  3.18146  2.89801  2.37887  2.77519  2.98518  4.58477  3.61503
          0.02384  4.14432  4.86666  0.61958  0.77255  0.48576  0.95510
     90   3.03948  4.77894  3.76819  3.70637  4.82664  0.41066  4.80143  4.50091  3.92413  4.11772  5.10184  3.93365  4.17806  4.22728  4.12213  3.22054  3.54175  3.97657  5.84125  4.94070    215 G - - -
          2.68618  4.42225  2.77519  2.73123  3.46354  2.40513  3.72494  3.29354  2.67741  2.69355  4.24690  2.90347  2.73739  3.18146  2.89801  2.37887  2.77519  2.98518  4.58477  3.61503
          0.02384  4.14432  4.86666  0.61958  0.77255  0.48576  0.95510
     91   3.19833  4.53002  4.86152  4.28680  3.05924  4.45947  4.78464  1.88222  4.16591  1.38104  1.75329  4.49964  4.68145  4.26957  4.27453  3.79207  3.42208  1.95582  5.15233  4.07134    216 l - - -
          2.68618  4.42225  2.77519  2.73123  3.46354  2.40513  3.72494  3.29354  2.67741  2.69355  4.24690  2.90347  2.73739  3.18146  2.89801  2.37887  2.77519  2.98518  4.58477  3.61503
          0.02384  4.14432  4.86666  0.61958  0.77255  0.48576  0.95510
     92   3.11725  5.27294  3.51591  2.83580  4.75435  3.73346  3.65721  4.09482  1.23899  3.51122  4.36836  3.07521  4.09315  2.78492  1.57132  3.09988  3.27729  3.76316  5.53458  4.36687    217 k - - -
          2.68618  4.42225  2.77519  2.73123  3.46354  2.40513  3.72494  3.29354  2.67741  2.69355  4.24690  2.90347  2.73739  3.18146  2.89801  2.37887  2.77519  2.98518  4.58477  3.61503
          0.02384  4.14432  4.86666  0.61958  0.77255  0.48576  0.95510
     93   3.17951  5.28971  3.62714  2.91116  4.78616  3.77374  3.67264  4.11596  1.15503  3.52428  4.39763  3.29671  4.12926  2.80317  1.55095  3.16580  3.33064  3.79598  5.53556  4.39251    218 k - - -
          2.68618  4.42225  2.77519  2.73123  3.46354  2.40513  3.72494  3.29354  2.67741  2.69355  4.24690  2.90347  2.73739  3.18146  2.89801  2.37887  2.77519  2.98518  4.58477  3.61503
          0.02384  4.14432  4.86666  0.61958  0.77255  0.48576  0.95510
     94   2.94831  5.52839  1.79419  1.30852  4.82508  2.85548  3.78826  4.33936  2.66107  3.82324  4.64475  2.75819  3.89115  2.94006  3.32988  2.84257  3.22387  3.90409  5.97869  4.48427    219 e - - -
          2.68618  4.42225  2.77519  2.73123  3.46354  2.40513  3.72494  3.29354  2.67741  2.69355  4.24690  2.90347  2.73739  3.18146  2.89801  2.37887  2.77519  2.98518  4.58477  3.61503
          0.02384  4.14432  4.86666  0.61958  0.77255  0.48576  0.95510
     95   3.01206  5.62413  1.27871  1.62874  4.91361  2.97106  3.82599  4.44077  2.78457  3.92054  4.76151  2.74284  3.90895  2.98742  3.44977  2.88909  3.29856  3.99916  6.07680  4.55625    220 d - - -
          2.68618  4.42225  2.77519  2.73123  3.46354  2.40513  3.72494  3.29354  2.67741  2.69355  4.24690  2.90347  2.73739  3.18146  2.89801  2.37887  2.77519  2.98518  4.58477  3.61503
          0.02384  4.14432  4.86666  0.61958  0.77255  0.48576  0.95510
     96   3.20149  4.48402  4.98992  4.44884  3.44874  4.58876  5.03586  1.43182  4.34100  1.55597  3.10350  4.65212  4.82499  4.51363  4.48266  3.95002  3.44199  1.33076  5.43534  4.30026    221 v - - -
          2.68618  4.42225  2.77519  2.73123  3.46354  2.40513  3.72494  3.29354  2.67741  2.69355  4.24690  2.90347  2.73739  3.18146  2.89801  2.37887  2.77519  2.98518  4.58477  3.61503
          0.02384  4.14432  4.86666  0.61958  0.77255  0.48576  0.95510
     97   3.15302  5.25134  3.52027  2.88678  4.72111  3.73593  3.69952  4.07693  0.97587  3.51086  4.39168  3.28375  4.11859  2.83725  1.95256  3.14715  3.32274  3.75810  5.53652  4.37616    222 k - - -
          2.68618  4.42225  2.77519  2.73123  3.46354  2.40513  3.72494  3.29354  2.67741  2.69355  4.24690  2.90347  2.73739  3.18146  2.89801  2.37887  2.77519  2.98518  4.58477  3.61503
          0.02384  4.14432  4.86666  0.61958  0.77255  0.48576  0.95510
     98   3.20029  4.49546  4.96866  4.48658  3.63368  4.57498  5.18883  0.98709  4.36978  2.10339  3.42914  4.68820  4.87859  4.62747  4.55260  3.97945  3.46920  1.40416  5.64651  4.44535    223 i - - -
          2.68618  4.42225  2.77519  2.73123  3.46354  2.40513  3.72494  3.29354  2.67741  2.69355  4.24690  2.90347  2.73739  3.18146  2.89801  2.37887  2.77519  2.98518  4.58477  3.61503
          0.02384  4.14432  4.86666  0.61958  0.77255  0.48576  0.95510
     99   3.09339  5.32852  2.52920  0.80614  4.75784  3.21134  3.99847  4.25582  2.91402  3.82796  4.73752  3.00994  4.02082  3.19517  3.37010  3.04652  3.40358  3.87496  5.88765  4.56298    224 e - - -
          2.68618  4.42225  2.77519  2.73123  3.46354  2.40513  3.72494  3.29354  2.67741  2.69355  4.24690  2.90347  2.73739  3.18146  2.89801  2.37887  2.77519  2.98518  4.58477  3.61503
          0.02384  4.14432  4.86666  0.61958  0.77255  0.48576  0.95510
    100   3.18772  4.47482  4.95466  4.44697  3.63311  4.59091  5.14160  1.50644  4.33710  2.03249  3.43040  4.66237  4.87021  4.58998  4.52651  3.97478  3.44591  0.95834  5.61684  4.41569    225 v - - -
          2.68618  4.42225  2.77520  2.73120  3.46354  2.40513  3.72495  3.29354  2.67741  2.69355  4.24690  2.90347  2.73740  3.18147  2.89801  2.37887  2.77520  2.98514  4.58477  3.61503
          0.03694  3.55564  4.86666  0.62913  0.76155  0.48576  0.95510
    101   2.75032  5.24268  2.20976  1.30139  4.54193  3.34227  3.73267  3.97721  2.60396  3.42301  4.35606  2.82670  3.86640  2.87697  3.12066  2.76156  3.07482  3.37862  5.73040  4.30338    228 e - - -
          2.68618  4.42225  2.77520  2.73118  3.46354  2.40513  3.72495  3.29354  2.67741  2.69355  4.24690  2.90347  2.73740  3.18147  2.89801  2.37887  2.77520  2.98519  4.58477  3.61503
          0.04600  3.28999  4.86666  0.52531  0.89495  0.48576  0.95510
    102   2.88811  5.50206  1.97481  1.21571  4.79682  3.07634  3.78334  4.30572  2.73598  3.79502  4.61656  2.76414  3.89018  2.75918  3.30415  2.83793  3.21272  3.87669  5.95371  4.46742    230 e - - -
          2.68618  4.42225  2.77520  2.73123  3.46354  2.40513  3.72495  3.29354  2.67741  2.69355  4.24690  2.90347  2.73740  3.18147  2.89801  2.37887  2.77520  2.98519  4.58477  3.61491
          0.04345  3.35742  4.86666  0.53451  0.88179  0.48576  0.95510
    103   2.44920  4.70078  2.76062  2.59725  4.50847  3.03007  3.98892  3.97913  2.88956  3.59403  4.42670  1.22352  3.84649  3.18752  3.31193  2.44687  2.99450  3.49656  5.77158  4.42974    232 n - - -
          2.68619  4.42226  2.77520  2.73124  3.46355  2.40513  3.72495  3.29355  2.67741  2.69356  4.24690  2.90347  2.73740  3.18147  2.89801  2.37878  2.77520  2.98519  4.58478  3.61504
          0.07568  2.73048  4.86666  0.43883  1.03504  0.48576  0.95510
    104   2.83433  4.87335  3.36555  2.86534  4.45706  3.22115  3.80634  3.87780  2.23350  3.41989  4.28353  3.24926  3.99702  2.97369  1.12377  2.67324  3.12340  3.50735  5.51720  4.29590    234 r - - -
          2.68618  4.42225  2.77519  2.73123  3.46354  2.40513  3.72494  3.29354  2.67741  2.69355  4.24690  2.90347  2.73739  3.18146  2.89801  2.37887  2.77519  2.98518  4.58477  3.61503
          0.02384  4.14432  4.86666  0.61958  0.77255  0.48576  0.95510
    105   3.05077  4.46884  4.62682  4.17542  3.61362  4.21135  4.89991  1.92305  4.00616  2.18470  3.25398  4.36737  4.64290  4.33031  4.20981  3.62759  3.35650  0.86368  5.51659  4.27238    235 v - - -
          2.68618  4.42225  2.77519  2.73123  3.46354  2.40513  3.72494  3.29354  2.67741  2.69355  4.24690  2.90347  2.73739  3.18146  2.89801  2.37887  2.77519  2.98518  4.58477  3.61503
          0.02384  4.14432  4.86666  0.61958  0.77255  0.48576  0.95510
    106   3.37322  4.78834  4.65257  4.24476  3.17158  4.38088  4.81925  2.34626  3.99593  0.69240  3.08839  4.48547  4.72853  4.27840  4.13792  3.85671  3.65270  2.41188  5.20185  3.97461    236 L - - -
          2.68618  4.42225  2.77519  2.73123  3.46354  2.40513  3.72494  3.29354  2.67741  2.69355  4.24690  2.90347  2.73739  3.18146  2.89801  2.37887  2.77519  2.98518  4.58477  3.61503
          0.02384  4.14432  4.86666  0.61958  0.77255  0.48576  0.95510
    107   3.08123  5.11106  3.53891  2.93570  4.57621  3.68542  3.73376  3.96207  1.95819  3.44744  4.34037  3.30886  4.10662  2.88728  1.01591  2.99627  3.28774  3.64505  5.49867  4.31960    237 r - - -
          2.68618  4.42225  2.77519  2.73123  3.46354  2.40513  3.72494  3.29354  2.67741  2.69355  4.24690  2.90347  2.73739  3.18146  2.89801  2.37887  2.77519  2.98518  4.58477  3.61503
          0.02384  4.14432  4.86666  0.61958  0.77255  0.48576  0.95510
    108   3.18787  4.47219  4.99095  4.50332  3.68251  4.59285  5.21043  1.27096  4.39907  2.17024  3.47286  4.70156  4.89032  4.65826  4.58564  3.99294  3.45419  1.05128  5.67896  4.47146    238 v - - -
          2.68618  4.42225  2.77519  2.73123  3.46354  2.40513  3.72494  3.29354  2.67741  2.69355  4.24690  2.90347  2.73739  3.18146  2.89801  2.37887  2.77519  2.98518  4.58477  3.61503
          0.02384  4.14432  4.86666  0.61958  0.77255  0.48576  0.95510
    109   2.44617  4.10720  3.63963  3.18675  3.87875  3.25497  4.13834  2.62683  3.09938  2.93233  3.87886  3.42910  3.88989  3.44106  3.41524  1.19224  2.84877  2.78527  5.33798  4.07004    239 s - - -
          2.68618  4.42225  2.77519  2.73123  3.46354  2.40513  3.72494  3.29354  2.67741  2.69355  4.24690  2.90347  2.73739  3.18146  2.89801  2.37887  2.77519  2.98518  4.58477  3.61503
          0.02384  4.14432  4.86666  0.61958  0.77255  0.48576  0.95510
    110   3.03948  4.77894  3.76819  3.70637  4.82664  0.41066  4.80143  4.50091  3.92413  4.11772  5.10184  3.93365  4.17806  4.22728  4.12213  3.22054  3.54175  3.97657  5.84125  4.94070    240 G - - -
          2.68618  4.42225  2.77519  2.73123  3.46354  2.40513  3.72494  3.29354  2.67741  2.69355  4.24690  2.90347  2.73739  3.18146  2.89801  2.37887  2.77519  2.98518  4.58477  3.61503
          0.02384  4.14432  4.86666  0.61958  0.77255  0.48576  0.95510
    111   3.21598  5.35622  2.63985  0.69222  4.74115  3.47120  4.09361  4.25127  3.01106  3.82821  4.79989  3.12500  4.09160  3.30965  3.44142  3.17593  3.52540  3.91042  5.86064  4.59503    241 E - - -
          2.68618  4.42225  2.77519  2.73123  3.46354  2.40513  3.72494  3.29354  2.67741  2.69355  4.24690  2.90347  2.73739  3.18146  2.89801  2.37887  2.77519  2.98518  4.58477  3.61503
          0.02384  4.14432  4.86666  0.61958  0.77255  0.48576  0.95510
    112   3.02689  4.97906  3.66491  3.01307  4.20868  3.70048  3.79055  3.61758  2.14428  3.13514  3.68508  3.37743  4.11831  2.97089  1.03563  3.09968  3.24946  3.37859  5.37398  4.14138    242 r - - -
          2.68618  4.42225  2.77519  2.73123  3.46354  2.40513  3.72494  3.29354  2.67741  2.69355  4.24690  2.90347  2.73739  3.18146  2.89801  2.37887  2.77519  2.98518  4.58477  3.61503
          0.02384  4.14432  4.86666  0.61958  0.77255  0.48576  0.95510
    113   2.96497  5.14544  3.37601  2.73250  4.57661  3.64516  3.65450  3.93302  1.35399  3.40912  4.25101  3.17077  4.02000  2.78456  1.78500  2.96381  2.66586  3.59672  5.49584  4.28154    243 k - - -
          2.68618  4.42225  2.77519  2.73123  3.46354  2.40513  3.72494  3.29354  2.67741  2.69355  4.24690  2.90347  2.73739  3.18146  2.89801  2.37887  2.77519  2.98518  4.58477  3.61503
          0.02384  4.14432  4.86666  0.61958  0.77255  0.48576  0.95510
    114   2.26514  4.89736  3.01505  2.47100  4.23746  2.82657  3.64584  3.65897  2.07743  3.22153  4.02386  2.97851  3.68406  2.78159  2.16141  2.66759  2.71666  3.30221  5.41628  4.08790    244 k - - -
          2.68607  4.42230  2.77525  2.73078  3.46359  2.40514  3.72500  3.29359  2.67746  2.69360  4.24695  2.90352  2.73745  3.18152  2.89806  2.37892  2.77514  2.98524  4.58482  3.61508
          0.15067  2.02366  4.86666  0.84737  0.55956  0.48576  0.95510
    115   2.56176  5.08877  2.47694  1.43793  4.41604  3.35358  3.69536  3.85169  2.52793  3.41295  4.21403  2.86228  3.65566  2.83369  3.02578  2.69708  2.79536  3.28828  5.60904  4.21366    250 e - - -
          2.68618  4.42225  2.77519  2.73123  3.46354  2.40513  3.72494  3.29354  2.67741  2.69355  4.24690  2.90347  2.73739  3.18146  2.89801  2.37887  2.77519  2.98518  4.58477  3.61503
          0.02384  4.14432  4.86666  0.61958  0.77255  0.48576  0.95510
    116   2.55033  4.95607  2.71564  1.46212  4.34309  2.83189  3.72942  3.75940  2.55146  3.34824  4.16278  2.91699  3.84539  2.84883  3.02043  2.69381  2.83010  3.18341  5.56304  4.19724    251 e - - -
          2.68618  4.42225  2.77519  2.73123  3.46354  2.40513  3.72494  3.29354  2.67741  2.69355  4.24690  2.90347  2.73739  3.18146  2.89801  2.37887  2.77519  2.98518  4.58477  3.61503
          0.02384  4.14432  4.86666  0.61958  0.77255  0.48576  0.95510
    117   2.98067  5.40489  2.38444  1.06445  4.69849  3.35173  3.80912  4.20129  2.65550  3.71767  4.57729  2.77711  3.93472  2.73284  3.11399  2.90233  3.25534  3.81191  5.85937  4.42882    252 e - - -
          2.68618  4.42225  2.77519  2.73123  3.46354  2.40513  3.72494  3.29354  2.67741  2.69355  4.24690  2.90347  2.73739  3.18146  2.89801  2.37887  2.77519  2.98518  4.58477  3.61503
          0.02384  4.14432  4.86666  0.61958  0.77255  0.48576  0.95510
    118   2.41598  4.73864  3.09384  2.53077  3.96748  3.29967  3.48222  3.22551  1.89809  2.98786  3.82176  3.02936  3.86005  2.75514  2.72786  2.69349  2.86254  2.51500  5.24795  3.94493    253 k - - -
          2.68610  4.42228  2.77517  2.73120  3.46356  2.40512  3.72497  3.29357  2.67743  2.69357  4.24668  2.90344  2.73742  3.18149  2.89803  2.37889  2.77516  2.98521  4.58479  3.61506
          0.08262  2.63663  4.86666  0.78787  0.60663  0.48576  0.95510
    119   2.67473  5.16249  2.83233  1.72419  4.50438  3.26658  3.63291  3.94803  1.84764  3.43946  4.22652  2.92014  3.86644  2.63159  2.53454  2.72835  2.98805  3.55611  5.57146  4.21693    259 e - - -
          2.68619  4.42226  2.77515  2.73118  3.46355  2.40512  3.72496  3.29355  2.67742  2.69356  4.24691  2.90348  2.73741  3.18148  2.89795  2.37888  2.77521  2.98520  4.58478  3.61504
          0.05944  2.99546  4.86666  0.69284  0.69346  0.48576  0.95510
    120   2.68168  4.80778  2.52525  2.39618  4.51297  1.21722  3.97621  3.96525  2.93848  3.58301  4.43216  2.99036  3.87219  3.18082  3.39791  2.55509  3.06363  3.52150  5.78940  4.43771    263 g - - -
          2.68618  4.42225  2.77519  2.73123  3.46354  2.40513  3.72494  3.29354  2.67741  2.69355  4.24690  2.90347  2.73739  3.18146  2.89801  2.37887  2.77519  2.98518  4.58477  3.61503
          0.02384  4.14432  4.86666  0.61958  0.77255  0.48576  0.95510
    121   2.89770  5.43527  1.55111  1.55677  4.73113  3.31299  3.76410  4.22781  2.69611  3.73186  4.54587  2.65972  3.87887  2.91148  3.25576  2.80859  3.16716  3.44714  5.89331  4.41941    264 d - - -
          2.68618  4.42225  2.77519  2.73123  3.46354  2.40513  3.72494  3.29354  2.67741  2.69355  4.24690  2.90347  2.73739  3.18146  2.89801  2.37887  2.77519  2.98518  4.58477  3.61503
          0.02384  4.14432  4.86666  0.61958  0.77255  0.48576  0.95510
    122   2.96526  5.20723  3.32311  2.68174  4.61114  3.64453  2.30808  3.99542  1.57654  3.44351  4.27190  3.13579  4.00734  2.59453  1.85768  2.94626  3.14523  3.64728  5.50749  4.27616    265 k - - -
          2.68618  4.42225  2.77519  2.73123  3.46354  2.40513  3.72494  3.29354  2.67741  2.69355  4.24690  2.90347  2.73739  3.18146  2.89801  2.37887  2.77519  2.98518  4.58477  3.61503
          0.02384  4.14432  4.86666  0.61958  0.77255  0.48576  0.95510
    123   3.82782  5.09798  4.53253  4.31204  2.99949  4.05697  4.27744  3.87328  4.03412  3.21719  4.49276  4.40895  4.59891  4.40718  4.11147  4.02865  4.14395  3.77067  0.47902  2.98881    266 W - - -
          2.68618  4.42225  2.77519  2.73123  3.46354  2.40513  3.72494  3.29354  2.67741  2.69355  4.24690  2.90347  2.73739  3.18146  2.89801  2.37887  2.77519  2.98518  4.58477  3.61503
          0.02384  4.14432  4.86666  0.61958  0.77255  0.48576  0.95510
    124   3.34054  5.09380  3.43674  3.23236  3.51244  3.70913  0.67895  4.08642  3.06974  3.54180  4.61295  3.62720  4.28068  3.60462  3.31465  3.41136  3.65678  3.81665  4.97153  3.45739    267 H - - -
          2.68618  4.42225  2.77519  2.73123  3.46354  2.40513  3.72494  3.29354  2.67741  2.69355  4.24690  2.90347  2.73739  3.18146  2.89801  2.37887  2.77519  2.98518  4.58477  3.61503
          0.02384  4.14432  4.86666  0.61958  0.77255  0.48576  0.95510
    125   2.89161  4.12316  3.59751  2.95671  4.28670  3.59801  3.78852  3.65048  2.14725  3.24007  4.14064  3.32515  4.04479  2.96479  1.09847  2.97589  3.14269  3.34906  5.40110  4.19342    268 r - - -
          2.68618  4.42225  2.77519  2.73123  3.46354  2.40513  3.72494  3.29354  2.67741  2.69355  4.24690  2.90347  2.73739  3.18146  2.89801  2.37887  2.77519  2.98518  4.58477  3.61503
          0.02384  4.14432  4.86666  0.61958  0.77255  0.48576  0.95510
    126   1.95309  4.48986  3.23048  2.39948  3.76170  3.44947  3.80747  3.04753  2.71120  2.72319  3.67912  3.17042  3.89511  3.04615  3.11191  2.45310  2.84929  2.20836  5.15066  3.88194    269 a - - -
          2.68618  4.42225  2.77519  2.73123  3.46354  2.40513  3.72494  3.29354  2.67741  2.69355  4.24690  2.90347  2.73739  3.18146  2.89801  2.37887  2.77519  2.98518  4.58477  3.61503
          0.02384  4.14432  4.86666  0.61958  0.77255  0.48576  0.95510
    127   3.21598  5.35622  2.63985  0.69222  4.74115  3.47120  4.09361  4.25127  3.01106  3.82821  4.79989  3.12500  4.09160  3.30965  3.44142  3.17593  3.52540  3.91042  5.86064  4.59503    270 E - - -
          2.68618  4.42225  2.77519  2.73123  3.46354  2.40513  3.72494  3.29354  2.67741  2.69355  4.24690  2.90347  2.73739  3.18146  2.89801  2.37887  2.77519  2.98518  4.58477  3.61503
          0.02384  4.14432  4.86666  0.61958  0.77255  0.48576  0.95510
    128   3.33904  5.14162  3.85996  3.32465  4.56677  3.76312  4.05922  4.13516  2.39777  3.60177  4.60225  3.65960  4.25920  3.27253  0.63240  3.41477  3.59073  3.84912  5.54330  4.44326    271 R - - -
          2.68618  4.42225  2.77520  2.73124  3.46354  2.40513  3.72495  3.29354  2.67741  2.69355  4.24669  2.90347  2.73740  3.18147  2.89801  2.37884  2.77520  2.98519  4.58477  3.61504
          0.04208  3.39595  4.86666  0.63221  0.75805  0.48576  0.95510
    129   2.06770  4.36254  3.43206  2.89464  3.73208  3.38789  3.90198  2.82206  2.85284  2.77573  3.52432  3.27409  3.88730  3.17307  3.22786  1.86056  2.42134  2.57779  5.14622  3.89934    274 s - - -
          2.68618  4.42225  2.77519  2.73123  3.46354  2.40513  3.72494  3.29354  2.67741  2.69355  4.24690  2.90347  2.73739  3.18146  2.89801  2.37887  2.77519  2.98518  4.58477  3.61503
          0.02384  4.14432  4.86666  0.61958  0.77255  0.48576  0.95510
    130   2.35136  4.39811  3.18852  2.64834  3.71867  3.47536  3.48488  3.12370  2.62218  2.79380  3.65527  2.62221  3.87998  2.96241  3.03441  2.61483  2.56864  2.85657  5.09437  2.47224    275 a - - -
          2.68618  4.42225  2.77519  2.73123  3.46354  2.40513  3.72494  3.29354  2.67741  2.69355  4.24690  2.90347  2.73739  3.18146  2.89801  2.37887  2.77519  2.98518  4.58477  3.61503
          0.02384  4.14432  4.86666  0.61958  0.77255  0.48576  0.95510
    131   3.03948  4.77894  3.76819  3.70637  4.82664  0.41066  4.80143  4.50091  3.92413  4.11772  5.10184  3.93365  4.17806  4.22728  4.12213  3.22054  3.54175  3.97657  5.84125  4.94070    276 G - - -
          2.68618  4.42225  2.77519  2.73123  3.46354  2.40513  3.72494  3.29354  2.67741  2.69355  4.24690  2.90347  2.73739  3.18146  2.89801  2.37887  2.77519  2.98518  4.58477  3.61503
          0.02384  4.14432  4.86666  0.61958  0.77255  0.48576  0.95510
    132   3.17055  5.28091  3.60026  2.90220  4.77068  3.76430  3.67680  4.10617  1.08083  3.52015  4.39405  3.29127  4.12510  2.80851  1.68824  3.15824  3.32573  3.78593  5.53527  4.38751    277 k - - -
          2.68618  4.42225  2.77519  2.73123  3.46354  2.40513  3.72494  3.29354  2.67741  2.69355  4.24690  2.90347  2.73739  3.18146  2.89801  2.37887  2.77519  2.98518  4.58477  3.61503
          0.02384  4.14432  4.86666  0.61958  0.77255  0.48576  0.95510
    133   3.62630  4.95061  4.61377  4.38756  0.65344  4.23596  4.02878  3.12575  4.29009  2.43626  3.82004  4.33712  4.69415  4.38461  4.34208  3.87664  3.93048  3.13516  4.21155  2.55038    278 F - - -
          2.68618  4.42225  2.77519  2.73123  3.46354  2.40513  3.72494  3.29354  2.67741  2.69355  4.24690  2.90347  2.73739  3.18146  2.89801  2.37887  2.77519  2.98518  4.58477  3.61503
          0.02384  4.14432  4.86666  0.61958  0.77255  0.48576  0.95510
    134   3.11099  4.59589  4.28461  3.77304  2.64196  4.06120  3.93338  2.59344  3.47210  2.18875  3.24615  3.93138  4.42750  3.79943  3.65282  3.40541  3.35912  2.70389  1.32808  2.74865    279 w - - -
          2.68618  4.42225  2.77519  2.73123  3.46354  2.40513  3.72494  3.29354  2.67741  2.69355  4.24690  2.90347  2.73739  3.18146  2.89801  2.37887  2.77519  2.98518  4.58477  3.61503
          0.02384  4.14432  4.86666  0.61958  0.77255  0.48576  0.95510
    135   3.33904  5.14162  3.85996  3.32465  4.56677  3.76312  4.05922  4.13516  2.39777  3.60177  4.60225  3.65960  4.25920  3.27253  0.63240  3.41477  3.59073  3.84912  5.54330  4.44326    280 R - - -
          2.68618  4.42225  2.77519  2.73123  3.46354  2.40513  3.72494  3.29354  2.67741  2.69355  4.24690  2.90347  2.73739  3.18146  2.89801  2.37887  2.77519  2.98518  4.58477  3.61503
          0.02384  4.14432  4.86666  0.61958  0.77255  0.48576  0.95510
    136   2.98514  5.13413  3.18956  2.71058  4.46574  3.59916  3.72091  3.93119  2.14984  3.40783  4.28838  3.16323  4.03017  1.31995  2.07208  2.98843  3.19984  3.60656  5.49946  4.24286    281 q - - -
          2.68618  4.42225  2.77519  2.73123  3.46354  2.40513  3.72494  3.29354  2.67741  2.69355  4.24690  2.90347  2.73739  3.18146  2.89801  2.37887  2.77519  2.98518  4.58477  3.61503
          0.02384  4.14432  4.86666  0.61958  0.77255  0.48576  0.95510
    137   3.39369  4.73546  4.75100  4.27868  1.12528  4.44882  4.18335  2.53113  4.11208  1.63078  3.06001  4.35007  4.71524  4.21061  4.21486  3.80573  3.62611  2.60794  4.40433  2.83403    282 f - - -
          2.68618  4.42225  2.77519  2.73123  3.46354  2.40513  3.72494  3.29354  2.67741  2.69355  4.24690  2.90347  2.73739  3.18146  2.89801  2.37887  2.77519  2.98518  4.58477  3.61503
          0.02384  4.14432  4.86666  0.61958  0.77255  0.48576  0.95510
    138   3.19923  5.23443  3.65410  2.97511  4.70738  3.77296  3.71412  4.05873  1.76819  3.49685  4.39269  3.34351  4.15178  2.85750  1.00391  3.20619  3.36339  3.75404  5.51888  4.38015    283 r - - -
          2.68618  4.42225  2.77519  2.73123  3.46354  2.40513  3.72494  3.29354  2.67741  2.69355  4.24690  2.90347  2.73739  3.18146  2.89801  2.37887  2.77519  2.98518  4.58477  3.61503
          0.02384  4.14432  4.86666  0.61958  0.77255  0.48576  0.95510
    139   3.41531  4.75412  4.92853  4.37248  3.10853  4.63718  4.93171  2.25087  4.18865  0.79434  2.31009  4.64650  4.81421  4.32303  4.31069  3.99634  3.63885  2.34926  5.22483  4.15986    284 l - - -
          2.68618  4.42225  2.77519  2.73123  3.46354  2.40513  3.72494  3.29354  2.67741  2.69355  4.24690  2.90347  2.73739  3.18146  2.89801  2.37887  2.77519  2.98518  4.58477  3.61503
          0.02384  4.14432  4.86666  0.61958  0.77255  0.48576  0.95510
    140   3.15447  4.85690  3.79234  3.67682  4.63448  3.52948  4.72429  4.25975  3.75939  3.85277  4.91984  3.95214  0.44837  4.13948  3.96646  3.33234  3.61889  3.87223  5.73703  4.76153    285 P - - -
          2.68618  4.42225  2.77519  2.73123  3.46354  2.40513  3.72494  3.29354  2.67741  2.69355  4.24690  2.90347  2.73739  3.18146  2.89801  2.37887  2.77519  2.98518  4.58477  3.61503
          0.02384  4.14432  4.86666  0.61958  0.77255  0.48576  0.95510
    141   2.27544  5.04958  2.52755  1.98430  4.35501  3.03793  3.60814  3.81568  2.37999  3.27325  4.10981  2.65315  3.57045  2.67312  2.83494  2.61293  2.87150  3.21368  5.51148  4.12000    286 e - - -
          2.68618  4.42225  2.77519  2.73123  3.46354  2.40513  3.72494  3.29354  2.67741  2.69355  4.24690  2.90347  2.73739  3.18146  2.89801  2.37887  2.77519  2.98518  4.58477  3.61503
          0.02384  4.14432  4.86666  0.61958  0.77255  0.48576  0.95510
    142   2.72697  4.82935  2.72298  2.60885  4.55365  2.54557  4.04146  4.12050  2.96545  3.71662  4.57379  1.08098  3.90915  3.25589  3.38586  2.78419  3.12474  3.64040  5.79553  4.45401    287 n - - -
          2.68618  4.42225  2.77519  2.73123  3.46354  2.40513  3.72494  3.29354  2.67741  2.69355  4.24690  2.90347  2.73739  3.18146  2.89801  2.37887  2.77519  2.98518  4.58477  3.61503
          0.02384  4.14432  4.86666  0.61958  0.77255  0.48576  0.95510
    143   1.21461  4.26382  3.93711  3.54741  3.90945  3.33960  4.42970  2.64735  3.47790  2.77003  3.83031  3.67499  4.00897  3.78106  3.73975  2.77100  2.92692  1.81429  5.48424  4.27000    288 a - - -
          2.68618  4.42225  2.77519  2.73123  3.46354  2.40513  3.72494  3.29354  2.67741  2.69355  4.24690  2.90347  2.73739  3.18146  2.89801  2.37887  2.77519  2.98518  4.58477  3.61503
          0.02384  4.14432  4.86666  0.61958  0.77255  0.48576  0.95510
    144   3.07284  5.50907  0.86803  2.24298  4.84049  3.29018  3.95091  4.45702  3.04903  3.99837  4.90088  2.63270  3.96038  3.14933  3.65315  2.97462  3.40509  4.02188  6.07132  4.57208    289 d - - -
          2.68618  4.42225  2.77519  2.73123  3.46354  2.40513  3.72494  3.29354  2.67741  2.69355  4.24690  2.90347  2.73739  3.18146  2.89801  2.37887  2.77519  2.98518  4.58477  3.61503
          0.02384  4.14432  4.86666  0.61958  0.77255  0.48576  0.95510
    145   3.31413  4.63609  4.93121  4.36045  3.03459  4.58487  4.89345  2.09965  4.24266  0.90970  2.60666  4.60705  4.76961  4.33055  4.35629  3.92487  3.53458  1.96467  5.20889  4.14648    290 l - - -
          2.68618  4.42225  2.77519  2.73123  3.46354  2.40513  3.72494  3.29354  2.67741  2.69355  4.24690  2.90347  2.73739  3.18146  2.89801  2.37887  2.77519  2.98518  4.58477  3.61503
          0.02384  4.14432  4.86666  0.61958  0.77255  0.48576  0.95510
    146   3.04564  5.65586  1.16468  1.68975  4.95209  3.01627  3.85266  4.48568  2.90052  3.96908  4.82387  2.74373  3.92105  3.02076  3.52064  2.91693  3.34027  4.04236  6.12196  4.59426    291 d - - -
          2.68618  4.42225  2.77519  2.73123  3.46354  2.40513  3.72494  3.29354  2.67741  2.69355  4.24690  2.90347  2.73739  3.18146  2.89801  2.37887  2.77519  2.98518  4.58477  3.61503
          0.02384  4.14432  4.86666  0.61958  0.77255  0.48576  0.95510
    147   2.67038  4.95303  2.97422  2.43936  4.25516  3.15342  3.10105  3.68212  2.22265  3.23519  4.03456  2.95719  3.84348  2.71788  2.32461  1.97547  2.81416  3.32737  5.42301  4.08638    292 s - - -
          2.68618  4.42225  2.77519  2.73123  3.46354  2.40513  3.72494  3.29354  2.67741  2.69355  4.24690  2.90347  2.73739  3.18146  2.89801  2.37887  2.77519  2.98518  4.58477  3.61503
          0.02384  4.14432  4.86666  0.61958  0.77255  0.48576  0.95510
    148   3.18258  4.46269  4.98188  4.46470  3.61472  4.59728  5.13283  1.29830  4.36071  2.10334  3.18789  4.67137  4.86513  4.59383  4.53758  3.97513  3.43621  1.10291  5.59141  4.40917    293 v - - -
          2.68618  4.42225  2.77519  2.73123  3.46354  2.40513  3.72494  3.29354  2.67741  2.69355  4.24690  2.90347  2.73739  3.18146  2.89801  2.37887  2.77519  2.98518  4.58477  3.61503
          0.02384  4.14432  4.86666  0.61958  0.77255  0.48576  0.95510
    149   2.25314  4.83569  2.98782  2.52261  4.29680  3.19452  3.71819  3.71447  1.57394  3.28759  4.09733  2.92913  3.84894  2.86531  2.81763  2.48684  2.78016  3.33664  5.48294  4.16440    294 k - - -
          2.68618  4.42225  2.77519  2.73123  3.46354  2.40513  3.72494  3.29354  2.67741  2.69355  4.24690  2.90347  2.73739  3.18146  2.89801  2.37887  2.77519  2.98518  4.58477  3.61503
          0.02384  4.14432  4.86666  0.61958  0.77255  0.48576  0.95510
    150   0.68328  4.35119  3.76127  3.57576  4.34533  3.16654  4.56238  3.51327  3.59969  3.38146  4.39023  3.64937  3.93236  3.91699  3.82493  2.70271  2.99945  3.11929  5.74444  4.57852    295 A - - -
          2.68618  4.42225  2.77519  2.73123  3.46354  2.40513  3.72494  3.29354  2.67741  2.69355  4.24690  2.90347  2.73739  3.18146  2.89801  2.37887  2.77519  2.98518  4.58477  3.61503
          0.02384  4.14432  4.86666  0.61958  0.77255  0.48576  0.95510
    151   2.76383  5.07697  3.05479  2.49271  4.41607  3.50125  2.59560  3.83998  1.81147  3.34541  4.14460  2.88956  3.89019  2.74214  2.20572  2.34539  2.97781  3.47384  5.47889  4.16588    296 k - - -
          2.68618  4.42225  2.77519  2.73123  3.46354  2.40513  3.72494  3.29354  2.67741  2.69355  4.24690  2.90347  2.73739  3.18146  2.89801  2.37887  2.77519  2.98518  4.58477  3.61503
          0.02384  4.14432  4.86666  0.61958  0.77255  0.48576  0.95510
    152   3.14623  4.56908  4.51955  3.95276  3.18704  4.29801  4.58914  2.23077  3.57446  0.91330  2.75637  4.23904  4.56791  4.00510  3.93633  3.62276  3.37587  2.26817  5.12397  3.99647    297 l - - -
          2.68618  4.42225  2.77519  2.73123  3.46354  2.40513  3.72494  3.29354  2.67741  2.69355  4.24690  2.90347  2.73739  3.18146  2.89801  2.37887  2.77519  2.98518  4.58477  3.61503
          0.02384  4.14432  4.86666  0.61958  0.77255  0.48576  0.95510
    153   3.03861  5.61143  1.80647  1.08376  4.90297  3.30185  3.85147  4.42720  2.86994  3.92484  4.78134  2.76738  3.92649  3.01877  3.46466  2.91875  3.32850  3.99736  6.06783  4.56513    298 e - - -
          2.68618  4.42225  2.77519  2.73123  3.46354  2.40513  3.72494  3.29354  2.67741  2.69355  4.24690  2.90347  2.73739  3.18146  2.89801  2.37887  2.77519  2.98518  4.58477  3.61503
          0.02384  4.14432  4.86666  0.61958  0.77255  0.48576  0.95510
    154   2.93763  5.41745  1.73621  2.21060  4.77410  3.28327  3.83706  4.31345  2.83112  3.82813  4.66888  1.40903  3.90069  3.00443  3.40324  2.73931  3.23984  3.87645  5.97443  4.48475    299 n - - -
          2.68618  4.42225  2.77519  2.73123  3.46354  2.40513  3.72494  3.29354  2.67741  2.69355  4.24690  2.90347  2.73739  3.18146  2.89801  2.37887  2.77519  2.98518  4.58477  3.61503
          0.02384  4.14432  4.86666  0.61958  0.77255  0.48576  0.95510
    155   3.03948  4.77894  3.76819  3.70637  4.82664  0.41066  4.80143  4.50091  3.92413  4.11772  5.10184  3.93365  4.17806  4.22728  4.12213  3.22054  3.54175  3.97657  5.84125  4.94070    300 G - - -
          2.68618  4.42225  2.77519  2.73123  3.46354  2.40513  3.72494  3.29354  2.67741  2.69355  4.24690  2.90347  2.73739  3.18146  2.89801  2.37887  2.77519  2.98518  4.58477  3.61503
          0.02384  4.14432  4.86666  0.61958  0.77255  0.48576  0.95510
    156   3.02905  4.50640  4.49549  4.17539  3.76504  3.99821  4.93546  2.07857  4.04776  2.40976  3.69649  4.31950  4.54972  4.39176  4.23304  3.52558  3.38780  0.73944  5.59267  4.33782    301 v - - -
          2.68618  4.42225  2.77519  2.73123  3.46354  2.40513  3.72494  3.29354  2.67741  2.69355  4.24690  2.90347  2.73739  3.18146  2.89801  2.37887  2.77519  2.98518  4.58477  3.61503
          0.02384  4.14432  4.86666  0.61958  0.77255  0.48576  0.95510
    157   3.47485  4.86144  4.62531  4.27497  3.26256  4.32436  4.84647  2.48967  4.04045  0.60041  3.21569  4.52433  4.71837  4.34254  4.16847  3.94043  3.75968  2.59600  5.23131  4.01455    302 L - - -
          2.68618  4.42225  2.77519  2.73123  3.46354  2.40513  3.72494  3.29354  2.67741  2.69355  4.24690  2.90347  2.73739  3.18146  2.89801  2.37887  2.77519  2.98518  4.58477  3.61503
          0.02384  4.14432  4.86666  0.61958  0.77255  0.48576  0.95510
    158   2.69526  4.73894  3.21422  2.63455  3.99114  3.51959  3.69269  2.96766  2.15674  2.98882  3.84359  3.10600  3.91115  2.87064  2.21073  2.76967  1.99839  3.06471  5.25324  3.97981    303 t - - -
          2.68618  4.42225  2.77519  2.73123  3.46354  2.40513  3.72494  3.29354  2.67741  2.69355  4.24690  2.90347  2.73739  3.18146  2.89801  2.37887  2.77519  2.98518  4.58477  3.61503
          0.02384  4.14432  4.86666  0.61958  0.77255  0.48576  0.95510
    159   3.21868  4.49323  5.02057  4.49240  3.50503  4.62791  5.11043  1.29698  4.38496  1.62428  3.29436  4.69806  4.86747  4.57680  4.53697  4.00031  3.46421  1.34345  5.51004  4.35844    304 i - - -
          2.68618  4.42225  2.77519  2.73123  3.46354  2.40513  3.72494  3.29354  2.67741  2.69355  4.24690  2.90347  2.73739  3.18146  2.89801  2.37887  2.77519  2.98518  4.58477  3.61503
          0.02384  4.14432  4.86666  0.61958  0.77255  0.48576  0.95510
    160   2.59159  4.62999  3.16904  2.63735  3.98069  3.40776  3.74655  3.21427  2.52072  3.01263  3.85515  2.96956  3.86197  2.93466  2.43899  2.37478  1.83889  3.05483  5.27953  3.99329    305 t - - -
          2.68618  4.42225  2.77519  2.73123  3.46354  2.40513  3.72494  3.29354  2.67741  2.69355  4.24690  2.90347  2.73739  3.18146  2.89801  2.37887  2.77519  2.98518  4.58477  3.61503
          0.02384  4.14432  4.86666  0.61958  0.77255  0.48576  0.95510
    161   3.08275  4.41404  4.82686  4.25240  2.40479  4.34519  4.68064  1.87613  4.12106  1.47077  2.88259  4.41416  4.60459  4.24050  4.21558  3.67628  3.31164  1.54341  5.08317  3.95040    306 l - - -
          2.68618  4.42225  2.77519  2.73123  3.46354  2.40513  3.72494  3.29354  2.67741  2.69355  4.24690  2.90347  2.73739  3.18146  2.89801  2.37887  2.77519  2.98518  4.58477  3.61503
          0.02384  4.14432  4.86666  0.61958  0.77255  0.48576  0.95510
    162   2.49771  4.87040  2.86412  2.42327  4.18863  3.29205  3.64986  3.61842  2.42305  3.09404  3.99480  2.64985  2.36664  2.78895  2.52049  2.53064  2.79905  3.26223  5.40865  4.06121    307 p - - -
          2.68618  4.42225  2.77519  2.73123  3.46354  2.40513  3.72494  3.29354  2.67741  2.69355  4.24690  2.90347  2.73739  3.18146  2.89801  2.37887  2.77519  2.98518  4.58477  3.61503
          0.02384  4.14432  4.86666  0.61958  0.77255  0.48576  0.95510
    163   3.04576  5.17532  3.14728  2.74331  4.60887  3.59007  3.76185  4.04479  0.97340  3.54150  4.42088  2.94049  4.05889  2.91686  2.39395  3.04622  3.27501  3.70087  5.57714  4.34000    308 k - - -
          2.68618  4.42225  2.77519  2.73123  3.46354  2.40513  3.72494  3.29354  2.67741  2.69355  4.24690  2.90347  2.73739  3.18146  2.89801  2.37887  2.77519  2.98518  4.58477  3.61503
          0.02384  4.14432  4.86666  0.61958  0.77255  0.48576  0.95510
    164   3.30929  4.64516  4.88547  4.33458  2.48147  4.52844  4.74824  2.24073  4.20522  0.90400  2.95854  4.54745  4.74014  4.29615  4.31399  3.87471  3.53530  2.05871  5.04525  3.83227    309 l - - -
          2.68618  4.42225  2.77519  2.73123  3.46354  2.40513  3.72494  3.29354  2.67741  2.69355  4.24690  2.90347  2.73739  3.18146  2.89801  2.37887  2.77519  2.98518  4.58477  3.61503
          0.02384  4.14432  4.86666  0.61958  0.77255  0.48576  0.95510
    165   1.42092  4.28610  3.49103  3.06704  4.21127  2.86188  4.12820  3.61502  3.07142  3.28976  4.11544  3.31105  3.12900  3.37241  3.43098  1.75782  2.76943  2.92644  5.55386  4.32073    310 a - - -
          2.68618  4.42225  2.77519  2.73123  3.46354  2.40513  3.72494  3.29354  2.67741  2.69355  4.24690  2.90347  2.73739  3.18146  2.89801  2.37887  2.77519  2.98518  4.58477  3.61503
          0.02384  4.14432  4.86666  0.61958  0.77255  0.48576  0.95510
    166   2.54949  5.00701  2.82505  1.94964  4.29854  2.92096  3.26270  3.74624  2.39004  3.14082  4.07443  2.88963  2.79728  2.57732  2.86386  2.63543  2.88279  3.37144  5.47712  4.10230    311 e - - -
          2.68618  4.42225  2.77519  2.73123  3.46354  2.40513  3.72494  3.29354  2.67741  2.69355  4.24690  2.90347  2.73739  3.18146  2.89801  2.37887  2.77519  2.98518  4.58477  3.61503
          0.03405  4.14432  4.03835  0.61958  0.77255  0.48576  0.95510
    167   2.85270  5.40551  1.67313  1.69951  4.70248  3.17718  3.00322  4.20704  2.61412  3.69062  4.48597  2.73735  3.85844  2.67900  3.15923  2.76779  3.11194  3.77682  5.83997  4.37511    312 d - - -
          2.68618  4.42225  2.77520  2.73123  3.46354  2.40513  3.72495  3.29354  2.67741  2.69355  4.24690  2.90347  2.73740  3.18146  2.89801  2.37887  2.77520  2.98518  4.58477  3.61496
          0.03522  3.61805  4.85669  0.56840  0.83571  0.49759  0.93648
    168   3.02281  5.25971  3.37280  2.67146  4.71210  3.67383  3.63120  4.06934  1.51093  3.49069  4.32518  3.16156  4.03326  2.05809  1.71377  2.99664  3.19292  3.72015  5.53350  4.32799    314 k - - -
          2.68618  4.42225  2.77520  2.73123  3.46354  2.40513  3.72495  3.29354  2.67741  2.69352  4.24690  2.90347  2.73740  3.18146  2.89801  2.37887  2.77520  2.98518  4.58477  3.61503
          0.03731  3.54566  4.85669  0.55981  0.84703  0.49759  0.93648
    169   2.63274  4.54853  3.26161  2.69369  3.74293  3.05189  3.73380  2.30933  2.08410  2.77930  3.65113  3.15286  3.90848  2.96011  2.67933  2.76109  2.83960  2.62511  5.10215  3.83871    316 k - - -
          2.68618  4.42225  2.77519  2.73123  3.46354  2.40513  3.72494  3.29354  2.67741  2.69355  4.24690  2.90347  2.73739  3.18146  2.89801  2.37887  2.77519  2.98518  4.58477  3.61503
          0.02408  4.13434  4.85669  0.61958  0.77255  0.49759  0.93648
    170   3.16113  5.27158  3.58624  2.89354  4.75798  3.75586  3.67295  4.09532  1.08358  3.51202  4.38591  3.28398  4.11818  2.80508  1.70417  3.14952  3.31775  3.77516  5.52935  4.37958    317 k - - -
          2.68618  4.42225  2.77519  2.73123  3.46354  2.40513  3.72494  3.29354  2.67741  2.69355  4.24690  2.90347  2.73739  3.18146  2.89801  2.37887  2.77519  2.98518  4.58477  3.61503
          0.02408  4.13434  4.85669  0.61958  0.77255  0.49759  0.93648
    171   2.76602  5.13206  2.60200  2.01668  4.47610  2.16060  3.70830  3.93274  2.50747  3.46688  4.27319  2.86808  3.85784  2.06545  2.97272  2.58343  3.02408  3.54426  5.64330  4.25473    318 e - - -
          2.68618  4.42225  2.77519  2.73123  3.46354  2.40513  3.72494  3.29354  2.67741  2.69355  4.24690  2.90347  2.73739  3.18146  2.89801  2.37887  2.77519  2.98518  4.58477  3.61503
          0.02408  4.13434  4.85669  0.61958  0.77255  0.49759  0.93648
    172   1.86354  4.32584  3.42171  3.02034  4.12868  3.15186  4.08994  3.28516  3.00802  3.18136  4.04264  3.30025  1.60221  3.33883  3.35742  2.46870  2.66903  3.04290  5.49238  4.25201    319 p - - -
          2.68618  4.42225  2.77519  2.73123  3.46354  2.40513  3.72494  3.29354  2.67741  2.69355  4.24690  2.90347  2.73739  3.18146  2.89801  2.37887  2.77519  2.98518  4.58477  3.61503
          0.02408  4.13434  4.85669  0.61958  0.77255  0.49759  0.93648
    173   3.07394  5.21766  3.51573  2.82643  4.68952  3.71340  3.65516  4.02197  1.37600  3.46316  4.32108  3.23478  4.07524  2.78464  1.47303  3.06682  3.01621  3.69471  5.51258  4.33943    320 k - - -
          2.68618  4.42225  2.77519  2.73123  3.46354  2.40513  3.72494  3.29354  2.67741  2.69355  4.24690  2.90347  2.73739  3.18146  2.89801  2.37887  2.77519  2.98518  4.58477  3.61503
          0.02408  4.13434  4.85669  0.61958  0.77255  0.49759  0.93648
    174   3.14943  4.47652  4.80143  4.27955  3.55497  4.47910  4.97734  1.77184  4.14587  1.95101  3.25407  4.51739  4.77644  4.41356  4.34808  3.84821  3.40729  0.93181  5.50513  4.30320    321 v - - -
          2.68618  4.42225  2.77519  2.73123  3.46354  2.40513  3.72494  3.29354  2.67741  2.69355  4.24690  2.90347  2.73739  3.18146  2.89801  2.37887  2.77519  2.98518  4.58477  3.61503
          0.02408  4.13434  4.85669  0.61958  0.77255  0.49759  0.93648
    175   3.17539  4.46633  4.96090  4.47341  3.67466  4.56756  5.18389  1.34649  4.36723  2.16775  3.46860  4.67421  4.87146  4.62991  4.55693  3.96666  3.44288  1.00706  5.66423  4.45458    322 v - - -
          2.68618  4.42225  2.77519  2.73123  3.46354  2.40513  3.72494  3.29354  2.67741  2.69355  4.24690  2.90347  2.73739  3.18146  2.89801  2.37887  2.77519  2.98518  4.58477  3.61503
          0.02408  4.13434  4.85669  0.61958  0.77255  0.49759  0.93648
    176   2.60752  5.12942  2.21904  2.26911  4.47804  2.67250  3.68595  3.94797  2.44855  3.47326  4.26043  2.43134  3.82639  2.81820  3.03345  1.99256  2.97537  3.54102  5.64820  4.23771    323 s - - -
          2.68618  4.42225  2.77519  2.73123  3.46354  2.40513  3.72494  3.29354  2.67741  2.69355  4.24690  2.90347  2.73739  3.18146  2.89801  2.37887  2.77519  2.98518  4.58477  3.61503
          0.02408  4.13434  4.85669  0.61958  0.77255  0.49759  0.93648
    177   3.18948  4.53057  4.82716  4.38229  3.55096  4.45115  5.07661  0.89780  4.22353  2.03628  3.38946  4.58429  4.80521  4.51376  4.40437  3.87721  3.47377  1.69162  5.55527  4.32777    324 i - - -
          2.68618  4.42225  2.77519  2.73123  3.46354  2.40513  3.72494  3.29354  2.67741  2.69355  4.24690  2.90347  2.73739  3.18146  2.89801  2.37887  2.77519  2.98518  4.58477  3.61503
          0.02408  4.13434  4.85669  0.61958  0.77255  0.49759  0.93648
    178   1.81723  4.74588  2.69378  2.28087  4.01683  3.41119  3.69625  3.38372  2.53102  2.95027  3.87554  2.99112  3.84261  2.86652  2.98618  2.63814  2.81188  2.77090  5.31492  3.99173    325 a - - -
          2.68616  4.42228  2.77522  2.73126  3.46356  2.40499  3.72497  3.29356  2.67743  2.69357  4.24692  2.90349  2.73742  3.18149  2.89803  2.37881  2.77520  2.98521  4.58479  3.61506
          0.15510  2.11886  3.75074  0.50217  0.92942  0.49759  0.93648
    179   2.56971  5.02857  2.71033  1.90730  4.19795  2.26907  3.53719  3.76125  2.33760  3.31082  4.10513  2.87563  3.82137  2.67178  2.90571  2.66253  2.91775  3.34005  5.50387  4.12698    329 e - - -
          2.68618  4.42225  2.77519  2.73123  3.46354  2.40513  3.72494  3.29354  2.67741  2.69355  4.24690  2.90347  2.73739  3.18146  2.89801  2.37887  2.77519  2.98518  4.58477  3.61503
          0.26260  4.11849  1.53861  0.61958  0.77255  0.48599  0.95475
    180   2.78601  5.29516  1.82109  1.75615  4.57910  2.79542  3.40785  4.07308  2.57061  3.57908  4.39174  2.69067  3.78138  2.67790  3.11594  2.70481  3.04981  3.66240  5.74665  4.28927    330 e - - -
          2.68622  4.42229  2.77499  2.73111  3.46358  2.40507  3.72499  3.29358  2.67745  2.69359  4.24694  2.90342  2.73744  3.18141  2.89805  2.37890  2.77524  2.98523  4.58481  3.61507
          0.49477  1.13696  2.66649  0.25302  1.49812  0.71161  0.67502
    181   2.76556  5.22565  1.98991  1.72887  4.51330  2.53189  3.53251  3.99775  2.57415  3.52315  4.34747  2.67734  3.76397  2.75139  3.11396  2.69302  3.03444  3.60084  5.70405  4.25780    333 e - - -
          2.68618  4.42225  2.77519  2.73123  3.46354  2.40513  3.72494  3.29354  2.67741  2.69355  4.24690  2.90347  2.73739  3.18146  2.89801  2.37887  2.77519  2.98518  4.58477  3.61503
          0.06339  3.84519  3.21790  0.61958  0.77255  0.66390  0.72327
    182   2.48237  4.89701  2.77117  2.31089  4.19508  2.66933  3.53344  3.61592  2.11819  3.18205  3.99958  2.87573  3.79194  2.41380  2.68508  2.59993  2.88487  3.27253  5.38307  4.04976    334 k - - -
          2.68618  4.42225  2.77519  2.73123  3.46354  2.40513  3.72494  3.29354  2.67741  2.69355  4.24690  2.90347  2.73739  3.18146  2.89801  2.37887  2.77519  2.98518  4.58477  3.61503
          0.05636  3.88140  3.37604  0.61958  0.77255  0.68838  0.69793
    183   2.55174  4.99656  2.26999  2.13753  4.29480  3.09992  3.59763  3.74717  2.37379  3.29547  4.09223  2.78499  3.00715  2.66542  2.92025  2.46542  2.76826  3.37001  5.49035  4.09980    335 e - - -
          2.68618  4.42225  2.77519  2.73123  3.46354  2.40513  3.72494  3.29354  2.67741  2.69355  4.24690  2.90347  2.73739  3.18146  2.89801  2.37887  2.77519  2.98518  4.58477  3.61503
          0.04350  3.88583  3.81487  0.61958  0.77255  0.62016  0.77189
    184   2.17288  4.70111  2.91406  2.38827  3.94916  3.10689  3.61395  3.35716  2.32946  2.97531  3.60496  2.94273  3.42730  2.77726  2.77837  2.51942  2.75166  2.98679  5.23305  3.91182    336 a - - -
          2.68613  4.42227  2.77522  2.73125  3.46356  2.40515  3.72496  3.29356  2.67726  2.69357  4.24692  2.90349  2.73738  3.18148  2.89803  2.37886  2.77522  2.98520  4.58479  3.61505
          0.40020  1.77879  1.82652  0.30706  1.33033  0.41451  1.08077
    185   2.51490  4.91311  2.87382  2.10463  4.19794  2.95763  3.57792  3.63343  2.15306  3.15130  3.98046  2.88025  3.56421  2.57843  2.68221  2.59793  2.73092  3.12894  5.38551  4.02867    338 e - - -
          2.68618  4.42225  2.77519  2.73123  3.46354  2.40513  3.72494  3.29354  2.67741  2.69355  4.24690  2.90347  2.73739  3.18146  2.89801  2.37887  2.77519  2.98518  4.58477  3.61503
          0.02801  3.98496  4.70730  0.61958  0.77255  0.41028  1.08906
    186   2.62644  5.06841  2.59304  2.27145  4.38048  2.91003  3.61403  3.84295  2.07638  3.36350  4.13399  2.64582  3.80082  2.67440  2.87372  2.22902  2.60611  3.44450  5.53106  4.13759    339 k - - -
          2.68618  4.42225  2.77519  2.73123  3.46354  2.40513  3.72494  3.29354  2.67741  2.69355  4.24690  2.90347  2.73739  3.18146  2.89801  2.37887  2.77519  2.98518  4.58477  3.61503
          0.02406  4.13495  4.85730  0.61958  0.77255  0.49687  0.93759
    187   2.55053  4.22593  3.62030  3.05117  3.36022  3.48128  3.88276  2.31363  2.98526  2.19158  3.07854  2.96668  3.98440  3.27332  3.29799  2.41711  2.82329  2.19312  4.83350  3.61364    340 l - - -
          2.68618  4.42225  2.77519  2.73123  3.46354  2.40513  3.72494  3.29354  2.67741  2.69355  4.24690  2.90347  2.73739  3.18146  2.89801  2.37887  2.77519  2.98518  4.58477  3.61503
          0.07011  4.13495  2.96217  0.61958  0.77255  0.49687  0.93759
    188   2.55931  5.05483  2.62721  2.19970  4.36359  2.79168  3.61062  3.82357  2.21520  3.34918  4.12450  2.56351  3.79398  2.73095  2.79097  2.17423  2.85495  3.42976  5.52143  4.12972    341 s - - -
          2.68618  4.42225  2.77519  2.73123  3.46354  2.40513  3.72494  3.29354  2.67741  2.69355  4.24690  2.90347  2.73739  3.18146  2.89801  2.37887  2.77519  2.98518  4.58477  3.61503
          0.04402  4.09002  3.63703  0.61958  0.77255  0.46579  0.98789
    189   2.30795  4.91983  2.67423  2.26776  4.24089  2.24483  3.66765  3.67779  2.42732  3.25171  4.05421  2.70810  3.81595  2.81055  2.96408  2.44313  2.89349  3.17578  5.46640  4.10284    342 g - - -
          2.68597  4.42231  2.77525  2.73124  3.46360  2.40479  3.72500  3.29360  2.67747  2.69361  4.24696  2.90352  2.73745  3.18152  2.89807  2.37893  2.77521  2.98524  4.58483  3.61509
          0.29253  2.31869  1.86288  1.09900  0.40527  0.51710  0.90696
    190   2.50417  5.11962  2.29818  1.81601  4.42184  3.10510  3.62322  3.88828  2.45772  3.41419  4.20656  2.77257  3.77875  2.41371  2.96524  2.58263  2.80818  3.49313  5.59108  4.17899    350 e - - -
          2.68618  4.42225  2.77519  2.73123  3.46354  2.40513  3.72494  3.29354  2.67741  2.69355  4.24690  2.90347  2.73739  3.18146  2.89801  2.37887  2.77519  2.98518  4.58477  3.61503
          0.02879  3.95803  4.68038  0.61958  0.77255  0.67115  0.71564
    191   2.73348  5.15623  1.73410  2.01297  4.45986  2.95642  3.66120  3.92585  2.54682  3.46483  4.27357  2.56276  3.79029  2.80686  3.07294  2.68286  2.99523  3.13050  5.65156  4.22711    351 d - - -
          2.68618  4.42225  2.77520  2.73123  3.46354  2.40513  3.72481  3.29354  2.67741  2.69355  4.24690  2.90347  2.73740  3.18147  2.89801  2.37887  2.77520  2.98519  4.58477  3.61503
          0.05259  3.17113  4.68038  0.53451  0.88179  0.42481  1.06101
    192   2.57094  4.55258  2.83264  2.60508  3.73415  3.42979  3.27703  2.67863  2.58544  2.71401  3.64284  2.98559  3.86604  2.83596  2.95401  2.52374  2.82157  2.30543  5.09875  3.81620    353 v - - -
          2.68618  4.42225  2.77519  2.73123  3.46354  2.40513  3.72494  3.29354  2.67741  2.69355  4.24690  2.90347  2.73739  3.18146  2.89801  2.37887  2.77519  2.98518  4.58477  3.61503
          0.03024  4.11740  4.30517  0.61958  0.77255  0.51710  0.90696
    193   2.61721  4.62689  2.92235  2.19878  4.20490  3.08938  3.60119  3.63859  1.96648  3.19723  3.22980  2.89783  3.80620  2.45777  2.74059  2.62079  2.84623  3.28095  5.39526  4.04167    354 k - - -
          2.68618  4.42225  2.77519  2.73123  3.46354  2.40513  3.72494  3.29354  2.67741  2.69355  4.24690  2.90347  2.73739  3.18146  2.89801  2.37887  2.77519  2.98518  4.58477  3.61503
          0.03520  4.11179  4.00583  0.61958  0.77255  0.50540  0.92448
    194   1.45539  4.32894  3.26601  2.92699  3.97000  3.20388  3.98597  3.31176  2.92432  3.03140  3.88636  3.25339  3.57378  3.23631  3.29879  2.41322  2.26368  2.70296  5.34382  4.09762    355 a - - -
          2.68618  4.42225  2.77519  2.73123  3.46354  2.40513  3.72494  3.29354  2.67741  2.69355  4.24690  2.90347  2.73739  3.18146  2.89801  2.37887  2.77519  2.98518  4.58477  3.61503
          0.02465  4.11117  4.83351  0.61958  0.77255  0.52410  0.89671
    195   2.50412  4.79738  2.97921  2.48563  4.17640  3.37608  3.68337  3.59134  1.96742  3.18283  3.99501  2.73618  3.82609  2.83370  2.85536  2.37420  2.15972  3.19131  5.40228  4.07713    356 k - - -
          2.68618  4.42225  2.77519  2.73123  3.46354  2.40513  3.72494  3.29354  2.67741  2.69355  4.24690  2.90347  2.73739  3.18146  2.89801  2.37887  2.77519  2.98518  4.58477  3.61503
          0.12932  4.11117  2.25458  0.61958  0.77255  0.52410  0.89671
    196   2.81243  4.97407  3.13941  2.60210  4.35333  3.50722  3.63051  3.73584  1.33499  3.27332  3.93430  2.92073  3.91963  2.77454  2.33757  2.76474  2.94274  3.40372  5.41143  4.15482    357 k - - -
          2.68618  4.42225  2.77519  2.73123  3.46354  2.40513  3.72494  3.29354  2.67741  2.69355  4.24690  2.90347  2.73739  3.18146  2.89801  2.37887  2.77519  2.98518  4.58477  3.61503
          0.05795  4.00918  3.26622  0.61958  0.77255  0.45223  1.01117
    197   2.16948  4.82912  2.82403  2.35737  4.09400  3.39701  3.63008  3.51611  2.40973  3.10942  3.91805  2.84740  3.66188  2.40978  2.89245  2.39271  2.79045  2.84430  5.34259  3.99955    358 a - - -
          2.68618  4.42225  2.77519  2.73123  3.46354  2.40513  3.72494  3.29354  2.67741  2.69355  4.24690  2.90347  2.73739  3.18146  2.89801  2.37887  2.77519  2.98518  4.58477  3.61503
          0.02522  4.08869  4.81104  0.61958  0.77255  0.49007  0.94825
    198   2.77287  5.35873  2.32272  1.15081  4.66480  3.32703  3.77204  4.13025  2.59005  3.65905  4.49693  2.80643  3.89507  2.82272  3.14691  2.83934  3.18336  3.73863  5.83330  4.39917    359 e - - -
          2.68618  4.42225  2.77519  2.73123  3.46354  2.40513  3.72494  3.29354  2.67741  2.69355  4.24690  2.90347  2.73739  3.18146  2.89801  2.37887  2.77519  2.98518  4.58477  3.61503
          0.02441  4.12088  4.84322  0.61958  0.77255  0.51315  0.91281
    199   3.29919  4.62028  4.92961  4.35624  3.13555  4.56881  4.88219  1.92118  4.22723  1.09445  1.94275  4.59776  4.75367  4.31770  4.33479  3.90936  3.51915  2.14955  5.19665  4.14680    360 l - - -
          2.68647  4.42114  2.77538  2.73142  3.46324  2.40535  3.72389  3.29390  2.67761  2.69307  4.24682  2.90358  2.73754  3.18155  2.89796  2.37870  2.77519  2.98491  4.58513  3.61497
          0.12675  2.12826        *  2.48320  0.08717  0.00000        *
//
