HMMER3/f [3.1b2 | February 2015]
NAME  Mafft_Group_7
LENG  208
ALPH  amino
RF    no
MM    no
CONS  yes
CS    no
MAP   yes
DATE  Mon Oct 24 15:29:34 2016
NSEQ  52
EFFN  1.006104
CKSUM 4074695162
STATS LOCAL MSV      -10.2717  0.70490
STATS LOCAL VITERBI  -11.5750  0.70490
STATS LOCAL FORWARD   -4.9286  0.70490
HMM          A        C        D        E        F        G        H        I        K        L        M        N        P        Q        R        S        T        V        W        Y   
            m->m     m->i     m->d     i->m     i->i     d->m     d->d
  COMPO   2.56301  4.63512  2.77771  2.54088  3.48592  2.91121  3.84564  2.92199  2.56113  2.52945  3.60158  3.02206  3.29467  3.11307  2.78709  2.60486  2.89957  2.60114  4.88950  3.67732
          2.68602  4.42104  2.77682  2.73326  3.46065  2.40507  3.72372  3.29354  2.67979  2.69447  4.24716  2.90500  2.73538  3.18271  2.89460  2.37715  2.77558  2.98418  4.58738  3.61605
          0.27164  1.51191  4.05224  3.90267  0.02039  0.00000        *
      1   2.67331  4.35368  3.85401  3.41025  3.54689  3.56844  4.21898  2.68554  3.22678  2.39076  1.34042  3.65626  4.10619  3.60307  3.47043  2.79153  2.76093  2.52239  5.15032  3.92568    129 m - - -
          2.68618  4.42225  2.77519  2.73123  3.46354  2.40513  3.72494  3.29354  2.67741  2.69355  4.24690  2.90347  2.73739  3.18146  2.89801  2.37887  2.77519  2.98518  4.58477  3.61503
          0.05350  4.18309  3.30102  0.61958  0.77255  0.47798  0.96767
      2   1.14155  4.39411  3.38119  2.98741  4.01395  3.25140  4.04422  3.33807  2.92888  3.06555  3.72464  3.30597  3.87103  3.07497  3.26159  2.51856  2.86743  2.99388  5.39957  4.14558    130 a - - -
          2.68595  4.42227  2.77522  2.73126  3.46356  2.40515  3.72497  3.29356  2.67743  2.69357  4.24692  2.90349  2.73742  3.18149  2.89803  2.37889  2.77522  2.98505  4.58479  3.61505
          0.18067  1.84684  4.88596  0.28157  1.40485  0.52178  0.90008
      3   2.00604  4.22391  3.28974  2.68820  4.12556  3.21819  3.94248  3.52272  2.82042  3.18077  4.00975  3.19241  3.36536  3.15039  3.22141  1.46716  2.67989  3.12258  5.44737  4.17708    132 s - - -
          2.68618  4.42225  2.77519  2.73123  3.46354  2.40513  3.72494  3.29354  2.67741  2.69355  4.24690  2.90347  2.73739  3.18146  2.89801  2.37887  2.77519  2.98518  4.58477  3.61503
          0.02337  4.16362  4.88596  0.61958  0.77255  0.52178  0.90008
      4   2.47566  4.56975  3.17013  2.63062  3.86364  3.18655  3.52915  3.01101  2.61041  2.91127  3.66110  3.09713  3.43710  2.95182  3.03468  1.79230  2.58425  2.95735  5.20617  3.91862    133 s - - -
          2.68618  4.42225  2.77519  2.73123  3.46354  2.40513  3.72494  3.29354  2.67741  2.69355  4.24690  2.90347  2.73739  3.18146  2.89801  2.37887  2.77519  2.98518  4.58477  3.61503
          0.02337  4.16362  4.88596  0.61958  0.77255  0.52178  0.90008
      5   2.79562  4.28179  4.32148  3.75240  3.33172  4.01022  4.36354  1.97624  3.62497  1.46300  3.23618  3.98994  4.35257  3.86616  3.65871  3.31796  2.81644  1.69560  5.01843  3.84209    134 l - - -
          2.68618  4.42225  2.77519  2.73123  3.46354  2.40513  3.72494  3.29354  2.67741  2.69355  4.24690  2.90347  2.73739  3.18146  2.89801  2.37887  2.77519  2.98518  4.58477  3.61503
          0.02337  4.16362  4.88596  0.61958  0.77255  0.52178  0.90008
      6   1.23379  4.44737  3.29522  2.89151  3.99552  3.29097  3.97749  3.16545  2.84567  3.04502  3.93117  3.25408  3.87737  2.87131  3.19561  2.54588  2.87824  2.99522  5.36860  4.10527    135 a - - -
          2.68610  4.42244  2.77539  2.73135  3.46366  2.40525  3.72514  3.29363  2.67745  2.69317  4.24709  2.90366  2.73719  3.18154  2.89766  2.37891  2.77528  2.98482  4.58496  3.61523
          0.16138  1.95561  4.88596  1.77743  0.18521  0.52178  0.90008
      7   2.90010  4.45009  4.42442  3.85711  3.13559  4.16364  4.48951  2.17267  3.73434  1.02446  3.00647  4.12545  4.07244  3.94487  3.93049  3.47551  3.24831  2.15660  5.06635  3.92536    146 l - - -
          2.68618  4.42225  2.77519  2.73123  3.46354  2.40513  3.72494  3.29354  2.67741  2.69355  4.24690  2.90347  2.73739  3.18146  2.89801  2.37887  2.77519  2.98518  4.58477  3.61503
          0.02337  4.16362  4.88596  0.61958  0.77255  0.52178  0.90008
      8   2.72816  4.95937  3.12157  2.35233  4.25248  3.51206  3.63271  3.45014  1.73618  3.01584  3.53942  3.02531  3.89015  2.76782  2.07454  2.74177  2.94310  3.32064  5.39499  4.09198    147 k - - -
          2.68618  4.42225  2.77519  2.73123  3.46354  2.40513  3.72494  3.29354  2.67741  2.69355  4.24690  2.90347  2.73739  3.18146  2.89801  2.37887  2.77519  2.98518  4.58477  3.61503
          0.02337  4.16362  4.88596  0.61958  0.77255  0.52178  0.90008
      9   2.87717  5.21680  3.38592  2.73719  4.65154  3.67552  3.65074  4.01007  1.67582  3.45746  4.29545  3.17711  4.03963  2.47948  1.40335  2.89352  3.18743  3.66961  5.52152  4.31344    148 r - - -
          2.68618  4.42225  2.77519  2.73123  3.46354  2.40513  3.72494  3.29354  2.67741  2.69355  4.24690  2.90347  2.73739  3.18146  2.89801  2.37887  2.77519  2.98518  4.58477  3.61503
          0.02337  4.16362  4.88596  0.61958  0.77255  0.52178  0.90008
     10   2.29624  4.31663  3.26829  2.98028  3.23216  3.59364  3.88878  2.70833  2.93586  1.66327  3.40900  3.37039  3.51799  3.23584  3.27617  2.85934  2.86054  2.53381  4.92084  3.68595    149 l - - -
          2.68618  4.42225  2.77519  2.73123  3.46354  2.40513  3.72494  3.29354  2.67741  2.69355  4.24690  2.90347  2.73739  3.18146  2.89801  2.37887  2.77519  2.98518  4.58477  3.61503
          0.02337  4.16362  4.88596  0.61958  0.77255  0.52178  0.90008
     11   2.45498  4.23291  4.09531  3.53189  3.36220  3.83793  4.20957  2.02810  3.42651  1.55712  3.29996  3.79570  4.21754  3.68548  3.66005  3.06449  2.59520  2.02856  4.96186  3.76744    150 l - - -
          2.68618  4.42225  2.77519  2.73123  3.46354  2.40513  3.72494  3.29354  2.67741  2.69355  4.24690  2.90347  2.73739  3.18146  2.89801  2.37887  2.77519  2.98518  4.58477  3.61503
          0.02337  4.16362  4.88596  0.61958  0.77255  0.52178  0.90008
     12   2.01256  4.53904  3.17787  2.58800  3.96891  3.34179  3.81741  3.09679  2.68320  3.01467  3.85820  3.12359  3.36828  3.02084  3.10105  1.75816  2.77183  3.01999  5.30361  4.01892    151 s - - -
          2.68618  4.42225  2.77519  2.73123  3.46354  2.40513  3.72494  3.29354  2.67741  2.69355  4.24690  2.90347  2.73739  3.18146  2.89801  2.37887  2.77519  2.98518  4.58477  3.61503
          0.02337  4.16362  4.88596  0.61958  0.77255  0.52178  0.90008
     13   2.09438  4.53056  3.18949  2.70474  3.69823  3.32866  3.83470  3.37408  2.53280  3.03686  3.88090  3.13565  3.69435  3.04042  3.10467  1.60705  2.78763  3.03878  5.32006  4.03649    152 s - - -
          2.68618  4.42225  2.77519  2.73123  3.46354  2.40513  3.72494  3.29354  2.67741  2.69355  4.24690  2.90347  2.73739  3.18146  2.89801  2.37887  2.77519  2.98518  4.58477  3.61503
          0.03440  4.16362  4.00261  0.61958  0.77255  0.52178  0.90008
     14   2.60907  4.96572  2.60731  2.36457  4.31553  2.49770  3.45678  3.76423  2.45602  3.31897  4.10906  2.78233  3.06935  2.80229  2.95986  2.03885  2.84759  3.38103  5.51537  4.14016    153 s - - -
          2.68620  4.42227  2.77522  2.73125  3.46356  2.40515  3.72497  3.29356  2.67733  2.69347  4.24692  2.90346  2.73742  3.18148  2.89803  2.37889  2.77516  2.98513  4.58479  3.61505
          0.11623  2.49440  3.60518  0.61987  0.77222  0.51328  0.91263
     15   2.33289  4.17744  3.86112  3.29308  3.32351  3.68096  4.01491  2.22695  3.20553  1.96919  3.29992  3.58842  3.49356  3.47163  3.46672  2.75915  2.86662  1.89379  4.84076  3.63497    156 v - - -
          2.68618  4.42225  2.77519  2.73123  3.46354  2.40513  3.72494  3.29354  2.67741  2.69355  4.24690  2.90347  2.73739  3.18146  2.89801  2.37887  2.77519  2.98518  4.58477  3.61503
          0.05048  4.14409  3.39998  0.61958  0.77255  0.54432  0.86807
     16   2.36999  4.12423  3.85432  3.27691  2.86099  3.65435  3.94977  2.32476  3.18353  1.86584  3.22670  3.55932  3.53377  3.43671  3.31471  2.78285  2.82082  2.20872  4.73701  3.53474    157 l - - -
          2.68618  4.42225  2.77519  2.73123  3.46354  2.40513  3.72494  3.29354  2.67741  2.69355  4.24690  2.90347  2.73739  3.18146  2.89801  2.37887  2.77519  2.98518  4.58477  3.61503
          0.02448  4.11808  4.84043  0.61958  0.77255  0.48821  0.95121
     17   2.43641  4.71116  2.98335  2.55562  4.18885  3.32753  3.77823  3.60821  2.49954  3.21630  4.03551  2.95653  2.19760  2.85766  3.02152  1.94496  2.77095  3.23754  5.45183  4.13455    158 s - - -
          2.68577  4.42199  2.77535  2.73139  3.46370  2.40491  3.72510  3.29367  2.67757  2.69361  4.24697  2.90338  2.73743  3.18162  2.89797  2.37887  2.77495  2.98532  4.58493  3.61519
          0.30553  1.41556  3.88851  1.21236  0.35310  0.52178  0.90008
     18   2.70537  5.02243  2.98471  2.38149  4.35409  3.14369  3.62489  3.78228  2.03974  3.30913  4.10279  2.90203  3.85787  2.74915  1.95902  2.31303  2.78089  3.41350  5.47012  4.13669    167 r - - -
          2.68619  4.42226  2.77521  2.73124  3.46334  2.40514  3.72496  3.29355  2.67742  2.69356  4.24691  2.90348  2.73741  3.18147  2.89802  2.37881  2.77521  2.98519  4.58478  3.61504
          0.14418  2.42972  3.07458  0.38583  1.13907  0.51156  0.91519
     19   2.28182  4.32402  3.43051  2.86744  3.39114  3.53881  3.81273  2.74047  2.82211  2.17257  3.44093  3.18547  3.78661  3.13069  3.18328  2.25929  2.62840  2.53649  4.91927  3.55926    169 l - - -
          2.68618  4.42225  2.77519  2.73123  3.46354  2.40513  3.72494  3.29354  2.67741  2.69355  4.24690  2.90347  2.73739  3.18146  2.89801  2.37887  2.77519  2.98518  4.58477  3.61503
          0.05498  4.12481  3.28792  0.61958  0.77255  0.56566  0.83930
     20   2.85737  4.27101  4.39624  3.81787  2.73253  4.02708  4.34428  2.07553  3.69664  1.33622  2.98404  4.02829  4.34532  3.88529  3.85779  3.23254  2.93328  1.97577  4.91034  3.74657    170 l - - -
          2.68618  4.42225  2.77519  2.73123  3.46354  2.40513  3.72494  3.29354  2.67741  2.69355  4.24690  2.90347  2.73739  3.18146  2.89801  2.37887  2.77519  2.98518  4.58477  3.61503
          0.02506  4.09489  4.81724  0.61958  0.77255  0.52428  0.89644
     21   2.84967  5.07374  3.09795  2.58336  4.45019  3.37544  3.56058  3.85357  2.09701  3.36301  4.18931  2.62873  3.94650  2.79665  1.46397  2.69245  3.06513  3.50535  5.48948  4.21649    171 r - - -
          2.68618  4.42225  2.77519  2.73123  3.46354  2.40513  3.72494  3.29354  2.67741  2.69355  4.24690  2.90347  2.73739  3.18146  2.89801  2.37887  2.77519  2.98518  4.58477  3.61503
          0.18646  4.13485  1.87012  0.61958  0.77255  0.55466  0.85395
     22   2.35310  4.35638  3.25509  2.91947  3.97090  3.17450  4.00965  3.21569  2.87041  2.76624  3.93166  3.23931  1.57741  3.26446  3.19308  2.59964  2.71464  2.89786  5.39051  4.11991    172 p - - -
          2.68618  4.42225  2.77519  2.73123  3.46354  2.40513  3.72494  3.29354  2.67741  2.69355  4.24690  2.90347  2.73739  3.18146  2.89801  2.37887  2.77519  2.98518  4.58477  3.61503
          0.07436  3.97663  2.93914  0.61958  0.77255  0.70493  0.68151
     23   2.54625  4.23217  4.11088  3.57344  3.48512  3.86764  4.34124  1.75266  3.47462  2.22526  3.37757  3.84951  4.26933  3.76504  3.73460  3.09839  2.84680  1.42418  5.14439  3.93230    173 v - - -
          2.68618  4.42225  2.77519  2.73123  3.46354  2.40513  3.72494  3.29354  2.67741  2.69355  4.24690  2.90347  2.73739  3.18146  2.89801  2.37887  2.77519  2.98518  4.58477  3.61503
          0.02956  3.93184  4.65418  0.61958  0.77255  0.43652  1.03925
     24   1.98342  4.72028  3.05941  2.53778  4.09260  3.38198  3.70538  3.50297  2.47723  3.11170  3.93225  3.02318  2.74298  2.76462  2.45151  2.51957  2.70803  3.16131  5.35196  4.03991    174 a - - -
          2.68618  4.42225  2.77519  2.73123  3.46354  2.40513  3.72494  3.29354  2.67741  2.69355  4.24690  2.90347  2.73739  3.18146  2.89801  2.37887  2.77519  2.98518  4.58477  3.61503
          0.02406  4.13485  4.85719  0.61958  0.77255  0.55466  0.85395
     25   1.84509  4.35539  3.40676  2.89837  3.80229  3.32553  3.92086  3.11713  2.73657  2.85817  3.73085  3.26225  3.86059  3.18621  3.23228  2.11936  2.47817  2.26798  5.19991  3.95416    175 a - - -
          2.68618  4.42225  2.77519  2.73123  3.46354  2.40513  3.72494  3.29354  2.67741  2.69355  4.24690  2.90347  2.73739  3.18146  2.89801  2.37887  2.77519  2.98518  4.58477  3.61503
          0.08768  4.13485  2.68910  0.61958  0.77255  0.55466  0.85395
     26   2.01398  4.30703  3.16459  2.61215  3.92810  3.38554  3.71824  3.31396  2.43663  2.96083  3.80214  3.07313  3.83213  2.90724  2.29433  2.31876  2.82240  2.88445  5.23599  3.94979    176 a - - -
          2.68618  4.42225  2.77519  2.73123  3.46354  2.40513  3.72494  3.29354  2.67741  2.69355  4.24690  2.90347  2.73739  3.18146  2.89801  2.37887  2.77519  2.98518  4.58477  3.61503
          0.02563  4.07279  4.79514  0.61958  0.77255  0.61920  0.77300
     27   2.13057  4.29964  3.36382  2.94617  4.17606  3.08618  4.04068  3.57154  2.95660  3.24469  4.07232  3.23372  2.87413  3.27120  3.32785  1.75248  1.83060  3.11774  5.50811  4.26246    177 s - - -
          2.68618  4.42225  2.77519  2.73123  3.46354  2.40513  3.72494  3.29354  2.67741  2.69355  4.24690  2.90347  2.73739  3.18146  2.89801  2.37887  2.77519  2.98518  4.58477  3.61503
          0.09441  4.07279  2.61649  0.61958  0.77255  0.61920  0.77300
     28   2.17190  4.32778  3.34802  2.72360  3.53795  3.46560  3.61940  2.84526  2.77226  2.52435  3.49055  3.23407  3.89364  3.10527  3.12902  2.60120  2.74669  1.99547  4.96767  3.72489    178 v - - -
          2.68618  4.42225  2.77519  2.73123  3.46354  2.40513  3.72494  3.29354  2.67741  2.69355  4.24690  2.90347  2.73739  3.18146  2.89801  2.37887  2.77519  2.98518  4.58477  3.61503
          0.04413  4.00581  3.69027  0.61958  0.77255  0.68053  0.70592
     29   2.27861  4.24582  3.48551  2.93642  3.18176  3.46770  3.84998  2.74120  2.88522  2.41226  3.42225  3.30798  3.42341  3.18791  3.22729  2.33870  2.78351  2.10340  4.91407  3.68023    179 v - - -
          2.68618  4.42225  2.77519  2.73123  3.46354  2.40513  3.72494  3.29354  2.67741  2.69355  4.24690  2.90347  2.73739  3.18146  2.89801  2.37887  2.77519  2.98518  4.58477  3.61503
          0.13377  3.98955  2.23770  0.61958  0.77255  0.69428  0.69201
     30   2.60408  4.76578  2.88743  2.42210  4.02538  3.36274  3.38833  3.46517  2.35567  2.91323  3.89208  2.92673  3.04884  2.22787  2.75955  2.42646  2.84686  3.14197  5.27762  3.95006    180 q - - -
          2.68577  4.42234  2.77529  2.73133  3.46363  2.40515  3.72504  3.29363  2.67740  2.69364  4.24699  2.90344  2.73728  3.18156  2.89810  2.37896  2.77496  2.98514  4.58486  3.61512
          0.16924  2.64911  2.46532  1.71566  0.19826  0.62769  0.76319
     31   1.87905  4.21592  3.32589  2.92313  3.99354  3.05422  3.98588  3.30454  2.91425  3.04876  3.91533  3.20202  2.09353  3.24043  3.26300  2.29898  2.70187  2.64941  5.36660  4.12509    195 a - - -
          2.68618  4.42225  2.77519  2.73123  3.46354  2.40513  3.72494  3.29354  2.67741  2.69355  4.24690  2.90347  2.73739  3.18146  2.89801  2.37887  2.77519  2.98518  4.58477  3.61503
          0.03008  3.91486  4.63721  0.61958  0.77255  0.71344  0.67326
     32   1.42245  4.17258  3.34395  3.00330  4.12483  2.48675  4.07843  3.50061  3.03830  3.07171  4.05112  3.22704  3.68104  3.34177  3.37338  2.03024  2.68687  3.03424  5.48139  4.25231    196 a - - -
          2.68618  4.42225  2.77519  2.73123  3.46354  2.40513  3.72494  3.29354  2.67741  2.69355  4.24690  2.90347  2.73739  3.18146  2.89801  2.37887  2.77519  2.98518  4.58477  3.61503
          0.05452  3.94028  3.39261  0.61958  0.77255  0.66304  0.72419
     33   1.93227  4.17937  3.41706  3.01671  4.06941  2.53408  4.06071  3.42740  3.02097  3.14598  3.98947  3.24619  3.69806  3.32294  3.36411  1.59712  2.68781  2.55659  5.43398  4.20588    197 s - - -
          2.68618  4.42225  2.77519  2.73123  3.46354  2.40513  3.72494  3.29354  2.67741  2.69355  4.24690  2.90347  2.73739  3.18146  2.89801  2.37887  2.77519  2.98518  4.58477  3.61503
          0.02867  3.96188  4.68422  0.61958  0.77255  0.63909  0.75030
     34   2.56890  4.58367  3.12333  2.58078  3.84227  3.41217  3.68517  3.23228  2.48969  2.65670  3.73379  3.05298  3.61504  2.88273  2.56941  1.99987  2.61197  2.94253  5.16749  3.74757    198 s - - -
          2.68618  4.42225  2.77519  2.73123  3.46354  2.40513  3.72494  3.29354  2.67741  2.69355  4.24690  2.90347  2.73739  3.18146  2.89801  2.37887  2.77519  2.98518  4.58477  3.61503
          0.02730  4.01045  4.73280  0.61958  0.77255  0.45851  1.00028
     35   2.92812  4.94492  3.45658  2.82302  4.09017  3.66037  3.30328  3.15332  2.13793  3.15266  4.05070  3.23971  4.04064  2.87757  1.26749  2.98188  3.12921  3.32927  5.27459  3.99087    199 r - - -
          2.68618  4.42225  2.77519  2.73123  3.46354  2.40513  3.72494  3.29354  2.67741  2.69355  4.24690  2.90347  2.73739  3.18146  2.89801  2.37887  2.77519  2.98518  4.58477  3.61503
          0.02384  4.14409  4.86643  0.61958  0.77255  0.54432  0.86807
     36   2.50188  4.26804  3.56791  3.02867  3.48883  3.16191  3.91328  2.79452  2.95540  1.88304  3.45901  3.38021  3.95187  3.26741  3.19826  2.24645  2.82966  2.21146  4.94792  3.72233    200 l - - -
          2.68618  4.42225  2.77519  2.73123  3.46354  2.40513  3.72494  3.29354  2.67741  2.69355  4.24690  2.90347  2.73739  3.18146  2.89801  2.37887  2.77519  2.98518  4.58477  3.61503
          0.02384  4.14409  4.86643  0.61958  0.77255  0.54432  0.86807
     37   3.57904  4.84370  4.72156  4.35290  0.99371  4.43157  3.63180  3.16451  4.18808  2.24784  3.77102  4.16231  4.72836  4.18070  4.22892  3.78192  3.79853  3.11797  3.78622  1.70684    201 f - - -
          2.68618  4.42225  2.77519  2.73123  3.46354  2.40513  3.72494  3.29354  2.67741  2.69355  4.24690  2.90347  2.73739  3.18146  2.89801  2.37887  2.77519  2.98518  4.58477  3.61503
          0.02384  4.14409  4.86643  0.61958  0.77255  0.54432  0.86807
     38   2.58894  4.71307  2.76280  2.57695  4.50285  2.87421  3.96370  3.99464  2.86352  3.58792  4.41042  1.36421  3.83835  3.15466  3.29971  2.10157  2.98056  3.50700  5.75750  4.41029    202 n - - -
          2.68618  4.42225  2.77519  2.73123  3.46354  2.40513  3.72494  3.29354  2.67741  2.69355  4.24690  2.90347  2.73739  3.18146  2.89801  2.37887  2.77519  2.98518  4.58477  3.61503
          0.02384  4.14409  4.86643  0.61958  0.77255  0.54432  0.86807
     39   2.45003  4.39994  3.25076  2.98563  4.22626  3.15389  4.12844  3.58977  3.02133  3.33017  4.19884  2.85141  3.84126  3.38509  3.34702  2.53628  1.12455  3.16518  5.58040  4.31194    203 t - - -
          2.68619  4.42226  2.77521  2.73114  3.46355  2.40508  3.72496  3.29355  2.67742  2.69356  4.24691  2.90348  2.73741  3.18147  2.89802  2.37888  2.77521  2.98519  4.58478  3.61504
          0.09573  2.48187  4.86643  0.39613  1.11755  0.50663  0.92261
     40   2.72328  5.10260  2.33924  2.31316  4.44541  2.71144  3.70291  3.90890  2.54019  3.44777  4.24207  1.78265  3.84095  2.72872  3.04345  2.60749  2.98343  3.22202  5.63158  4.23059    205 n - - -
          2.68618  4.42225  2.77519  2.73123  3.46354  2.40513  3.72494  3.29354  2.67741  2.69355  4.24690  2.90347  2.73739  3.18146  2.89801  2.37887  2.77519  2.98518  4.58477  3.61503
          0.02337  4.16362  4.88596  0.61958  0.77255  0.52178  0.90008
     41   1.16201  4.25912  3.67719  3.23527  3.99043  3.20560  4.19255  2.93153  3.17712  3.01520  3.92071  3.44304  3.86499  3.49158  3.49070  2.48165  2.41266  2.75027  5.41992  4.20213    206 a - - -
          2.68622  4.42229  2.77523  2.73127  3.46358  2.40516  3.72498  3.29358  2.67744  2.69359  4.24693  2.90350  2.73719  3.18096  2.89804  2.37890  2.77523  2.98522  4.58481  3.61507
          0.27054  1.47195  4.88596  0.22124  1.61711  0.52178  0.90008
     42   2.58761  4.16641  4.06073  3.48469  3.27446  3.78512  4.10809  2.29008  3.37580  1.89007  2.83356  3.73502  3.68631  3.61985  3.59215  2.94695  2.91525  1.63509  4.83385  3.64000    208 v - - -
          2.68618  4.42225  2.77519  2.73123  3.46354  2.40513  3.72494  3.29354  2.67741  2.69355  4.24690  2.90347  2.73739  3.18146  2.89801  2.37887  2.77519  2.98518  4.58477  3.61503
          0.02337  4.16362  4.88596  0.61958  0.77255  0.52178  0.90008
     43   2.69546  4.93050  3.33019  2.76403  4.37358  3.55655  3.73026  3.73392  2.18272  3.28720  4.14831  3.19047  3.99147  2.74931  1.30356  2.89662  2.67169  3.40770  5.45481  4.22465    209 r - - -
          2.68618  4.42225  2.77519  2.73123  3.46354  2.40513  3.72494  3.29354  2.67741  2.69355  4.24690  2.90347  2.73739  3.18146  2.89801  2.37887  2.77519  2.98518  4.58477  3.61503
          0.05283  4.16362  3.32672  0.61958  0.77255  0.52178  0.90008
     44   2.60898  5.11420  2.45675  1.93703  4.43591  3.37443  3.60027  3.90901  2.35895  3.40829  4.16688  2.61188  3.79445  2.54174  2.49799  2.45437  2.88345  3.33340  5.55763  4.15408    210 e - - -
          2.68618  4.42225  2.77519  2.73123  3.46354  2.40513  3.72494  3.29354  2.67741  2.69355  4.24690  2.90347  2.73739  3.18146  2.89801  2.37887  2.77519  2.98518  4.58477  3.61503
          0.02406  4.13485  4.85719  0.61958  0.77255  0.55466  0.85395
     45   3.06058  4.74297  4.31400  3.89533  1.78749  4.18888  3.32862  3.26702  3.77268  2.74717  3.86858  3.90987  4.53193  3.89872  3.92888  3.51539  3.56889  3.11727  3.81530  1.04626    211 y - - -
          2.68618  4.42225  2.77519  2.73123  3.46354  2.40513  3.72494  3.29354  2.67741  2.69355  4.24690  2.90347  2.73739  3.18146  2.89801  2.37887  2.77519  2.98518  4.58477  3.61503
          0.02406  4.13485  4.85719  0.61958  0.77255  0.55466  0.85395
     46   2.97527  5.58289  1.41653  1.58663  4.87633  3.15355  3.80194  4.40244  2.79847  3.87904  4.70818  2.53947  3.89347  2.95797  3.39693  2.70312  3.25697  3.95918  6.03401  4.52049    212 d - - -
          2.68617  4.42230  2.77505  2.73106  3.46359  2.40512  3.72500  3.29359  2.67746  2.69360  4.24695  2.90352  2.73745  3.18152  2.89797  2.37892  2.77525  2.98497  4.58482  3.61508
          0.12167  2.23692  4.85719  0.97506  0.47348  0.49987  0.93295
     47   2.72793  5.16771  2.18360  2.25009  4.47648  3.19032  3.47182  3.94716  2.49335  3.46646  4.24925  2.54049  3.83334  2.69610  3.00175  1.84664  2.85702  3.54534  5.63712  4.22499    217 s - - -
          2.68618  4.42225  2.77519  2.73123  3.46354  2.40513  3.72494  3.29354  2.67741  2.69355  4.24690  2.90347  2.73739  3.18146  2.89801  2.37887  2.77519  2.98518  4.58477  3.61503
          0.04407  4.16362  3.59117  0.61958  0.77255  0.52178  0.90008
     48   2.73175  5.17481  1.74111  2.18302  4.47567  2.77902  3.26764  3.94756  2.49054  3.35610  4.25124  2.83299  3.83050  2.79597  2.90816  2.47366  2.97817  3.54736  5.63646  4.22306    218 d - - -
          2.68618  4.42225  2.77519  2.73123  3.46354  2.40513  3.72494  3.29354  2.67741  2.69355  4.24690  2.90347  2.73739  3.18146  2.89801  2.37887  2.77519  2.98518  4.58477  3.61503
          0.02386  4.14340  4.86575  0.61958  0.77255  0.54510  0.86699
     49   2.58348  4.94151  1.96703  2.25127  3.76840  3.14169  3.53145  3.64455  2.42505  3.21335  4.00902  2.90290  3.81368  2.74396  2.90600  2.63556  2.70199  3.28996  5.42267  3.60067    219 d - - -
          2.68614  4.42226  2.77518  2.73124  3.46355  2.40514  3.72496  3.29346  2.67742  2.69356  4.24691  2.90348  2.73735  3.18147  2.89802  2.37888  2.77521  2.98519  4.58478  3.61504
          0.23303  3.12640  1.80794  0.68660  0.69974  0.54510  0.86699
     50   2.61706  5.00606  2.11740  2.17023  4.33061  3.05919  3.64442  3.78175  2.48512  3.22911  4.13999  2.81132  3.78355  2.78706  2.91533  2.02298  2.91937  3.40254  5.53534  4.14537    223 s - - -
          2.68618  4.42225  2.77519  2.73123  3.46354  2.40513  3.72494  3.29354  2.67741  2.69355  4.24690  2.90347  2.73739  3.18146  2.89801  2.37887  2.77519  2.98518  4.58477  3.61503
          0.11238  3.97346  2.43628  0.61958  0.77255  0.65860  0.72893
     51   2.60609  4.89274  2.11044  2.27274  4.21794  3.04974  3.62794  3.41722  2.46106  3.23282  4.03963  2.68895  3.76564  2.77448  2.94748  2.24187  2.86485  3.21692  5.44611  4.07503    224 d - - -
          2.68618  4.42225  2.77519  2.73123  3.46354  2.40513  3.72494  3.29354  2.67741  2.69355  4.24690  2.90347  2.73739  3.18146  2.89801  2.37887  2.77519  2.98518  4.58477  3.61503
          0.06612  3.92445  3.11839  0.61958  0.77255  0.74548  0.64342
     52   2.56880  4.73925  2.39436  2.29726  3.97273  2.83887  3.60686  3.15185  2.43229  3.00152  3.82886  2.90114  3.77612  2.76969  2.89392  2.60719  2.80702  2.89066  5.25753  3.66630    225 e - - -
          2.68618  4.42225  2.77519  2.73123  3.46354  2.40513  3.72494  3.29354  2.67741  2.69355  4.24690  2.90347  2.73739  3.18146  2.89801  2.37887  2.77519  2.98518  4.58477  3.61503
          0.03087  3.88920  4.61154  0.61958  0.77255  0.64326  0.74566
     53   2.66222  5.00425  2.53389  2.33057  4.30908  2.56273  3.43990  3.75112  2.22230  3.28679  4.08267  2.86384  3.79793  2.69378  2.20610  2.64632  2.89593  3.38061  5.46074  4.10104    226 r - - -
          2.68618  4.42225  2.77519  2.73123  3.46354  2.40513  3.72494  3.29354  2.67741  2.69355  4.24690  2.90347  2.73739  3.18146  2.89801  2.37887  2.77519  2.98518  4.58477  3.61503
          0.02828  3.97553  4.69788  0.61958  0.77255  0.53564  0.88019
     54   2.71101  5.16211  1.96629  2.04995  4.48037  2.65748  3.65001  3.95404  2.47267  3.46763  4.24966  2.81064  3.80898  2.77721  2.72864  2.40736  2.88990  3.54623  5.63344  4.21714    227 d - - -
          2.68618  4.42225  2.77519  2.73123  3.46354  2.40513  3.72494  3.29354  2.67741  2.69355  4.24690  2.90347  2.73739  3.18146  2.89801  2.37887  2.77519  2.98518  4.58477  3.61503
          0.02538  4.08237  4.80472  0.61958  0.77255  0.60976  0.78413
     55   2.77545  4.23809  4.16060  3.59611  3.24390  3.90658  4.20587  2.12825  3.47337  2.03433  3.25351  3.84854  4.25931  3.72909  3.69030  3.20659  2.91167  1.41708  4.88061  2.85759    228 v - - -
          2.68618  4.42225  2.77519  2.73123  3.46354  2.40513  3.72494  3.29354  2.67741  2.69355  4.24690  2.90347  2.73739  3.18146  2.89801  2.37887  2.77519  2.98518  4.58477  3.61503
          0.02538  4.08237  4.80472  0.61958  0.77255  0.60976  0.78413
     56   2.55977  5.02778  1.80894  2.12713  4.31940  3.34359  3.67749  3.74226  2.52525  3.32630  4.13709  2.78727  3.68168  2.82312  3.02449  2.68374  2.95210  2.67839  5.54129  4.15569    229 d - - -
          2.68623  4.42230  2.77524  2.73128  3.46359  2.40481  3.72499  3.29359  2.67746  2.69360  4.24695  2.90352  2.73744  3.18151  2.89774  2.37892  2.77524  2.98523  4.58482  3.61508
          0.23728  1.76559  3.21528  0.66590  0.72115  0.52466  0.89589
     57   2.36635  4.53377  2.91739  2.61310  3.65882  3.29114  3.70741  3.02387  2.59363  2.65576  3.63553  3.09001  3.05272  2.92710  2.91234  2.63763  2.75564  2.33700  5.09378  3.81309    232 v - - -
          2.68618  4.42225  2.77519  2.73123  3.46354  2.40513  3.72494  3.29354  2.67741  2.69355  4.24690  2.90347  2.73739  3.18146  2.89801  2.37887  2.77519  2.98518  4.58477  3.61503
          0.12643  4.09879  2.28109  0.61958  0.77255  0.51043  0.91689
     58   2.71747  5.11902  1.69160  2.27551  4.35933  3.34598  3.17048  3.87246  2.44370  3.39958  4.19696  2.71266  3.81615  2.77784  2.66225  2.68058  2.96090  3.48847  5.54660  3.91920    233 d - - -
          2.68618  4.42225  2.77519  2.73123  3.46354  2.40513  3.72494  3.29354  2.67741  2.69355  4.24690  2.90347  2.73739  3.18146  2.89801  2.37887  2.77519  2.98518  4.58477  3.61503
          0.02623  4.04983  4.77218  0.61958  0.77255  0.47971  0.96486
     59   2.80514  4.96676  3.03692  2.61081  4.31313  3.51847  3.41811  3.72946  2.22564  3.27782  4.11358  3.08329  3.93984  2.83401  1.41045  2.73637  2.76939  3.39550  5.43174  4.15222    234 r - - -
          2.68618  4.42225  2.77519  2.73123  3.46354  2.40513  3.72494  3.29354  2.67741  2.69355  4.24690  2.90347  2.73739  3.18146  2.89801  2.37887  2.77519  2.98518  4.58477  3.61503
          0.04175  4.14409  3.68759  0.61958  0.77255  0.48642  0.95406
     60   2.67649  5.05173  2.44089  2.37339  4.35589  3.41742  3.01377  3.81172  2.33591  3.23687  4.11755  2.87235  3.70363  2.74087  1.91992  2.57943  2.90742  3.42873  5.49749  4.12767    235 r - - -
          2.68658  4.42274  2.77401  2.73146  3.46216  2.40555  3.72522  3.29403  2.67790  2.69371  4.24739  2.90393  2.73710  3.18196  2.89787  2.37850  2.77566  2.98464  4.58526  3.61358
          0.39197  1.25336  3.25103  2.11335  0.12878  0.52920  0.88935
     61   2.60549  4.87879  2.34515  2.27227  3.67430  3.03984  3.61861  3.47664  2.40754  3.14892  3.94754  2.91963  3.66349  2.75556  2.88148  2.25905  2.79856  3.22396  5.36902  3.59672    261 s - - -
          2.68618  4.42225  2.77519  2.73123  3.46354  2.40513  3.72494  3.29354  2.67741  2.69355  4.24690  2.90347  2.73739  3.18146  2.89801  2.37887  2.77519  2.98518  4.58477  3.61503
          0.05676  4.12565  3.24358  0.61958  0.77255  0.56475  0.84049
     62   2.56527  4.77534  2.43700  2.39662  4.00969  2.93648  3.53649  3.12057  2.43649  2.61374  3.72827  2.81316  3.81299  2.78516  2.85470  2.60739  2.76839  3.10500  5.28245  3.95098    262 e - - -
          2.68618  4.42225  2.77519  2.73123  3.46354  2.40513  3.72494  3.29354  2.67741  2.69355  4.24690  2.90347  2.73739  3.18146  2.89801  2.37887  2.77519  2.98518  4.58477  3.61503
          0.02508  4.09397  4.81632  0.61958  0.77255  0.54904  0.86158
     63   3.07478  5.06413  3.18893  2.92679  4.47009  3.61855  3.86625  3.96233  2.28605  3.48535  4.40023  3.33807  4.09903  3.04868  0.90062  3.11764  3.32220  3.64260  5.50433  4.30768    263 r - - -
          2.68618  4.42225  2.77519  2.73123  3.46354  2.40513  3.72494  3.29354  2.67741  2.69355  4.24690  2.90347  2.73739  3.18146  2.89801  2.37887  2.77519  2.98518  4.58477  3.61503
          0.02441  4.12075  4.84310  0.61958  0.77255  0.52611  0.89380
     64   2.28401  4.84358  2.66082  2.41894  4.11049  3.41225  3.45421  3.45678  2.42056  3.12375  3.92711  2.85208  3.81274  2.77275  2.72639  2.14863  2.71032  2.94858  5.35194  4.00656    264 s - - -
          2.68618  4.42225  2.77519  2.73123  3.46354  2.40513  3.72494  3.29354  2.67741  2.69355  4.24690  2.90347  2.73739  3.18146  2.89801  2.37887  2.77519  2.98518  4.58477  3.61503
          0.02384  4.14409  4.86643  0.61958  0.77255  0.54432  0.86807
     65   2.58942  4.12579  4.07014  3.49068  2.63635  3.74508  4.00364  2.46790  3.37371  1.86850  3.18365  3.70615  3.66202  3.59353  3.56241  3.03255  2.88055  2.06896  4.64861  2.44648    265 l - - -
          2.68618  4.42225  2.77519  2.73123  3.46354  2.40513  3.72494  3.29354  2.67741  2.69355  4.24690  2.90347  2.73739  3.18146  2.89801  2.37887  2.77519  2.98518  4.58477  3.61503
          0.02384  4.14409  4.86643  0.61958  0.77255  0.54432  0.86807
     66   2.12107  3.35911  3.52648  3.01389  3.69431  3.23055  4.00537  3.24761  2.97573  2.95008  3.80935  3.31250  3.16966  3.28082  3.33538  1.58250  2.46459  2.90260  5.27066  4.03635    266 s - - -
          2.68618  4.42225  2.77519  2.73123  3.46354  2.40513  3.72494  3.29354  2.67741  2.69355  4.24690  2.90347  2.73739  3.18146  2.89801  2.37887  2.77519  2.98518  4.58477  3.61503
          0.02384  4.14409  4.86643  0.61958  0.77255  0.54432  0.86807
     67   2.58556  4.53632  3.24926  2.68412  3.73770  3.50109  3.74283  2.91681  2.59226  2.77296  3.51168  3.14608  2.75582  2.96873  2.24100  2.67990  2.84880  2.41285  5.10843  3.83874    267 r - - -
          2.68636  4.42256  2.77487  2.73154  3.46253  2.40508  3.72515  3.29361  2.67764  2.69366  4.24720  2.90370  2.73693  3.18177  2.89746  2.37878  2.77533  2.98549  4.58508  3.61502
          0.49868  0.95459  4.86643  1.43801  0.27102  0.54432  0.86807
     68   3.24879  4.70601  4.34725  4.01288  0.89135  3.77560  3.90534  2.94922  3.88981  2.34537  3.68832  4.04860  4.51322  4.06410  4.02435  3.50864  3.54698  2.87569  4.17456  2.52165    279 f - - -
          2.68618  4.42225  2.77519  2.73123  3.46354  2.40513  3.72494  3.29354  2.67741  2.69355  4.24690  2.90347  2.73739  3.18146  2.89801  2.37887  2.77519  2.98518  4.58477  3.61503
          0.02384  4.14409  4.86643  0.61958  0.77255  0.50663  0.92261
     69   2.26584  4.32434  3.39043  3.05255  4.39689  2.79629  4.18294  3.82503  3.11637  3.47843  4.28844  3.29943  2.99300  3.41486  3.47697  1.13076  2.56366  3.28706  5.70789  4.47038    280 s - - -
          2.68611  4.42228  2.77523  2.73126  3.46357  2.40503  3.72498  3.29357  2.67744  2.69355  4.24693  2.90350  2.73743  3.18150  2.89792  2.37883  2.77523  2.98522  4.58480  3.61506
          0.18895  1.80413  4.88596  0.39008  1.13010  0.52178  0.90008
     70   2.84009  5.30524  1.56434  2.24131  4.65730  2.32788  3.54756  4.15274  2.68150  3.66450  4.47099  2.53735  3.87181  2.91326  3.22740  2.44830  3.11636  3.72946  5.83234  4.38254    283 d - - -
          2.68618  4.42225  2.77519  2.73123  3.46354  2.40513  3.72494  3.29354  2.67741  2.69355  4.24690  2.90347  2.73739  3.18146  2.89801  2.37887  2.77519  2.98518  4.58477  3.61503
          0.02337  4.16362  4.88596  0.61958  0.77255  0.52178  0.90008
     71   2.41789  4.22916  4.00523  3.49961  3.56476  3.47320  4.25693  2.21268  3.40591  2.51395  3.51014  3.72473  4.12981  3.68992  3.65789  2.71860  2.94486  1.25373  5.12051  3.91050    284 v - - -
          2.68618  4.42225  2.77519  2.73123  3.46354  2.40513  3.72494  3.29354  2.67741  2.69355  4.24690  2.90347  2.73739  3.18146  2.89801  2.37887  2.77519  2.98518  4.58477  3.61503
          0.02337  4.16362  4.88596  0.61958  0.77255  0.52178  0.90008
     72   2.78804  4.29890  3.44768  3.46148  1.65414  3.83758  3.94746  2.56863  3.36407  1.91480  3.28010  3.71214  4.19261  3.59294  3.59333  3.12175  3.01889  2.43680  4.27626  3.11206    285 f - - -
          2.68619  4.42226  2.77520  2.73124  3.46355  2.40513  3.72495  3.29355  2.67741  2.69356  4.24690  2.90347  2.73740  3.18147  2.89785  2.37887  2.77520  2.98519  4.58478  3.61504
          0.07607  2.72267  4.88596  0.43427  1.04339  0.52178  0.90008
     73   3.19764  5.45292  0.68379  2.43633  4.92740  3.18418  4.11842  4.54174  3.23974  4.09481  5.03063  3.00573  4.05642  3.33934  3.81378  3.12660  3.54549  4.11335  6.05993  4.71308    287 D - - -
          2.68618  4.42225  2.77519  2.73123  3.46354  2.40513  3.72494  3.29354  2.67741  2.69355  4.24690  2.90347  2.73739  3.18146  2.89801  2.37887  2.77519  2.98518  4.58477  3.61503
          0.02337  4.16362  4.88596  0.61958  0.77255  0.52178  0.90008
     74   2.51402  4.45036  3.31212  2.99679  4.07026  3.23393  4.09019  3.49364  2.96773  2.87298  4.11121  3.31214  1.28197  3.35633  3.29083  2.41326  2.92367  3.12423  5.46362  4.16194    288 p - - -
          2.68618  4.42225  2.77519  2.73123  3.46354  2.40513  3.72494  3.29354  2.67741  2.69355  4.24690  2.90347  2.73739  3.18146  2.89801  2.37887  2.77519  2.98518  4.58477  3.61503
          0.02337  4.16362  4.88596  0.61958  0.77255  0.52178  0.90008
     75   3.42047  4.74480  4.83152  4.35506  1.20389  4.50513  4.26079  2.44155  4.19613  1.46243  3.16018  4.42360  4.75370  4.26989  4.28341  3.86381  3.64950  2.58272  4.46895  2.91836    289 f - - -
          2.68618  4.42225  2.77519  2.73123  3.46354  2.40513  3.72494  3.29354  2.67741  2.69355  4.24690  2.90347  2.73739  3.18146  2.89801  2.37887  2.77519  2.98518  4.58477  3.61503
          0.02337  4.16362  4.88596  0.61958  0.77255  0.52178  0.90008
     76   2.58763  4.57921  2.97895  2.61350  3.45386  3.16036  3.72944  3.20263  2.60570  2.86248  3.71454  3.09048  3.74893  2.94040  3.03345  1.73813  2.74432  2.92095  4.48068  3.86284    290 s - - -
          2.68618  4.42225  2.77520  2.73123  3.46354  2.40513  3.72495  3.29354  2.67741  2.69355  4.24690  2.90347  2.73737  3.18146  2.89801  2.37887  2.77520  2.98518  4.58477  3.61503
          0.03403  3.65334  4.88596  0.56910  0.83480  0.52178  0.90008
     77   2.08678  4.88470  2.78961  2.42624  4.20461  3.39987  3.65479  3.63484  2.42475  3.20904  4.00835  2.94669  2.70417  2.71779  2.40485  2.56883  2.82420  3.27712  5.42061  4.07223    292 a - - -
          2.68618  4.42225  2.77519  2.73123  3.46354  2.40513  3.72494  3.29354  2.67741  2.69355  4.24690  2.90347  2.73739  3.18146  2.89801  2.37887  2.77519  2.98518  4.58477  3.61503
          0.02337  4.16362  4.88596  0.61958  0.77255  0.52178  0.90008
     78   2.51319  4.78378  3.05774  2.50775  4.08548  3.35943  3.67138  3.40212  2.36617  3.09772  3.91586  3.00837  2.86334  2.82605  2.23793  2.59057  2.29687  3.16558  5.33441  4.01659    293 r - - -
          2.68618  4.42225  2.77519  2.73123  3.46354  2.40513  3.72494  3.29354  2.67741  2.69355  4.24690  2.90347  2.73739  3.18146  2.89801  2.37887  2.77519  2.98518  4.58477  3.61503
          0.02337  4.16362  4.88596  0.61958  0.77255  0.52178  0.90008
     79   2.56448  4.90668  3.04319  2.50037  4.22359  3.45937  3.41990  3.64014  2.32596  3.20667  4.01813  3.00361  3.86687  2.66558  1.95574  2.12759  2.72267  3.29673  5.40343  4.08625    294 r - - -
          2.68618  4.42225  2.77519  2.73123  3.46354  2.40513  3.72494  3.29354  2.67741  2.69355  4.24690  2.90347  2.73739  3.18146  2.89801  2.37887  2.77519  2.98518  4.58477  3.61503
          0.02337  4.16362  4.88596  0.61958  0.77255  0.46388  0.99112
     80   2.62670  4.79030  2.92176  2.56149  4.35737  3.31463  3.82282  3.80562  2.60387  3.38870  4.20257  2.03985  3.85917  2.98561  2.80484  1.60084  2.86641  3.39511  5.58057  4.24877    295 s - - -
          2.68618  4.42225  2.77519  2.73123  3.46354  2.40513  3.72494  3.29354  2.67741  2.69355  4.24690  2.90347  2.73739  3.18146  2.89801  2.37887  2.77519  2.98518  4.58477  3.61503
          0.02269  4.19319  4.91554  0.61958  0.77255  0.48576  0.95510
     81   2.89562  4.37729  4.19988  3.63277  2.91388  3.98340  3.52262  2.38717  3.49810  1.13043  3.14344  3.89411  4.31300  3.73553  3.70716  3.27792  3.12517  2.32325  4.79011  3.50362    296 l - - -
          2.68618  4.42225  2.77519  2.73123  3.46354  2.40513  3.72494  3.29354  2.67741  2.69355  4.24690  2.90347  2.73739  3.18146  2.89801  2.37887  2.77519  2.98518  4.58477  3.61503
          0.02269  4.19319  4.91554  0.61958  0.77255  0.48576  0.95510
     82   2.59899  4.79503  2.72609  2.49258  4.27773  2.69587  3.76938  3.53950  2.60224  3.30287  4.10819  2.66555  3.83224  2.92433  3.06896  1.61514  2.76807  3.32259  5.52177  4.17731    297 s - - -
          2.68618  4.42225  2.77519  2.73123  3.46354  2.40513  3.72494  3.29354  2.67741  2.69355  4.24690  2.90347  2.73739  3.18146  2.89801  2.37887  2.77519  2.98518  4.58477  3.61503
          0.02269  4.19319  4.91554  0.61958  0.77255  0.48576  0.95510
     83   2.87605  5.08325  3.21033  2.63244  4.34958  3.59441  3.30686  3.81328  2.15460  3.07016  4.15888  3.10691  3.97726  1.54794  2.13063  2.87918  3.07852  3.48279  5.43252  4.14221    298 q - - -
          2.68618  4.42225  2.77519  2.73123  3.46354  2.40513  3.72494  3.29354  2.67741  2.69355  4.24690  2.90347  2.73739  3.18146  2.89801  2.37887  2.77519  2.98518  4.58477  3.61503
          0.02269  4.19319  4.91554  0.61958  0.77255  0.48576  0.95510
     84   3.09944  4.41998  4.82667  4.27237  3.44251  4.41964  4.83372  1.73008  4.15820  1.70540  2.82828  4.46798  4.69582  4.34763  4.30765  3.76045  3.19062  1.19286  5.31594  4.16444    299 v - - -
          2.68618  4.42225  2.77519  2.73123  3.46354  2.40513  3.72494  3.29354  2.67741  2.69355  4.24690  2.90347  2.73739  3.18146  2.89801  2.37887  2.77519  2.98518  4.58477  3.61503
          0.02269  4.19319  4.91554  0.61958  0.77255  0.48576  0.95510
     85   3.49974  4.83330  4.98271  4.44828  3.12325  4.69958  4.98905  2.29464  4.22507  0.69107  2.54897  4.72079  4.87715  4.38289  4.34014  4.08428  3.72687  2.46483  5.25539  4.16449    300 L - - -
          2.68618  4.42225  2.77519  2.73123  3.46354  2.40513  3.72494  3.29354  2.67741  2.69355  4.24690  2.90347  2.73739  3.18146  2.89801  2.37887  2.77519  2.98518  4.58477  3.61503
          0.02269  4.19319  4.91554  0.61958  0.77255  0.48576  0.95510
     86   2.20202  4.67072  2.86653  2.67593  4.48393  3.20390  4.02733  3.93237  2.92113  3.57342  4.40938  1.22335  3.86678  3.22928  3.33325  2.48019  2.99143  3.45905  5.76135  4.42890    301 n - - -
          2.68618  4.42225  2.77519  2.73123  3.46354  2.40513  3.72494  3.29354  2.67741  2.69355  4.24690  2.90347  2.73739  3.18146  2.89801  2.37887  2.77519  2.98518  4.58477  3.61503
          0.02269  4.19319  4.91554  0.61958  0.77255  0.48576  0.95510
     87   3.33172  4.68027  4.87789  4.30679  2.90428  4.54547  4.81118  2.31250  4.16733  1.03875  1.69804  4.55422  4.74131  4.26665  4.28190  3.88096  3.44572  2.45421  5.13687  4.04564    302 l - - -
          2.68618  4.42225  2.77519  2.73123  3.46354  2.40513  3.72494  3.29354  2.67741  2.69355  4.24690  2.90347  2.73739  3.18146  2.89801  2.37887  2.77519  2.98518  4.58477  3.61503
          0.02269  4.19319  4.91554  0.61958  0.77255  0.48576  0.95510
     88   3.02118  4.41901  4.56438  4.00355  3.32746  4.22064  4.60396  1.75239  3.87166  1.89762  1.60436  4.23409  4.53315  4.08458  4.04800  3.54735  2.98910  1.94864  5.16164  4.01896    303 m - - -
          2.68618  4.42225  2.77519  2.73123  3.46354  2.40513  3.72494  3.29354  2.67741  2.69355  4.24690  2.90347  2.73739  3.18146  2.89801  2.37887  2.77519  2.98518  4.58477  3.61503
          0.02269  4.19319  4.91554  0.61958  0.77255  0.48576  0.95510
     89   3.07774  5.68601  1.00950  2.00862  4.98853  2.95991  3.88674  4.52599  2.95073  4.00971  4.86966  2.59818  3.94822  3.05815  3.57856  2.94787  3.37772  4.08058  6.17002  4.63319    304 d - - -
          2.68618  4.42225  2.77519  2.73123  3.46354  2.40513  3.72494  3.29354  2.67741  2.69355  4.24690  2.90347  2.73739  3.18146  2.89801  2.37887  2.77519  2.98518  4.58477  3.61503
          0.02269  4.19319  4.91554  0.61958  0.77255  0.48576  0.95510
     90   2.69247  5.13832  2.36270  2.33835  4.46186  3.40805  3.39875  3.92798  2.30792  3.42707  4.19374  2.88308  3.43383  1.88218  2.54998  2.65796  2.92499  3.52003  5.57303  4.18241    305 q - - -
          2.68618  4.42225  2.77519  2.73123  3.46354  2.40513  3.72494  3.29354  2.67741  2.69355  4.24690  2.90347  2.73739  3.18146  2.89801  2.37887  2.77519  2.98518  4.58477  3.61503
          0.02269  4.19319  4.91554  0.61958  0.77255  0.48576  0.95510
     91   2.46765  4.09270  4.04820  3.46483  2.15722  3.41130  3.99086  2.48842  3.34681  2.13935  3.02079  3.67795  4.07743  3.56949  3.53379  2.93245  2.84427  2.23345  4.66294  2.65498    306 l - - -
          2.68618  4.42225  2.77519  2.73123  3.46354  2.40513  3.72494  3.29354  2.67741  2.69355  4.24690  2.90347  2.73739  3.18146  2.89801  2.37887  2.77519  2.98518  4.58477  3.61503
          0.02269  4.19319  4.91554  0.61958  0.77255  0.48576  0.95510
     92   2.29842  4.17087  3.83010  3.25945  3.30900  3.36846  3.97672  2.13593  3.17073  2.30971  2.34464  3.55564  4.04280  3.43641  3.43165  2.82647  2.52445  2.36855  4.80738  3.60193    307 i - - -
          2.68618  4.42225  2.77519  2.73123  3.46354  2.40513  3.72494  3.29354  2.67741  2.69355  4.24690  2.90347  2.73739  3.18146  2.89801  2.37887  2.77519  2.98518  4.58477  3.61503
          0.04397  4.19319  3.57855  0.61958  0.77255  0.48576  0.95510
     93   2.43803  5.11025  2.35907  1.64186  4.40797  3.37662  3.66450  3.86062  2.42762  3.40051  4.18748  2.77107  3.83308  2.79316  2.97433  2.67794  2.95130  2.95247  5.58374  4.18567    308 e - - -
          2.68618  4.42225  2.77519  2.73123  3.46354  2.40513  3.72494  3.29354  2.67741  2.69355  4.24690  2.90347  2.73739  3.18146  2.89801  2.37887  2.77519  2.98518  4.58477  3.61503
          0.05297  4.17239  3.31929  0.61958  0.77255  0.51134  0.91552
     94   2.34102  4.78286  2.76988  2.46700  4.16118  3.35295  3.71402  3.27188  2.53741  3.18669  4.00049  2.27554  3.82288  2.87088  2.99973  1.91418  2.87025  3.22337  5.42112  4.08204    309 s - - -
          2.68618  4.42225  2.77519  2.73123  3.46354  2.40513  3.72494  3.29354  2.67741  2.69355  4.24690  2.90347  2.73739  3.18146  2.89801  2.37887  2.77519  2.98518  4.58477  3.61503
          0.05395  4.14328  3.30639  0.61958  0.77255  0.54523  0.86681
     95   2.48229  4.40658  3.35621  3.13410  4.30663  3.15059  4.25976  3.64212  3.16530  3.36508  4.30509  3.38528  1.08222  3.53583  3.46069  2.64980  2.52919  3.22006  5.65969  4.43302    310 p - - -
          2.68618  4.42225  2.77519  2.73123  3.46354  2.40513  3.72494  3.29354  2.67741  2.69355  4.24690  2.90347  2.73739  3.18146  2.89801  2.37887  2.77519  2.98518  4.58477  3.61503
          0.02458  4.11391  4.83626  0.61958  0.77255  0.57735  0.82413
     96   2.48951  4.12141  4.11830  3.54090  2.43571  3.76703  4.04475  2.40727  3.41936  1.99597  3.18602  3.74546  4.13039  3.63786  3.59979  2.98579  2.89169  1.74832  4.68066  3.10723    311 v - - -
          2.68618  4.42225  2.77519  2.73123  3.46354  2.40513  3.72494  3.29354  2.67741  2.69355  4.24690  2.90347  2.73739  3.18146  2.89801  2.37887  2.77519  2.98518  4.58477  3.61503
          0.03358  4.11391  4.09379  0.61958  0.77255  0.43247  1.04669
     97   2.02637  4.27601  3.55404  2.98747  3.34105  3.58567  3.86692  2.71079  2.93255  2.15447  3.39190  3.36843  3.53381  3.22751  3.26639  2.53910  2.72875  2.33120  4.87833  3.46073    312 a - - -
          2.68618  4.42225  2.77519  2.73123  3.46354  2.40513  3.72494  3.29354  2.67741  2.69355  4.24690  2.90347  2.73739  3.18146  2.89801  2.37887  2.77519  2.98518  4.58477  3.61503
          0.24742  4.18509  1.58982  0.61958  0.77255  0.49587  0.93915
     98   1.91064  4.31437  3.32154  2.80000  3.73466  3.16838  3.83126  3.08379  2.76490  2.79401  3.29618  3.17882  3.25476  3.08919  3.14486  2.20053  2.74448  2.56939  5.12644  3.87540    313 a - - -
          2.68618  4.42225  2.77519  2.73123  3.46354  2.40513  3.72494  3.29354  2.67741  2.69355  4.24690  2.90347  2.73739  3.18146  2.89801  2.37887  2.77519  2.98518  4.58477  3.61503
          0.04035  3.96622  3.88231  0.61958  0.77255  0.71332  0.67337
     99   1.42653  4.20166  3.31194  2.96355  4.16363  2.54551  4.06204  3.54481  3.00972  3.23806  4.07201  3.20958  2.70281  3.31152  3.35941  2.41308  2.54305  3.07046  5.50616  4.27486    314 a - - -
          2.68618  4.42225  2.77519  2.73123  3.46354  2.40513  3.72494  3.29354  2.67741  2.69355  4.24690  2.90347  2.73739  3.18146  2.89801  2.37887  2.77519  2.98518  4.58477  3.61503
          0.04257  3.95475  3.79374  0.61958  0.77255  0.72239  0.66474
    100   2.09316  4.25257  3.22731  2.84877  4.19133  2.13142  3.98494  3.61167  2.90390  3.26289  4.07908  3.14542  2.82719  3.20722  3.28507  1.94091  2.41284  3.12424  5.50663  4.25505    315 s - - -
          2.68618  4.42225  2.77519  2.73123  3.46354  2.40513  3.72494  3.29354  2.67741  2.69355  4.24690  2.90347  2.73739  3.18146  2.89801  2.37887  2.77519  2.98518  4.58477  3.61503
          0.02927  3.94146  4.66380  0.61958  0.77255  0.71629  0.67053
    101   2.60552  4.59117  3.16606  2.59875  3.44851  3.45971  3.65763  3.17589  2.41452  2.64216  3.68989  3.06760  3.85212  2.73779  2.08463  2.61683  2.64870  2.90670  5.11011  3.82667    316 r - - -
          2.68615  4.42228  2.77523  2.73127  3.46357  2.40516  3.72498  3.29357  2.67744  2.69339  4.24680  2.90338  2.73743  3.18150  2.89798  2.37885  2.77523  2.98522  4.58480  3.61506
          0.30431  1.61126  2.76894  0.42036  1.06947  0.72470  0.66256
    102   1.93807  4.14735  3.18982  2.97805  4.29197  1.51669  4.13961  3.69940  3.12441  3.39874  4.22943  3.18443  3.63544  3.40576  3.44843  2.10290  2.67790  3.14727  5.62710  4.39899    319 g - - -
          2.68584  4.42232  2.77527  2.73130  3.46361  2.40506  3.72501  3.29345  2.67748  2.69352  4.24597  2.90354  2.73747  3.18153  2.89808  2.37894  2.77527  2.98516  4.58484  3.61510
          0.51554  1.08756  2.72133  0.53499  0.88110  0.40064  1.10834
    103   2.09211  4.72721  2.35786  2.48185  4.10461  2.58590  3.71243  3.16121  2.54544  3.12919  3.95016  2.98066  3.81348  2.87501  3.00598  2.62493  2.61063  3.15156  5.38154  4.05152    323 a - - -
          2.68618  4.42225  2.77519  2.73123  3.46354  2.40513  3.72494  3.29354  2.67741  2.69355  4.24690  2.90347  2.73739  3.18146  2.89801  2.37887  2.77519  2.98518  4.58477  3.61503
          0.02476  4.10677  4.82912  0.61958  0.77255  0.55653  0.85142
    104   1.74820  4.29544  3.43789  3.01503  4.24846  2.72525  4.10051  3.66387  3.02824  3.32407  4.14078  3.27529  3.13826  3.33121  3.39872  1.49706  2.65368  3.04988  5.57468  4.33454    324 s - - -
          2.68618  4.42225  2.77519  2.73123  3.46354  2.40513  3.72494  3.29354  2.67741  2.69355  4.24690  2.90347  2.73739  3.18146  2.89801  2.37887  2.77519  2.98518  4.58477  3.61503
          0.03436  4.12198  4.04190  0.61958  0.77255  0.50757  0.92120
    105   2.00492  4.37368  3.39608  2.89557  3.81454  1.84576  3.92769  2.95678  2.86398  2.86433  3.74561  3.26406  3.86986  3.18982  3.23719  2.66175  2.68911  2.67812  5.21620  3.76337    325 g - - -
          2.68618  4.42225  2.77519  2.73123  3.46354  2.40513  3.72494  3.29354  2.67741  2.69355  4.24690  2.90347  2.73739  3.18146  2.89801  2.37887  2.77519  2.98518  4.58477  3.61503
          0.02382  4.14513  4.86747  0.61958  0.77255  0.52485  0.89561
    106   2.27827  4.15645  3.81220  3.23642  2.86328  3.65534  3.94615  2.46539  3.14802  1.90963  3.25857  3.53780  4.03042  3.41076  3.12427  2.65391  2.83308  2.17380  4.76682  3.56038    326 l - - -
          2.68618  4.42225  2.77519  2.73123  3.46354  2.40513  3.72494  3.29354  2.67741  2.69355  4.24690  2.90347  2.73739  3.18146  2.89801  2.37887  2.77519  2.98518  4.58477  3.61503
          0.02359  4.15455  4.87690  0.61958  0.77255  0.53236  0.88483
    107   3.13487  5.18502  3.56082  2.93008  4.67021  3.56204  3.72395  4.02630  1.85992  3.48635  4.36900  3.31263  4.12437  2.86920  1.01940  3.14889  3.31861  3.70961  5.52360  4.36910    327 r - - -
          2.68618  4.42225  2.77519  2.73123  3.46354  2.40513  3.72494  3.29354  2.67741  2.69355  4.24690  2.90347  2.73739  3.18146  2.89801  2.37887  2.77519  2.98518  4.58477  3.61503
          0.02359  4.15455  4.87690  0.61958  0.77255  0.47757  0.96834
    108   3.39191  5.18615  3.91757  3.37729  4.62177  3.80478  4.09971  4.19546  2.42972  3.65499  4.65669  3.70805  4.30103  3.31308  0.59301  3.46724  3.64224  3.90824  5.58371  4.49251    328 R - - -
          2.68618  4.42225  2.77519  2.73123  3.46354  2.40513  3.72494  3.29354  2.67741  2.69355  4.24690  2.90347  2.73739  3.18146  2.89801  2.37887  2.77519  2.98518  4.58477  3.61503
          0.02293  4.18277  4.90511  0.61958  0.77255  0.49873  0.93471
    109   2.57321  4.67098  2.81683  2.64944  4.55510  1.48011  4.03888  4.04484  2.96495  3.64431  4.46540  1.92747  3.85067  3.23849  3.39732  2.43110  2.98729  3.53005  5.81783  4.48358    329 g - - -
          2.68621  4.42228  2.77523  2.73126  3.46357  2.40508  3.72470  3.29357  2.67744  2.69358  4.24693  2.90350  2.73743  3.18149  2.89804  2.37883  2.77523  2.98521  4.58364  3.61506
          0.13230  2.14972  4.90511  0.57995  0.82081  0.49873  0.93471
    110   3.61218  4.94907  4.59216  4.25402  2.18042  4.28941  3.78856  3.35446  4.01026  2.67585  3.96396  4.18337  4.68848  4.18295  4.10230  3.78920  3.87321  3.30067  0.88258  2.29127    332 w - - -
          2.68618  4.42225  2.77519  2.73123  3.46354  2.40513  3.72494  3.29354  2.67741  2.69355  4.24690  2.90347  2.73739  3.18146  2.89801  2.37887  2.77519  2.98518  4.58477  3.61503
          0.02293  4.18277  4.90511  0.61958  0.77255  0.49873  0.93471
    111   2.83460  5.29907  1.49057  2.01515  4.59381  3.34857  3.74240  4.06385  2.62940  3.59400  4.39938  2.46912  3.87555  2.88455  3.16286  2.77276  3.09421  2.95527  5.77106  4.33319    333 d - - -
          2.68618  4.42225  2.77519  2.73123  3.46354  2.40513  3.72494  3.29354  2.67741  2.69355  4.24690  2.90347  2.73739  3.18146  2.89801  2.37887  2.77519  2.98518  4.58477  3.61503
          0.02293  4.18277  4.90511  0.61958  0.77255  0.49873  0.93471
    112   1.84652  4.24945  4.05457  3.52113  3.52782  3.73635  4.26911  1.91556  3.43418  2.44735  3.46368  3.77165  4.19099  3.70783  3.69130  2.85486  2.97958  1.63964  5.10336  3.89420    334 v - - -
          2.68618  4.42225  2.77519  2.73123  3.46354  2.40513  3.72494  3.29354  2.67741  2.69355  4.24690  2.90347  2.73739  3.18146  2.89801  2.37887  2.77519  2.98518  4.58477  3.61503
          0.02293  4.18277  4.90511  0.61958  0.77255  0.49873  0.93471
    113   2.98849  5.13766  3.38661  2.75494  4.42981  3.67510  3.67218  3.87630  1.14459  3.36641  4.22152  3.19428  4.04442  2.81545  2.10453  2.99337  3.17294  3.55931  5.44017  3.49725    335 k - - -
          2.68618  4.42225  2.77519  2.73123  3.46354  2.40513  3.72494  3.29354  2.67741  2.69355  4.24690  2.90347  2.73739  3.18146  2.89801  2.37887  2.77519  2.98518  4.58477  3.61503
          0.02293  4.18277  4.90511  0.61958  0.77255  0.49873  0.93471
    114   3.25975  5.39953  2.66854  0.65251  4.79096  3.50394  4.13351  4.30976  3.05691  3.88141  4.85446  3.15949  4.12707  3.35067  3.48927  3.21729  3.57044  3.96593  5.90260  4.64107    336 E - - -
          2.68618  4.42225  2.77519  2.73123  3.46354  2.40513  3.72494  3.29354  2.67741  2.69355  4.24690  2.90347  2.73739  3.18146  2.89801  2.37887  2.77519  2.98518  4.58477  3.61503
          0.02293  4.18277  4.90511  0.61958  0.77255  0.47774  0.96807
    115   2.23584  5.05131  2.15441  2.27423  4.35831  3.38600  3.66873  3.80830  2.34784  3.35578  4.14490  2.83830  3.83497  2.79955  2.96472  2.61380  2.21189  3.42839  5.54704  4.16167    337 d - - -
          2.68618  4.42225  2.77519  2.73123  3.46354  2.40513  3.72494  3.29354  2.67741  2.69355  4.24690  2.90347  2.73739  3.18146  2.89801  2.37887  2.77519  2.98518  4.58477  3.61503
          0.02269  4.19319  4.91554  0.61958  0.77255  0.48576  0.95510
    116   2.85669  5.49684  1.42557  1.85073  4.79687  2.56473  3.78729  4.30490  2.52067  3.79054  4.60123  2.78797  3.90122  2.93336  3.29082  2.83518  3.20117  3.87218  5.94650  4.46448    338 d - - -
          2.68618  4.42225  2.77519  2.73123  3.46354  2.40513  3.72494  3.29354  2.67741  2.69355  4.24690  2.90347  2.73739  3.18146  2.89801  2.37887  2.77519  2.98518  4.58477  3.61503
          0.02269  4.19319  4.91554  0.61958  0.77255  0.48576  0.95510
    117   2.84065  5.35951  1.88395  1.53864  4.66360  3.34837  3.73448  4.15414  2.61238  3.65383  4.44656  2.37846  3.87307  2.86937  3.15080  2.76795  3.09831  3.26014  5.81107  4.35936    339 e - - -
          2.68618  4.42225  2.77519  2.73123  3.46354  2.40513  3.72494  3.29354  2.67741  2.69355  4.24690  2.90347  2.73739  3.18146  2.89801  2.37887  2.77519  2.98518  4.58477  3.61503
          0.02269  4.19319  4.91554  0.61958  0.77255  0.48576  0.95510
    118   1.19655  3.65244  3.87962  3.51394  4.35483  1.67510  4.43157  3.73315  3.47673  3.45942  4.28566  3.52015  3.78296  3.74097  3.74630  2.38872  2.76710  3.18864  5.72649  4.55002    340 a - - -
          2.68618  4.42225  2.77519  2.73123  3.46354  2.40513  3.72494  3.29354  2.67741  2.69355  4.24690  2.90347  2.73739  3.18146  2.89801  2.37887  2.77519  2.98518  4.58477  3.61503
          0.02269  4.19319  4.91554  0.61958  0.77255  0.48576  0.95510
    119   3.34389  4.63135  5.07219  4.52522  3.30522  4.68832  5.08131  1.63941  4.39713  1.00474  3.08645  4.75007  4.88282  4.51713  4.51190  4.05439  3.57718  1.79600  5.38442  4.29993    341 l - - -
          2.68618  4.42225  2.77519  2.73123  3.46354  2.40513  3.72494  3.29354  2.67741  2.69355  4.24690  2.90347  2.73739  3.18146  2.89801  2.37887  2.77519  2.98518  4.58477  3.61503
          0.02269  4.19319  4.91554  0.61958  0.77255  0.48576  0.95510
    120   2.69439  4.67958  3.20150  2.66196  3.05308  3.55034  2.06797  3.26812  2.58736  2.83937  3.77085  2.75294  3.93806  2.81616  3.02479  2.78209  2.92433  2.99913  4.90036  2.97697    342 h - - -
          2.68618  4.42225  2.77519  2.73123  3.46354  2.40513  3.72494  3.29354  2.67741  2.69355  4.24690  2.90347  2.73739  3.18146  2.89801  2.37887  2.77519  2.98518  4.58477  3.61503
          0.02269  4.19319  4.91554  0.61958  0.77255  0.48576  0.95510
    121   3.42718  4.73152  5.05482  4.51173  3.21595  4.71816  5.06912  1.88561  4.35237  0.80143  3.00357  4.76313  4.89720  4.47371  4.46727  4.09067  3.65842  2.09739  5.33860  4.25920    343 l - - -
          2.68618  4.42225  2.77519  2.73123  3.46354  2.40513  3.72494  3.29354  2.67741  2.69355  4.24690  2.90347  2.73739  3.18146  2.89801  2.37887  2.77519  2.98518  4.58477  3.61503
          0.02269  4.19319  4.91554  0.61958  0.77255  0.48576  0.95510
    122   2.83476  4.25897  3.34207  2.71298  4.30919  3.58902  3.69047  3.68554  1.95119  3.18158  4.08324  3.16156  3.97925  2.83908  1.41770  2.65752  3.05088  3.36660  5.40710  4.16067    344 r - - -
          2.68618  4.42225  2.77519  2.73123  3.46354  2.40513  3.72494  3.29354  2.67741  2.69355  4.24690  2.90347  2.73739  3.18146  2.89801  2.37887  2.77519  2.98518  4.58477  3.61503
          0.02269  4.19319  4.91554  0.61958  0.77255  0.48576  0.95510
    123   3.15891  4.48072  4.87098  4.31068  3.33927  4.46007  4.84604  1.68336  4.18769  1.76688  1.81362  4.51101  4.71394  4.34485  4.31868  3.80138  3.39377  1.54959  5.27223  4.15188    345 v - - -
          2.68618  4.42225  2.77519  2.73123  3.46354  2.40513  3.72494  3.29354  2.67741  2.69355  4.24690  2.90347  2.73739  3.18146  2.89801  2.37887  2.77519  2.98518  4.58477  3.61503
          0.02269  4.19319  4.91554  0.61958  0.77255  0.48576  0.95510
    124   2.96849  5.45569  1.07575  2.15721  4.82375  3.30738  3.86195  4.32893  2.86601  3.84655  4.68799  2.80295  3.38482  3.02826  3.44794  2.58956  3.26839  3.89761  6.01860  4.53320    346 d - - -
          2.68618  4.42225  2.77519  2.73123  3.46354  2.40513  3.72494  3.29354  2.67741  2.69355  4.24690  2.90347  2.73739  3.18146  2.89801  2.37887  2.77519  2.98518  4.58477  3.61503
          0.02269  4.19319  4.91554  0.61958  0.77255  0.48576  0.95510
    125   3.03558  4.60672  4.25063  3.84106  3.38396  3.95435  4.56775  2.49955  3.59192  1.93688  1.08209  4.07484  4.43554  3.96806  3.78610  3.39240  3.20260  2.49416  5.25214  4.04290    347 m - - -
          2.68618  4.42225  2.77519  2.73123  3.46354  2.40513  3.72494  3.29354  2.67741  2.69355  4.24690  2.90347  2.73739  3.18146  2.89801  2.37887  2.77519  2.98518  4.58477  3.61503
          0.02269  4.19319  4.91554  0.61958  0.77255  0.48576  0.95510
    126   3.23634  4.92665  3.87986  3.77371  4.72164  3.59665  4.81378  4.36398  3.86139  3.94957  5.02092  4.04259  0.40137  4.23964  4.05965  3.41646  3.70503  3.96994  5.80657  4.85038    348 P - - -
          2.68618  4.42225  2.77519  2.73123  3.46354  2.40513  3.72494  3.29354  2.67741  2.69355  4.24690  2.90347  2.73739  3.18146  2.89801  2.37887  2.77519  2.98518  4.58477  3.61503
          0.02269  4.19319  4.91554  0.61958  0.77255  0.48576  0.95510
    127   3.11465  4.84564  3.85301  3.79891  4.91144  0.37046  4.88726  4.60130  4.02310  4.21031  5.19730  4.01884  4.24584  4.32248  4.21228  3.29763  3.62055  4.06738  5.90946  5.02835    349 G - - -
          2.68618  4.42225  2.77519  2.73123  3.46354  2.40513  3.72494  3.29354  2.67741  2.69355  4.24690  2.90347  2.73739  3.18146  2.89801  2.37887  2.77519  2.98518  4.58477  3.61503
          0.02269  4.19319  4.91554  0.61958  0.77255  0.48576  0.95510
    128   3.50191  4.85718  4.85402  4.40938  2.97587  4.57600  4.85483  2.36785  4.21147  0.64549  3.04340  4.64389  4.84240  4.39033  4.32991  4.03074  3.75378  2.51223  5.12499  3.85579    350 L - - -
          2.68618  4.42225  2.77519  2.73123  3.46354  2.40513  3.72494  3.29354  2.67741  2.69355  4.24690  2.90347  2.73739  3.18146  2.89801  2.37887  2.77519  2.98518  4.58477  3.61503
          0.02269  4.19319  4.91554  0.61958  0.77255  0.48576  0.95510
    129   2.67500  4.86571  2.20178  2.48039  4.59680  1.45526  3.95237  4.07325  2.90916  3.65326  4.47340  2.97725  3.86803  3.13299  3.40824  2.12255  3.04721  3.59577  5.84183  4.46550    351 g - - -
          2.68618  4.42225  2.77519  2.73123  3.46354  2.40513  3.72494  3.29354  2.67741  2.69355  4.24690  2.90347  2.73739  3.18146  2.89801  2.37887  2.77519  2.98518  4.58477  3.61503
          0.02269  4.19319  4.91554  0.61958  0.77255  0.48576  0.95510
    130   3.19077  5.27870  3.53448  2.92267  4.75173  3.75892  3.73890  4.11506  0.90091  3.54945  4.43605  3.31827  4.15091  2.87909  2.04409  3.18615  3.36450  3.79650  5.56991  4.41101    352 k - - -
          2.68618  4.42225  2.77519  2.73123  3.46354  2.40513  3.72494  3.29354  2.67741  2.69355  4.24690  2.90347  2.73739  3.18146  2.89801  2.37887  2.77519  2.98518  4.58477  3.61503
          0.02269  4.19319  4.91554  0.61958  0.77255  0.48576  0.95510
    131   3.08565  5.55002  2.18445  0.88882  4.86684  3.35768  3.91787  4.37687  2.90992  3.90897  4.78608  2.85575  3.98217  3.09472  3.46157  2.98514  3.38038  3.97110  6.03392  4.58127    353 e - - -
          2.68618  4.42225  2.77519  2.73123  3.46354  2.40513  3.72494  3.29354  2.67741  2.69355  4.24690  2.90347  2.73739  3.18146  2.89801  2.37887  2.77519  2.98518  4.58477  3.61503
          0.02269  4.19319  4.91554  0.61958  0.77255  0.48576  0.95510
    132   2.98149  5.47061  1.17687  2.24275  4.60870  3.34300  2.54664  4.28243  2.79559  3.78481  4.62949  2.73829  3.93482  3.00062  3.34610  2.89082  3.26199  3.87156  5.85313  4.34911    354 d - - -
          2.68618  4.42225  2.77519  2.73123  3.46354  2.40513  3.72494  3.29354  2.67741  2.69355  4.24690  2.90347  2.73739  3.18146  2.89801  2.37887  2.77519  2.98518  4.58477  3.61503
          0.02269  4.19319  4.91554  0.61958  0.77255  0.48576  0.95510
    133   3.07102  4.53891  4.56121  4.24589  3.80806  4.04678  4.99998  2.09296  4.11940  2.44602  3.73486  4.38150  4.59799  4.46134  4.29970  3.57991  3.43004  0.69763  5.64283  4.38986    355 v - - -
          2.68618  4.42225  2.77519  2.73123  3.46354  2.40513  3.72494  3.29354  2.67741  2.69355  4.24690  2.90347  2.73739  3.18146  2.89801  2.37887  2.77519  2.98518  4.58477  3.61503
          0.02269  4.19319  4.91554  0.61958  0.77255  0.48576  0.95510
    134   3.20004  5.24414  3.44345  2.94450  4.69667  3.72183  3.82393  4.10747  0.81163  3.57570  4.48969  3.34863  4.16420  2.98052  2.29099  3.20931  3.40650  3.79182  5.59414  4.42333    356 k - - -
          2.68618  4.42225  2.77519  2.73123  3.46354  2.40513  3.72494  3.29354  2.67741  2.69355  4.24690  2.90347  2.73739  3.18146  2.89801  2.37887  2.77519  2.98518  4.58477  3.61503
          0.02269  4.19319  4.91554  0.61958  0.77255  0.48576  0.95510
    135   3.19369  4.48314  4.95655  4.42244  3.55456  4.58372  5.05698  1.63794  4.31617  1.92291  3.03730  4.63566  4.84079  4.52802  4.48470  3.94616  3.43954  0.98476  5.51262  4.34794    357 v - - -
          2.68618  4.42225  2.77519  2.73123  3.46354  2.40513  3.72494  3.29354  2.67741  2.69355  4.24690  2.90347  2.73739  3.18146  2.89801  2.37887  2.77519  2.98518  4.58477  3.61503
          0.02269  4.19319  4.91554  0.61958  0.77255  0.48576  0.95510
    136   2.41841  4.14874  3.42655  2.86456  3.54970  3.52539  3.82803  2.81935  2.80868  2.62178  3.50685  3.27626  3.93385  3.12994  2.99551  1.87610  2.60601  2.67585  3.43328  3.73333    358 s - - -
          2.68618  4.42225  2.77519  2.73123  3.46354  2.40513  3.72494  3.29354  2.67741  2.69355  4.24690  2.90347  2.73739  3.18146  2.89801  2.37887  2.77519  2.98518  4.58477  3.61503
          0.02269  4.19319  4.91554  0.61958  0.77255  0.48576  0.95510
    137   2.34568  4.37908  4.41233  3.93217  3.68165  4.00226  4.69004  2.01566  3.81634  2.20211  3.54867  4.13669  4.46822  4.11536  4.04740  3.38508  3.20523  1.02700  5.43975  4.22259    359 v - - -
          2.68618  4.42225  2.77519  2.73123  3.46354  2.40513  3.72494  3.29354  2.67741  2.69355  4.24690  2.90347  2.73739  3.18146  2.89801  2.37887  2.77519  2.98518  4.58477  3.61503
          0.02269  4.19319  4.91554  0.61958  0.77255  0.48576  0.95510
    138   3.27191  5.41141  2.67663  0.64203  4.80465  3.51304  4.14464  4.32585  3.06968  3.89607  4.86955  3.16916  4.13693  3.36213  3.50255  3.22883  3.58296  3.98122  5.91412  4.65380    360 E - - -
          2.68618  4.42225  2.77519  2.73123  3.46354  2.40513  3.72494  3.29354  2.67741  2.69355  4.24690  2.90347  2.73739  3.18146  2.89801  2.37887  2.77519  2.98518  4.58477  3.61503
          0.02269  4.19319  4.91554  0.61958  0.77255  0.48576  0.95510
    139   2.98274  5.23938  2.87922  2.48648  4.55162  3.54196  3.55177  4.00315  2.14842  3.49781  4.34739  3.04447  4.00334  1.27540  2.56037  2.95407  3.20148  3.65862  5.60082  4.29869    361 q - - -
          2.68618  4.42225  2.77519  2.73123  3.46354  2.40513  3.72494  3.29354  2.67741  2.69355  4.24690  2.90347  2.73739  3.18146  2.89801  2.37887  2.77519  2.98518  4.58477  3.61503
          0.02269  4.19319  4.91554  0.61958  0.77255  0.48576  0.95510
    140   2.98938  5.36780  2.07571  2.30875  4.72910  3.32380  3.92406  4.31539  2.92625  3.85898  4.72595  1.08072  3.95848  3.11023  3.47010  2.92433  3.30930  3.88875  5.95671  4.49236    362 n - - -
          2.68618  4.42225  2.77519  2.73123  3.46354  2.40513  3.72494  3.29354  2.67741  2.69355  4.24690  2.90347  2.73739  3.18146  2.89801  2.37887  2.77519  2.98518  4.58477  3.61503
          0.02269  4.19319  4.91554  0.61958  0.77255  0.48576  0.95510
    141   2.18046  4.27055  3.59591  3.25898  4.31668  3.08196  4.29468  3.65499  3.26308  3.39544  4.24019  3.41980  3.81247  3.56855  3.57400  1.83518  1.22190  3.16925  5.67790  4.46590    363 t - - -
          2.68618  4.42225  2.77519  2.73123  3.46354  2.40513  3.72494  3.29354  2.67741  2.69355  4.24690  2.90347  2.73739  3.18146  2.89801  2.37887  2.77519  2.98518  4.58477  3.61503
          0.02269  4.19319  4.91554  0.61958  0.77255  0.48576  0.95510
    142   3.53641  4.91043  4.70411  4.35734  3.29131  4.38608  4.91418  2.52392  4.12276  0.56123  3.23491  4.60234  4.77376  4.41236  4.24136  4.01346  3.82009  2.64230  5.27403  4.06747    364 L - - -
          2.68618  4.42225  2.77519  2.73123  3.46354  2.40513  3.72494  3.29354  2.67741  2.69355  4.24690  2.90347  2.73739  3.18146  2.89801  2.37887  2.77519  2.98518  4.58477  3.61503
          0.02269  4.19319  4.91554  0.61958  0.77255  0.48576  0.95510
    143   3.08616  4.41900  4.76877  4.24150  3.64707  4.41358  4.92534  1.63897  4.13270  2.09782  3.47045  4.46111  4.73159  4.39367  4.33472  3.77149  2.96445  0.98907  5.50513  4.30518    365 v - - -
          2.68618  4.42225  2.77519  2.73123  3.46354  2.40513  3.72494  3.29354  2.67741  2.69355  4.24690  2.90347  2.73739  3.18146  2.89801  2.37887  2.77519  2.98518  4.58477  3.61503
          0.02269  4.19319  4.91554  0.61958  0.77255  0.48576  0.95510
    144   3.23295  4.57653  4.84849  4.42957  3.57662  4.46892  5.11435  0.83091  4.26087  2.07093  3.43192  4.62313  4.83820  4.56233  4.43440  3.91466  3.52310  1.76845  5.58131  4.33898    366 i - - -
          2.68618  4.42225  2.77519  2.73123  3.46354  2.40513  3.72494  3.29354  2.67741  2.69355  4.24690  2.90347  2.73739  3.18146  2.89801  2.37887  2.77519  2.98518  4.58477  3.61503
          0.02269  4.19319  4.91554  0.61958  0.77255  0.48576  0.95510
    145   3.17733  5.31101  3.54519  2.88343  4.78898  3.77148  3.69045  4.12836  0.98415  3.54028  4.40915  3.28394  4.13515  2.72371  1.92632  3.15994  3.33356  3.80502  5.56243  4.40316    367 k - - -
          2.68618  4.42225  2.77519  2.73123  3.46354  2.40513  3.72494  3.29354  2.67741  2.69355  4.24690  2.90347  2.73739  3.18146  2.89801  2.37887  2.77519  2.98518  4.58477  3.61503
          0.02269  4.19319  4.91554  0.61958  0.77255  0.48576  0.95510
    146   3.11465  4.84564  3.85301  3.79891  4.91144  0.37046  4.88726  4.60130  4.02310  4.21031  5.19730  4.01884  4.24584  4.32248  4.21228  3.29763  3.62055  4.06738  5.90946  5.02835    368 G - - -
          2.68618  4.42225  2.77519  2.73123  3.46354  2.40513  3.72494  3.29354  2.67741  2.69355  4.24690  2.90347  2.73739  3.18146  2.89801  2.37887  2.77519  2.98518  4.58477  3.61503
          0.02269  4.19319  4.91554  0.61958  0.77255  0.48576  0.95510
    147   3.27191  5.41141  2.67663  0.64203  4.80465  3.51304  4.14464  4.32585  3.06968  3.89607  4.86955  3.16916  4.13693  3.36213  3.50255  3.22883  3.58296  3.98122  5.91412  4.65380    369 E - - -
          2.68618  4.42225  2.77519  2.73123  3.46354  2.40513  3.72494  3.29354  2.67741  2.69355  4.24690  2.90347  2.73739  3.18146  2.89801  2.37887  2.77519  2.98518  4.58477  3.61503
          0.03202  4.19319  4.10928  0.61958  0.77255  0.48576  0.95510
    148   2.36107  4.74852  2.76447  2.28707  4.48210  1.25614  4.00522  3.88609  2.92106  3.53095  4.38199  3.06763  3.88959  3.20882  3.34839  2.73150  3.04249  3.45459  5.75568  4.43547    370 g - - -
          2.68618  4.42225  2.77519  2.73123  3.46354  2.40513  3.72494  3.29354  2.67741  2.69355  4.24690  2.90347  2.73739  3.18146  2.89801  2.37887  2.77519  2.98518  4.58477  3.61503
          0.02290  4.18406  4.90641  0.61958  0.77255  0.47872  0.96647
    149   2.47313  5.15020  2.68074  1.98554  4.47058  2.94056  3.64043  3.94254  2.06970  3.44749  4.21458  2.29127  3.68862  2.75625  2.91017  2.57817  2.93256  3.53098  5.60285  4.19703    371 e - - -
          2.68618  4.42225  2.77519  2.73123  3.46354  2.40513  3.72494  3.29354  2.67741  2.69355  4.24690  2.90347  2.73739  3.18146  2.89801  2.37887  2.77519  2.98518  4.58477  3.61503
          0.02269  4.19319  4.91554  0.61958  0.77255  0.48576  0.95510
    150   2.92861  5.15982  3.05895  2.53367  4.53307  3.56736  3.69887  3.92753  1.15563  3.43642  4.27301  2.89496  3.99231  2.83709  2.47335  2.91781  2.96982  3.58268  5.55186  4.11167    372 k - - -
          2.68618  4.42225  2.77519  2.73123  3.46354  2.40513  3.72494  3.29354  2.67741  2.69355  4.24690  2.90347  2.73739  3.18146  2.89801  2.37887  2.77519  2.98518  4.58477  3.61503
          0.02269  4.19319  4.91554  0.61958  0.77255  0.48576  0.95510
    151   3.04263  5.66452  1.54242  1.25883  4.94695  3.31857  3.84832  4.47495  2.74785  3.95172  4.79282  2.76908  3.93587  3.00850  3.45488  2.91731  3.32689  4.03299  6.10227  4.58180    373 e - - -
          2.68618  4.42225  2.77519  2.73123  3.46354  2.40513  3.72494  3.29354  2.67741  2.69355  4.24690  2.90347  2.73739  3.18146  2.89801  2.37887  2.77519  2.98518  4.58477  3.61503
          0.02269  4.19319  4.91554  0.61958  0.77255  0.48576  0.95510
    152   2.56291  4.63791  2.97181  2.45051  2.78618  3.24031  3.69795  3.22595  2.44063  2.71943  3.72251  3.00588  3.48856  2.89300  2.99196  2.26675  2.78474  2.94574  4.71532  3.87571    374 s - - -
          2.68618  4.42225  2.77519  2.73123  3.46354  2.40513  3.72494  3.29354  2.67741  2.69355  4.24690  2.90347  2.73739  3.18146  2.89801  2.37887  2.77519  2.98518  4.58477  3.61503
          0.25854  4.19319  1.54777  0.61958  0.77255  0.48576  0.95510
    153   2.85002  5.37719  1.77520  1.50626  4.68645  2.99228  3.71352  4.18773  2.67833  3.69320  4.51979  2.69061  3.81027  2.86931  3.24894  2.58885  3.12922  3.76501  5.86099  4.38100    375 e - - -
          2.68618  4.42225  2.77519  2.73123  3.46354  2.40513  3.72494  3.29354  2.67741  2.69355  4.24690  2.90347  2.73739  3.18146  2.89801  2.37887  2.77519  2.98518  4.58477  3.61503
          0.02863  3.96329  4.68564  0.61958  0.77255  0.39331  1.12338
    154   2.90925  5.47372  1.78862  1.43651  4.77889  2.78190  3.77245  4.28862  2.70584  3.77318  4.57979  2.56828  3.88733  2.91661  3.27252  2.81538  3.17857  3.72430  5.92716  4.44584    376 e - - -
          2.68618  4.42225  2.77519  2.73123  3.46354  2.40513  3.72494  3.29354  2.67741  2.69355  4.24690  2.90347  2.73739  3.18146  2.89801  2.37887  2.77519  2.98518  4.58477  3.61503
          0.02314  4.17357  4.89592  0.61958  0.77255  0.47095  0.97926
    155   2.91755  5.46030  1.44705  1.66092  4.77344  2.95116  3.78965  4.27693  2.72928  3.77183  4.58307  2.79363  3.89864  2.93672  3.29556  2.69356  3.19017  3.64587  5.93205  4.45468    377 d - - -
          2.68618  4.42225  2.77519  2.73123  3.46354  2.40513  3.72494  3.29354  2.67741  2.69355  4.24690  2.90347  2.73739  3.18146  2.89801  2.37887  2.77519  2.98518  4.58477  3.61503
          0.04187  4.19319  3.65333  0.61958  0.77255  0.48576  0.95510
    156   2.59196  5.28528  1.77874  1.62646  4.57698  3.26799  3.71526  4.05947  2.58163  3.57403  4.36845  2.81894  3.86032  2.85083  3.11062  2.74513  3.06004  3.65266  5.74099  3.69344    378 e - - -
          2.68609  4.42234  2.77489  2.73110  3.46362  2.40514  3.72503  3.29362  2.67740  2.69363  4.24652  2.90343  2.73748  3.18152  2.89809  2.37889  2.77528  2.98520  4.58485  3.61512
          0.40283  1.59106  2.05678  0.84715  0.55972  0.50887  0.91923
    157   2.32252  4.96424  2.56493  2.30057  4.29018  2.54508  3.63852  3.72900  1.96398  3.28733  4.08531  2.87176  3.80161  2.77502  2.89065  2.64033  2.89549  3.29657  5.48404  4.11519    385 k - - -
          2.68618  4.42225  2.77519  2.73123  3.46354  2.40513  3.72494  3.29354  2.67741  2.69355  4.24690  2.90347  2.73739  3.18146  2.89801  2.37887  2.77519  2.98518  4.58477  3.61503
          0.03552  4.04616  4.05072  0.61958  0.77255  0.39792  1.11387
    158   2.12221  4.50957  2.75761  2.42029  4.16305  2.94134  3.64120  3.59402  2.32531  3.17269  3.96916  2.81995  3.52545  2.77758  2.89834  2.24931  2.80432  3.24161  5.39110  3.89879    386 a - - -
          2.68618  4.42225  2.77519  2.73123  3.46354  2.40513  3.72494  3.29354  2.67741  2.69355  4.24690  2.90347  2.73739  3.18146  2.89801  2.37887  2.77519  2.98518  4.58477  3.61503
          0.04002  4.18547  3.72897  0.61958  0.77255  0.47978  0.96474
    159   2.39106  4.63624  3.10863  2.67877  4.26693  1.74724  3.85808  3.68683  2.63528  3.29524  4.11513  3.11085  2.69977  3.03331  2.49571  2.63607  2.88867  3.28124  5.51627  4.22196    387 g - - -
          2.68618  4.42225  2.77519  2.73123  3.46354  2.40513  3.72494  3.29354  2.67741  2.69355  4.24690  2.90347  2.73739  3.18146  2.89801  2.37887  2.77519  2.98518  4.58477  3.61503
          0.02307  4.17655  4.89890  0.61958  0.77255  0.47312  0.97565
    160   2.51946  4.87023  3.19183  2.67102  4.32362  3.47469  3.74614  3.71582  2.29332  3.28554  4.12182  3.12533  2.31994  2.90019  1.64476  2.79215  3.00695  3.36520  5.46866  4.19725    388 r - - -
          2.68618  4.42225  2.77519  2.73123  3.46354  2.40513  3.72494  3.29354  2.67741  2.69355  4.24690  2.90347  2.73739  3.18146  2.89801  2.37887  2.77519  2.98518  4.58477  3.61503
          0.02269  4.19319  4.91554  0.61958  0.77255  0.48576  0.95510
    161   3.24905  5.29629  3.72044  3.00745  4.79118  3.81936  3.72477  4.12594  1.69427  3.54460  4.43608  3.37170  4.18487  2.86316  0.99169  3.24761  3.40132  3.81908  5.55385  4.42610    389 r - - -
          2.68618  4.42225  2.77519  2.73123  3.46354  2.40513  3.72494  3.29354  2.67741  2.69355  4.24690  2.90347  2.73739  3.18146  2.89801  2.37887  2.77519  2.98518  4.58477  3.61503
          0.02269  4.19319  4.91554  0.61958  0.77255  0.48576  0.95510
    162   3.91016  5.08171  4.83751  4.58001  1.52458  4.58834  3.55302  3.57581  4.41354  2.86252  4.15909  4.23458  4.88879  4.32182  4.40299  3.97317  4.12904  3.50849  3.67168  0.80211    390 y - - -
          2.68618  4.42225  2.77519  2.73123  3.46354  2.40513  3.72494  3.29354  2.67741  2.69355  4.24690  2.90347  2.73739  3.18146  2.89801  2.37887  2.77519  2.98518  4.58477  3.61503
          0.02269  4.19319  4.91554  0.61958  0.77255  0.48576  0.95510
    163   2.27510  3.33919  3.81110  3.37178  4.12248  3.10531  4.28617  3.45708  3.30710  3.20599  4.06122  3.48167  3.81695  3.59592  3.60139  1.66915  1.41488  3.02594  5.52016  4.32148    391 t - - -
          2.68618  4.42225  2.77519  2.73123  3.46354  2.40513  3.72494  3.29354  2.67741  2.69355  4.24690  2.90347  2.73739  3.18146  2.89801  2.37887  2.77519  2.98518  4.58477  3.61503
          0.02269  4.19319  4.91554  0.61958  0.77255  0.48576  0.95510
    164   2.58523  4.66015  3.09531  2.61568  4.05671  2.39319  3.78030  3.47925  2.59480  3.10691  3.93934  3.08151  3.85716  2.96371  2.77549  1.71778  2.81397  3.13953  5.35490  3.60439    392 s - - -
          2.68618  4.42225  2.77519  2.73123  3.46354  2.40513  3.72494  3.29354  2.67741  2.69355  4.24690  2.90347  2.73739  3.18146  2.89801  2.37887  2.77519  2.98518  4.58477  3.61503
          0.02269  4.19319  4.91554  0.61958  0.77255  0.48576  0.95510
    165   3.24260  5.25694  3.70477  3.03194  4.73354  3.80311  3.75737  4.09506  1.84785  3.53338  4.43715  3.39237  4.19009  2.90408  0.91769  3.25409  3.41073  3.79218  5.54852  4.41424    393 r - - -
          2.68618  4.42225  2.77519  2.73123  3.46354  2.40513  3.72494  3.29354  2.67741  2.69355  4.24690  2.90347  2.73739  3.18146  2.89801  2.37887  2.77519  2.98518  4.58477  3.61503
          0.02269  4.19319  4.91554  0.61958  0.77255  0.48576  0.95510
    166   3.31607  4.60278  5.03783  4.49444  3.35949  4.67359  5.07076  1.03324  4.35077  1.56909  2.80581  4.72125  4.88065  4.51439  4.48310  4.04009  3.55184  1.93008  5.41343  4.29729    394 i - - -
          2.68618  4.42225  2.77519  2.73123  3.46354  2.40513  3.72494  3.29354  2.67741  2.69355  4.24690  2.90347  2.73739  3.18146  2.89801  2.37887  2.77519  2.98518  4.58477  3.61503
          0.02269  4.19319  4.91554  0.61958  0.77255  0.48576  0.95510
    167   3.03079  5.64678  1.23090  1.72082  4.93577  2.77293  3.84654  4.46568  2.86226  3.94195  4.78004  2.76605  3.93096  2.90390  3.46953  2.90820  3.31644  4.02209  6.09795  4.57639    395 d - - -
          2.68618  4.42225  2.77519  2.73123  3.46354  2.40513  3.72494  3.29354  2.67741  2.69355  4.24690  2.90347  2.73739  3.18146  2.89801  2.37887  2.77519  2.98518  4.58477  3.61503
          0.02269  4.19319  4.91554  0.61958  0.77255  0.48576  0.95510
    168   3.46381  4.83234  4.84289  4.38594  3.15708  4.56627  4.92062  2.25313  4.12953  0.66714  3.03893  4.63300  4.83740  4.36791  4.25784  4.00611  3.72043  2.42983  5.23563  4.03780    396 L - - -
          2.68618  4.42225  2.77519  2.73123  3.46354  2.40513  3.72494  3.29354  2.67741  2.69355  4.24690  2.90347  2.73739  3.18146  2.89801  2.37887  2.77519  2.98518  4.58477  3.61503
          0.02269  4.19319  4.91554  0.61958  0.77255  0.48576  0.95510
    169   2.09798  4.34147  3.38793  3.14802  4.42484  3.08537  4.28712  3.81936  3.23673  3.52063  4.36541  3.36453  1.16779  3.54891  3.55646  2.28533  2.86423  3.29723  5.76351  4.52981    397 p - - -
          2.68618  4.42225  2.77519  2.73123  3.46354  2.40513  3.72494  3.29354  2.67741  2.69355  4.24690  2.90347  2.73739  3.18146  2.89801  2.37887  2.77519  2.98518  4.58477  3.61503
          0.02269  4.19319  4.91554  0.61958  0.77255  0.48576  0.95510
    170   2.25157  5.19650  2.09997  1.86992  4.51595  3.29420  3.67464  3.99284  2.49330  3.50127  4.27674  2.84416  3.17133  2.74371  3.00605  2.48119  2.97957  3.57979  5.66288  4.24383    398 e - - -
          2.68618  4.42226  2.77520  2.73124  3.46354  2.40506  3.72495  3.29354  2.67741  2.69355  4.24690  2.90347  2.73740  3.18147  2.89801  2.37887  2.77520  2.98519  4.58477  3.61504
          0.05992  2.97937  4.91554  0.47161  0.97815  0.48576  0.95510
    171   2.69037  5.13837  2.66516  2.24304  4.47631  3.42553  3.61051  3.79581  1.69701  3.42634  4.18896  2.58239  3.83122  2.60556  2.49692  2.65667  2.91801  3.52694  5.56011  4.17974    400 k - - -
          2.68618  4.42225  2.77519  2.73123  3.46354  2.40513  3.72494  3.29354  2.67741  2.69355  4.24690  2.90347  2.73739  3.18146  2.89801  2.37887  2.77519  2.98518  4.58477  3.61503
          0.02269  4.19319  4.91554  0.61958  0.77255  0.48576  0.95510
    172   2.39267  4.14460  3.99705  3.41621  3.20551  3.73794  4.03785  1.90575  3.30781  1.96465  3.06346  3.67215  4.10361  3.44384  3.20288  3.01989  2.77677  2.07569  4.77483  3.58027    401 i - - -
          2.68618  4.42225  2.77519  2.73123  3.46354  2.40513  3.72494  3.29354  2.67741  2.69355  4.24690  2.90347  2.73739  3.18146  2.89801  2.37887  2.77519  2.98518  4.58477  3.61503
          0.02269  4.19319  4.91554  0.61958  0.77255  0.48576  0.95510
    173   3.87240  5.07506  4.76878  4.49889  1.72209  4.55209  3.56498  3.55753  4.33758  2.85582  4.15045  4.20945  4.86408  4.28650  4.35526  3.94059  4.09663  3.48774  3.69282  0.73345    402 y - - -
          2.68618  4.42225  2.77519  2.73123  3.46354  2.40513  3.72494  3.29354  2.67741  2.69355  4.24690  2.90347  2.73739  3.18146  2.89801  2.37887  2.77519  2.98518  4.58477  3.61503
          0.02269  4.19319  4.91554  0.61958  0.77255  0.48576  0.95510
    174   3.04082  5.25405  3.42204  2.60522  4.69211  3.70194  3.65876  4.04681  1.18857  3.48395  4.12520  3.19581  4.05948  2.73046  1.84586  3.02199  3.21169  3.70613  5.53931  4.33561    403 k - - -
          2.68618  4.42225  2.77519  2.73123  3.46354  2.40513  3.72494  3.29354  2.67741  2.69355  4.24690  2.90347  2.73739  3.18146  2.89801  2.37887  2.77519  2.98518  4.58477  3.61503
          0.02269  4.19319  4.91554  0.61958  0.77255  0.48576  0.95510
    175   2.79324  4.28824  4.10629  3.53214  3.07841  3.90022  4.20502  2.22651  3.43668  1.89143  2.49632  3.81619  4.24534  3.67515  3.67022  3.18679  1.84942  2.22490  4.92290  3.74312    404 t - - -
          2.68618  4.42225  2.77519  2.73123  3.46354  2.40513  3.72494  3.29354  2.67741  2.69355  4.24690  2.90347  2.73739  3.18146  2.89801  2.37887  2.77519  2.98518  4.58477  3.61503
          0.02269  4.19319  4.91554  0.61958  0.77255  0.48576  0.95510
    176   2.99063  5.47651  1.03718  2.22237  4.90341  2.75372  3.90133  4.43797  2.94937  3.94524  4.79618  2.55334  3.93323  3.07530  3.55302  2.81446  3.31070  3.98009  6.10440  4.59830    405 d - - -
          2.68618  4.42225  2.77519  2.73123  3.46354  2.40513  3.72494  3.29354  2.67741  2.69355  4.24690  2.90347  2.73739  3.18146  2.89801  2.37887  2.77519  2.98518  4.58477  3.61503
          0.02269  4.19319  4.91554  0.61958  0.77255  0.48576  0.95510
    177   2.25396  5.08695  2.79445  1.99620  4.40024  2.81309  3.63529  3.85879  2.18400  3.38012  4.15462  2.85111  3.82592  2.42915  2.86958  2.52201  2.91444  3.46417  5.54715  4.15983    406 e - - -
          2.68618  4.42225  2.77519  2.73123  3.46354  2.40513  3.72494  3.29354  2.67741  2.69355  4.24690  2.90347  2.73739  3.18146  2.89801  2.37887  2.77519  2.98518  4.58477  3.61503
          0.02269  4.19319  4.91554  0.61958  0.77255  0.48576  0.95510
    178   3.29033  4.63608  4.76890  4.40672  3.61213  4.39669  5.08711  0.75018  4.24177  2.14485  3.51032  4.60940  4.80814  4.56447  4.40360  3.93400  3.58819  1.90974  5.56092  4.31949    407 i - - -
          2.68618  4.42225  2.77519  2.73123  3.46354  2.40513  3.72494  3.29354  2.67741  2.69355  4.24690  2.90347  2.73739  3.18146  2.89801  2.37887  2.77519  2.98518  4.58477  3.61503
          0.02269  4.19319  4.91554  0.61958  0.77255  0.48576  0.95510
    179   3.18861  5.26496  3.49403  2.92286  4.72950  3.74364  3.76188  4.10822  0.87219  3.55383  4.44788  3.32203  4.15214  2.90689  2.13360  3.18827  3.37292  3.79030  5.57616  4.41122    408 k - - -
          2.68618  4.42225  2.77519  2.73123  3.46354  2.40513  3.72494  3.29354  2.67741  2.69355  4.24690  2.90347  2.73739  3.18146  2.89801  2.37887  2.77519  2.98518  4.58477  3.61503
          0.02269  4.19319  4.91554  0.61958  0.77255  0.48576  0.95510
    180   0.71991  4.29465  3.70023  3.50658  4.47462  2.82126  4.52963  3.76815  3.56995  3.57767  4.46419  3.56800  3.86816  3.85664  3.81568  2.59299  2.90929  3.25761  5.82968  4.66381    409 a - - -
          2.68618  4.42225  2.77519  2.73123  3.46354  2.40513  3.72494  3.29354  2.67741  2.69355  4.24690  2.90347  2.73739  3.18146  2.89801  2.37887  2.77519  2.98518  4.58477  3.61503
          0.02269  4.19319  4.91554  0.61958  0.77255  0.48576  0.95510
    181   3.07721  5.58959  2.08253  0.92703  4.89512  3.34374  3.90012  4.41134  2.90566  3.92855  4.79681  2.82652  3.96901  3.07289  3.47717  2.96759  3.36998  3.99525  6.06219  4.58683    410 e - - -
          2.68618  4.42225  2.77519  2.73123  3.46354  2.40513  3.72494  3.29354  2.67741  2.69355  4.24690  2.90347  2.73739  3.18146  2.89801  2.37887  2.77519  2.98518  4.58477  3.61503
          0.02269  4.19319  4.91554  0.61958  0.77255  0.48576  0.95510
    182   3.20483  4.68858  4.50274  4.04025  3.25105  4.21441  4.67834  2.33531  3.77610  1.74807  1.08704  4.28460  4.60032  4.10372  3.95243  3.63073  3.49055  2.43810  5.20877  3.99457    411 m - - -
          2.68618  4.42225  2.77519  2.73123  3.46354  2.40513  3.72494  3.29354  2.67741  2.69355  4.24690  2.90347  2.73739  3.18146  2.89801  2.37887  2.77519  2.98518  4.58477  3.61503
          0.02269  4.19319  4.91554  0.61958  0.77255  0.48576  0.95510
    183   3.11121  5.21057  3.24444  2.82723  4.65495  3.64185  3.80593  4.09295  0.88142  3.58695  4.47779  3.08772  4.11103  2.96355  2.39782  3.11586  3.33930  3.75367  5.60460  4.38347    412 k - - -
          2.68618  4.42225  2.77519  2.73123  3.46354  2.40513  3.72494  3.29354  2.67741  2.69355  4.24690  2.90347  2.73739  3.18146  2.89801  2.37887  2.77519  2.98518  4.58477  3.61503
          0.02269  4.19319  4.91554  0.61958  0.77255  0.48576  0.95510
    184   2.93150  5.07469  2.68261  2.57407  4.48562  3.37391  3.98868  4.10732  2.68970  3.70147  4.60302  0.96301  4.00430  3.20304  3.18965  2.94630  3.27780  3.70803  5.73515  4.35031    413 n - - -
          2.68618  4.42225  2.77519  2.73123  3.46354  2.40513  3.72494  3.29354  2.67741  2.69355  4.24690  2.90347  2.73739  3.18146  2.89801  2.37887  2.77519  2.98518  4.58477  3.61503
          0.02269  4.19319  4.91554  0.61958  0.77255  0.48576  0.95510
    185   3.11465  4.84564  3.85301  3.79891  4.91144  0.37046  4.88726  4.60130  4.02310  4.21031  5.19730  4.01884  4.24584  4.32248  4.21228  3.29763  3.62055  4.06738  5.90946  5.02835    414 G - - -
          2.68618  4.42225  2.77519  2.73123  3.46354  2.40513  3.72494  3.29354  2.67741  2.69355  4.24690  2.90347  2.73739  3.18146  2.89801  2.37887  2.77519  2.98518  4.58477  3.61503
          0.02269  4.19319  4.91554  0.61958  0.77255  0.48576  0.95510
    186   3.07102  4.53891  4.56121  4.24589  3.80806  4.04678  4.99998  2.09296  4.11940  2.44602  3.73486  4.38150  4.59799  4.46134  4.29970  3.57991  3.43004  0.69763  5.64283  4.38986    415 v - - -
          2.68618  4.42225  2.77519  2.73123  3.46354  2.40513  3.72494  3.29354  2.67741  2.69355  4.24690  2.90347  2.73739  3.18146  2.89801  2.37887  2.77519  2.98518  4.58477  3.61503
          0.02269  4.19319  4.91554  0.61958  0.77255  0.48576  0.95510
    187   3.53641  4.91043  4.70411  4.35734  3.29131  4.38608  4.91418  2.52392  4.12276  0.56123  3.23491  4.60234  4.77376  4.41236  4.24136  4.01346  3.82009  2.64230  5.27403  4.06747    416 L - - -
          2.68618  4.42225  2.77519  2.73123  3.46354  2.40513  3.72494  3.29354  2.67741  2.69355  4.24690  2.90347  2.73739  3.18146  2.89801  2.37887  2.77519  2.98518  4.58477  3.61503
          0.02269  4.19319  4.91554  0.61958  0.77255  0.48576  0.95510
    188   3.19825  5.29786  3.59012  2.92835  4.78347  3.77867  3.71677  4.12974  0.94485  3.55007  4.42968  3.31893  4.15233  2.85186  1.90778  3.18866  3.36020  3.81028  5.56541  4.41485    417 k - - -
          2.68618  4.42225  2.77519  2.73123  3.46354  2.40513  3.72494  3.29354  2.67741  2.69355  4.24690  2.90347  2.73739  3.18146  2.89801  2.37887  2.77519  2.98518  4.58477  3.61503
          0.02269  4.19319  4.91554  0.61958  0.77255  0.48576  0.95510
    189   3.16770  4.49270  4.83156  4.29806  3.52973  4.49513  4.96063  1.84609  4.16957  1.94209  2.95450  4.53005  4.77989  4.41211  4.35787  3.85468  3.41881  0.93429  5.46879  4.28970    418 v - - -
          2.68618  4.42225  2.77519  2.73123  3.46354  2.40513  3.72494  3.29354  2.67741  2.69355  4.24690  2.90347  2.73739  3.18146  2.89801  2.37887  2.77519  2.98518  4.58477  3.61503
          0.02269  4.19319  4.91554  0.61958  0.77255  0.48576  0.95510
    190   2.32483  4.18381  4.22105  3.64743  2.23176  3.85859  4.20807  2.25123  3.53246  2.20003  3.08612  3.85876  4.22565  3.75565  3.71933  3.16055  2.79453  1.65002  4.87104  3.67609    419 v - - -
          2.68618  4.42225  2.77519  2.73123  3.46354  2.40513  3.72494  3.29354  2.67741  2.69355  4.24690  2.90347  2.73739  3.18146  2.89801  2.37887  2.77519  2.98518  4.58477  3.61503
          0.02269  4.19319  4.91554  0.61958  0.77255  0.48576  0.95510
    191   3.23037  4.52530  4.97299  4.44038  3.47525  4.59537  5.05354  1.75621  4.32155  1.44987  3.27581  4.65474  4.84532  4.51612  4.47724  3.96202  3.47590  1.14587  5.46939  4.31903    420 v - - -
          2.68618  4.42225  2.77519  2.73123  3.46354  2.40513  3.72494  3.29354  2.67741  2.69355  4.24690  2.90347  2.73739  3.18146  2.89801  2.37887  2.77519  2.98518  4.58477  3.61503
          0.02269  4.19319  4.91554  0.61958  0.77255  0.48576  0.95510
    192   3.23634  4.92665  3.87986  3.77371  4.72164  3.59665  4.81378  4.36398  3.86139  3.94957  5.02092  4.04259  0.40137  4.23964  4.05965  3.41646  3.70503  3.96994  5.80657  4.85038    421 P - - -
          2.68618  4.42225  2.77519  2.73123  3.46354  2.40513  3.72494  3.29354  2.67741  2.69355  4.24690  2.90347  2.73739  3.18146  2.89801  2.37887  2.77519  2.98518  4.58477  3.61503
          0.02269  4.19319  4.91554  0.61958  0.77255  0.48576  0.95510
    193   3.20031  5.30188  3.60137  2.93010  4.79025  3.78256  3.71316  4.13343  0.95610  3.55094  4.42946  3.31961  4.15296  2.84735  1.87529  3.18977  3.36012  3.81377  5.56496  4.41611    422 k - - -
          2.68618  4.42225  2.77519  2.73123  3.46354  2.40513  3.72494  3.29354  2.67741  2.69355  4.24690  2.90347  2.73739  3.18146  2.89801  2.37887  2.77519  2.98518  4.58477  3.61503
          0.02269  4.19319  4.91554  0.61958  0.77255  0.48576  0.95510
    194   2.95968  4.42013  4.90282  4.35781  3.51775  4.48017  4.92927  1.33630  4.24897  1.90825  2.92193  4.54375  4.75371  4.44655  4.39844  3.83076  3.36237  1.30983  5.40237  4.23928    423 v - - -
          2.68618  4.42225  2.77519  2.73123  3.46354  2.40513  3.72494  3.29354  2.67741  2.69355  4.24690  2.90347  2.73739  3.18146  2.89801  2.37887  2.77519  2.98518  4.58477  3.61503
          0.02269  4.19319  4.91554  0.61958  0.77255  0.48576  0.95510
    195   3.11421  5.16426  3.34808  2.90424  4.63188  3.65712  3.84248  3.99345  0.84766  3.52428  4.45241  3.31459  4.13101  3.00360  2.41366  3.13856  3.24448  3.67936  5.60487  4.40604    424 k - - -
          2.68618  4.42225  2.77519  2.73123  3.46354  2.40513  3.72494  3.29354  2.67741  2.69355  4.24690  2.90347  2.73739  3.18146  2.89801  2.37887  2.77519  2.98518  4.58477  3.61503
          0.02269  4.19319  4.91554  0.61958  0.77255  0.48576  0.95510
    196   3.00896  5.54544  2.17290  1.02573  4.83194  3.34005  3.83036  4.33450  2.69169  3.83376  4.67550  2.80139  3.93659  2.89460  3.31271  2.90524  3.28551  3.91942  5.99175  4.51432    425 e - - -
          2.68618  4.42225  2.77519  2.73123  3.46354  2.40513  3.72494  3.29354  2.67741  2.69355  4.24690  2.90347  2.73739  3.18146  2.89801  2.37887  2.77519  2.98518  4.58477  3.61503
          0.02269  4.19319  4.91554  0.61958  0.77255  0.48576  0.95510
    197   2.98937  5.58619  1.90325  1.17575  4.87227  3.32710  3.81432  4.39361  2.77652  3.87014  4.69455  2.71678  3.91950  2.65748  3.35109  2.87770  3.26433  3.95629  6.02021  4.52030    426 e - - -
          2.68618  4.42225  2.77519  2.73123  3.46354  2.40513  3.72494  3.29354  2.67741  2.69355  4.24690  2.90347  2.73739  3.18146  2.89801  2.37887  2.77519  2.98518  4.58477  3.61503
          0.02269  4.19319  4.91554  0.61958  0.77255  0.48576  0.95510
    198   2.94546  5.48787  2.18250  1.15852  4.78504  3.08506  3.79451  4.28826  2.71900  3.77994  4.59844  2.79876  3.91082  2.58531  3.26716  2.85129  3.21501  3.86471  5.93660  4.46458    427 e - - -
          2.68618  4.42225  2.77519  2.73123  3.46354  2.40513  3.72494  3.29354  2.67741  2.69355  4.24690  2.90347  2.73739  3.18146  2.89801  2.37887  2.77519  2.98518  4.58477  3.61503
          0.02269  4.19319  4.91554  0.61958  0.77255  0.48576  0.95510
    199   3.02695  5.02149  3.61739  2.94088  4.31476  3.72560  3.74546  3.67117  2.05712  3.20344  3.52619  3.32779  4.10897  2.90920  1.09114  3.08259  3.22431  3.40996  5.40420  4.19605    428 r - - -
          2.68618  4.42225  2.77519  2.73123  3.46354  2.40513  3.72494  3.29354  2.67741  2.69355  4.24690  2.90347  2.73739  3.18146  2.89801  2.37887  2.77519  2.98518  4.58477  3.61503
          0.02269  4.19319  4.91554  0.61958  0.77255  0.48576  0.95510
    200   2.58074  4.86168  3.05335  2.49896  4.13750  3.46701  3.65892  3.23847  1.89158  3.13571  3.95203  2.73095  3.86394  2.80606  2.66359  2.69450  2.16102  3.21588  5.35904  4.03948    429 k - - -
          2.68618  4.42225  2.77519  2.73123  3.46354  2.40513  3.72494  3.29354  2.67741  2.69355  4.24690  2.90347  2.73739  3.18146  2.89801  2.37887  2.77519  2.98518  4.58477  3.61503
          0.02269  4.19319  4.91554  0.61958  0.77255  0.48576  0.95510
    201   3.05130  5.63783  1.06569  2.12300  4.95695  2.94817  3.87853  4.49202  2.92695  3.97852  4.83130  2.30687  3.94161  3.04757  3.54488  2.93020  3.35062  4.04612  6.13761  4.61079    430 d - - -
          2.68618  4.42225  2.77519  2.73123  3.46354  2.40513  3.72494  3.29354  2.67741  2.69355  4.24690  2.90347  2.73739  3.18146  2.89801  2.37887  2.77519  2.98518  4.58477  3.61503
          0.02269  4.19319  4.91554  0.61958  0.77255  0.48576  0.95510
    202   2.90691  4.43443  4.62066  4.18239  3.77021  4.14934  4.95253  1.86222  4.04782  2.35883  3.60149  4.35103  4.62105  4.36769  4.26106  3.56548  3.21169  0.83445  5.63941  4.41189    431 v - - -
          2.68618  4.42225  2.77519  2.73123  3.46354  2.40513  3.72494  3.29354  2.67741  2.69355  4.24690  2.90347  2.73739  3.18146  2.89801  2.37887  2.77519  2.98518  4.58477  3.61503
          0.02269  4.19319  4.91554  0.61958  0.77255  0.48576  0.95510
    203   2.69960  4.26515  3.84560  3.27448  1.78758  3.72928  3.50524  2.56823  3.14288  2.19473  3.33036  3.57213  4.09673  3.43397  2.87901  3.00344  2.93016  2.43546  4.63486  3.27931    432 f - - -
          2.68618  4.42225  2.77519  2.73123  3.46354  2.40513  3.72494  3.29354  2.67741  2.69355  4.24690  2.90347  2.73739  3.18146  2.89801  2.37887  2.77519  2.98518  4.58477  3.61503
          0.02269  4.19319  4.91554  0.61958  0.77255  0.48576  0.95510
    204   2.69751  5.08092  2.76866  2.17361  4.37684  3.41846  3.02719  3.83214  2.37879  3.09032  4.14281  2.78550  3.84076  1.82805  2.83401  2.61885  2.93009  3.45008  5.52718  4.15075    433 q - - -
          2.68618  4.42225  2.77519  2.73123  3.46354  2.40513  3.72494  3.29354  2.67741  2.69355  4.24690  2.90347  2.73739  3.18146  2.89801  2.37887  2.77519  2.98518  4.58477  3.61503
          0.02269  4.19319  4.91554  0.61958  0.77255  0.48576  0.95510
    205   3.18984  4.49705  4.95166  4.47567  3.71327  4.54799  5.19697  1.57134  4.36062  2.21587  3.51649  4.67197  4.87798  4.63797  4.55499  3.95478  3.46556  0.85075  5.69768  4.47545    434 v - - -
          2.68618  4.42225  2.77519  2.73123  3.46354  2.40513  3.72494  3.29354  2.67741  2.69355  4.24690  2.90347  2.73739  3.18146  2.89801  2.37887  2.77519  2.98518  4.58477  3.61503
          0.02269  4.19319  4.91554  0.61958  0.77255  0.48576  0.95510
    206   2.74175  5.19315  2.62863  2.28527  4.51509  3.41025  3.68146  3.97071  1.91014  3.48100  4.27258  1.79745  3.87244  2.74959  2.86641  2.74005  2.85493  3.57759  5.63608  4.25191    435 n - - -
          2.68618  4.42225  2.77519  2.73123  3.46354  2.40513  3.72494  3.29354  2.67741  2.69355  4.24690  2.90347  2.73739  3.18146  2.89801  2.37887  2.77519  2.98518  4.58477  3.61503
          0.02269  4.19319  4.91554  0.61958  0.77255  0.48576  0.95510
    207   3.20108  4.49611  4.98786  4.50785  3.71804  4.58406  5.22485  1.49964  4.39831  2.21369  3.51431  4.70368  4.89972  4.66884  4.58948  3.98914  3.47295  0.87770  5.70988  4.49257    436 v - - -
          2.68618  4.42225  2.77519  2.73123  3.46354  2.40513  3.72494  3.29354  2.67741  2.69355  4.24690  2.90347  2.73739  3.18146  2.89801  2.37887  2.77519  2.98518  4.58477  3.61503
          0.03335  4.19319  4.03396  0.61958  0.77255  0.48576  0.95510
    208   3.02402  5.59196  2.07140  1.02982  4.88307  3.31785  3.84624  4.40544  2.83959  3.90002  4.74503  2.58301  3.93292  3.00972  3.41903  2.91059  3.31013  3.97564  6.05259  4.54963    437 e - - -
          2.68618  4.42225  2.77519  2.73123  3.46354  2.40513  3.72494  3.29354  2.67741  2.69355  4.24690  2.90347  2.73739  3.18146  2.89801  2.37887  2.77519  2.98518  4.58477  3.61503
          0.01549  4.17533        *  0.61958  0.77255  0.00000        *
//
