HMMER3/f [3.1b2 | February 2015]
NAME  Mafft_Group_15
LENG  192
ALPH  amino
RF    no
MM    no
CONS  yes
CS    no
MAP   yes
DATE  Mon Oct 24 15:38:26 2016
NSEQ  31
EFFN  0.669800
CKSUM 580664127
STATS LOCAL MSV      -10.8361  0.70583
STATS LOCAL VITERBI  -11.3541  0.70583
STATS LOCAL FORWARD   -5.1202  0.70583
HMM          A        C        D        E        F        G        H        I        K        L        M        N        P        Q        R        S        T        V        W        Y   
            m->m     m->i     m->d     i->m     i->i     d->m     d->d
  COMPO   2.59526  4.46367  2.78637  2.58847  3.15028  2.91015  3.78091  2.94624  2.63467  2.48527  3.72343  3.10309  3.24768  3.10518  2.93520  2.63193  2.91177  2.68423  3.80359  3.62547
          2.68618  4.42225  2.77519  2.73123  3.46354  2.40513  3.72494  3.29354  2.67741  2.69355  4.24690  2.90347  2.73739  3.18146  2.89801  2.37887  2.77519  2.98518  4.58477  3.61503
          0.02783  3.99151  4.71386  0.61958  0.77255  0.00000        *
      1   3.06600  4.59677  4.17866  3.78240  3.26444  3.92359  4.49004  2.45212  3.54355  1.84237  1.16706  4.04480  4.38600  3.91829  3.73464  3.42693  3.37424  2.47175  5.12037  3.89196      1 m - - -
          2.68618  4.42225  2.77519  2.73123  3.46354  2.40513  3.72494  3.29354  2.67741  2.69355  4.24690  2.90347  2.73739  3.18146  2.89801  2.37887  2.77519  2.98518  4.58477  3.61503
          0.02783  3.99151  4.71386  0.61958  0.77255  0.48576  0.95510
      2   1.93045  4.24673  3.34659  2.93436  4.09114  3.05694  4.01243  3.46622  2.93962  3.15897  3.99689  3.21334  2.75023  3.25480  3.30107  2.20214  1.78518  3.03298  5.43839  4.19872      2 t - - -
          2.68618  4.42225  2.77519  2.73123  3.46354  2.40513  3.72494  3.29354  2.67741  2.69355  4.24690  2.90347  2.73739  3.18146  2.89801  2.37887  2.77519  2.98518  4.58477  3.61503
          0.05181  3.99151  3.44148  0.61958  0.77255  0.48576  0.95510
      3   2.31841  4.32606  3.16452  2.77962  4.17228  2.62063  3.93715  3.59403  2.83457  3.23771  4.05708  3.01248  3.07912  3.14959  3.22740  1.73239  2.14888  3.13496  5.48182  4.21627      3 s - - -
          2.68618  4.42225  2.77519  2.73123  3.46354  2.40513  3.72494  3.29354  2.67741  2.69355  4.24690  2.90347  2.73739  3.18146  2.89801  2.37887  2.77519  2.98518  4.58477  3.61503
          0.02849  3.96819  4.69054  0.61958  0.77255  0.50919  0.91874
      4   2.54906  3.87116  3.27850  2.71304  3.54307  3.47783  3.72074  2.92123  2.65141  2.61307  3.49023  3.07569  3.86594  2.99119  2.58084  2.37955  2.49325  2.67714  4.15546  3.44063      4 s - - -
          2.68618  4.42225  2.77519  2.73123  3.46354  2.40513  3.72494  3.29354  2.67741  2.69355  4.24690  2.90347  2.73739  3.18146  2.89801  2.37887  2.77519  2.98518  4.58477  3.61503
          0.02849  3.96819  4.69054  0.61958  0.77255  0.47139  0.97853
      5   2.80339  5.02791  3.11518  2.55379  4.41135  3.50471  3.59788  3.80302  1.77098  3.30722  4.13190  2.76265  3.90053  2.73008  1.77778  2.62009  2.91622  3.45603  5.42935  4.16593      5 k - - -
          2.68622  4.42229  2.77523  2.73127  3.46357  2.40510  3.72498  3.29352  2.67716  2.69351  4.24693  2.90350  2.73743  3.18150  2.89804  2.37885  2.77523  2.98522  4.58481  3.61507
          0.23189  1.61952  4.71386  0.44890  1.01702  0.48576  0.95510
      6   2.40403  4.91250  2.95579  2.43156  4.21985  3.20885  3.59776  3.63581  2.09879  3.12037  4.00119  2.94092  3.70132  2.08422  2.49345  2.67134  2.88895  3.29033  5.37855  4.05838      9 q - - -
          2.68618  4.42225  2.77519  2.73123  3.46354  2.40513  3.72494  3.29354  2.67741  2.69355  4.24690  2.90347  2.73739  3.18146  2.89801  2.37887  2.77519  2.98518  4.58477  3.61503
          0.02783  3.99151  4.71386  0.61958  0.77255  0.48576  0.95510
      7   3.21482  4.54729  4.78021  4.22641  3.00802  4.48677  4.80732  1.73047  4.10810  1.06728  2.96030  4.48601  4.69925  4.24944  4.25884  3.83143  3.44443  1.94800  5.17568  4.04852     10 l - - -
          2.68618  4.42225  2.77519  2.73123  3.46354  2.40513  3.72494  3.29354  2.67741  2.69355  4.24690  2.90347  2.73739  3.18146  2.89801  2.37887  2.77519  2.98518  4.58477  3.61503
          0.02783  3.99151  4.71386  0.61958  0.77255  0.48576  0.95510
      8   2.90751  5.36416  2.14892  1.18137  4.64719  3.25316  3.75180  4.13881  2.68758  3.67162  4.53112  2.73584  3.85061  2.82921  3.20952  2.82073  3.18866  3.74706  5.83685  4.38232     11 e - - -
          2.68618  4.42225  2.77520  2.73123  3.46354  2.40513  3.72495  3.29354  2.67741  2.69355  4.24690  2.90347  2.73740  3.18146  2.89801  2.37887  2.77520  2.98513  4.58477  3.61503
          0.04718  3.29388  4.71386  0.54623  0.86543  0.48576  0.95510
      9   3.05318  4.39829  4.66952  4.15741  3.33493  4.35102  4.85191  1.59955  4.05348  2.02785  3.32276  4.39341  4.66944  4.30587  4.26311  3.71885  3.31551  1.07232  5.39390  4.16800     13 v - - -
          2.68618  4.42225  2.77519  2.73123  3.46354  2.40513  3.72494  3.29354  2.67741  2.69355  4.24690  2.90347  2.73739  3.18146  2.89801  2.37887  2.77519  2.98518  4.58477  3.61503
          0.02783  3.99151  4.71386  0.61958  0.77255  0.48576  0.95510
     10   2.68189  4.78973  3.13275  2.54957  3.98719  3.48585  2.70516  3.31737  2.25538  2.62118  3.86516  3.03173  3.86646  2.41386  2.27326  2.72966  2.89857  3.13274  5.22429  3.92179     14 k - - -
          2.68609  4.42231  2.77526  2.73130  3.46360  2.40504  3.72501  3.29360  2.67747  2.69336  4.24696  2.90353  2.73733  3.18122  2.89807  2.37893  2.77526  2.98517  4.58483  3.61510
          0.13934  2.11118  4.71386  1.12347  0.39326  0.48576  0.95510
     11   2.47086  4.39502  3.26078  2.71718  3.41532  2.90858  3.75127  2.82506  2.58258  2.62557  3.55464  3.15340  3.85547  3.01019  3.06480  2.62537  2.09309  2.70926  5.02131  3.76221     21 t - - -
          2.68618  4.42225  2.77519  2.73123  3.46354  2.40513  3.72494  3.29354  2.67741  2.69355  4.24690  2.90347  2.73739  3.18146  2.89801  2.37887  2.77519  2.98518  4.58477  3.61503
          0.02783  3.99151  4.71386  0.61958  0.77255  0.48576  0.95510
     12   2.93880  5.52914  1.50704  1.49800  4.81017  3.21829  3.75469  4.33436  2.76863  3.82676  4.67290  2.57992  3.83784  2.91859  3.36652  2.81938  3.22566  3.90188  5.98303  4.46874     22 e - - -
          2.68618  4.42225  2.77519  2.73123  3.46354  2.40513  3.72494  3.29354  2.67741  2.69355  4.24690  2.90347  2.73739  3.18146  2.89801  2.37887  2.77519  2.98518  4.58477  3.61503
          0.09286  3.99151  2.65631  0.61958  0.77255  0.48576  0.95510
     13   2.52677  4.23464  1.64118  2.22780  4.25266  3.25970  3.69451  3.62009  2.56657  3.27036  4.10867  2.84130  3.78437  2.85721  3.05213  2.64769  2.92107  3.26691  5.51034  4.13669     23 d - - -
          2.68618  4.42225  2.77519  2.73123  3.46354  2.40513  3.72494  3.29354  2.67741  2.69355  4.24690  2.90347  2.73739  3.18146  2.89801  2.37887  2.77519  2.98518  4.58477  3.61503
          0.02967  3.92832  4.65067  0.61958  0.77255  0.44938  1.01618
     14   2.40195  4.92763  2.89051  2.40135  4.22707  3.19507  3.37207  3.65021  2.15816  3.20571  4.01360  2.91867  3.81689  2.06357  2.61811  2.57723  2.88981  3.30144  5.39485  4.06346     24 q - - -
          2.68602  4.42227  2.77522  2.73121  3.46356  2.40515  3.72497  3.29356  2.67743  2.69357  4.24692  2.90349  2.73736  3.18149  2.89803  2.37889  2.77515  2.98521  4.58479  3.61505
          0.20451  1.73736  4.71386  0.29223  1.37278  0.48576  0.95510
     15   1.97097  4.25164  3.31567  2.98738  4.09949  3.06634  4.07364  3.36739  2.99582  3.15618  4.02963  2.98535  3.74982  3.33555  3.32376  2.49785  1.44182  2.96547  5.47085  4.23237     26 t - - -
          2.68618  4.42225  2.77519  2.73123  3.46354  2.40513  3.72494  3.29354  2.67741  2.69355  4.24690  2.90347  2.73739  3.18146  2.89801  2.37887  2.77519  2.98518  4.58477  3.61503
          0.02783  3.99151  4.71386  0.61958  0.77255  0.48576  0.95510
     16   2.91589  4.65216  3.53614  3.39324  4.37622  3.33299  4.45997  3.95340  3.46094  3.56689  4.62261  3.68739  0.63330  3.84610  3.69202  3.08737  3.36707  3.58502  5.52903  4.49889     27 P - - -
          2.68618  4.42225  2.77519  2.73123  3.46354  2.40513  3.72494  3.29354  2.67741  2.69355  4.24690  2.90347  2.73739  3.18146  2.89801  2.37887  2.77519  2.98518  4.58477  3.61503
          0.13934  3.99151  2.19290  0.61958  0.77255  0.48576  0.95510
     17   2.66357  4.92096  2.61977  2.31693  4.18981  3.04951  2.38342  3.63133  2.29628  3.20200  4.02457  2.77289  3.79091  2.61209  2.80046  2.55052  2.90537  3.28909  5.40249  4.05131     28 k - - -
          2.68618  4.42225  2.77520  2.73124  3.46354  2.40513  3.72495  3.29354  2.67741  2.69355  4.24690  2.90339  2.73740  3.18147  2.89801  2.37887  2.77520  2.98519  4.58477  3.61503
          0.06542  2.93134  4.60558  0.51149  0.91530  0.42777  1.05545
     18   3.03179  5.13108  3.37754  2.77746  4.56650  3.63227  3.63225  3.93279  1.14251  3.39457  4.27420  3.18665  4.02446  2.77398  1.93139  3.03338  3.21298  3.61664  5.44673  4.26671     30 k - - -
          2.68618  4.42225  2.77519  2.73123  3.46354  2.40513  3.72494  3.29354  2.67741  2.69355  4.24690  2.90347  2.73739  3.18146  2.89801  2.37887  2.77519  2.98518  4.58477  3.61503
          0.02783  3.99151  4.71386  0.61958  0.77255  0.48576  0.95510
     19   3.53994  4.87115  4.27744  4.01379  2.79693  3.86706  4.05316  3.56979  3.73401  2.94361  4.19790  4.13908  4.39499  4.11548  3.84103  3.74245  3.84663  3.46340  0.67598  2.79301     31 W - - -
          2.68618  4.42225  2.77519  2.73123  3.46354  2.40513  3.72494  3.29354  2.67741  2.69355  4.24690  2.90347  2.73739  3.18146  2.89801  2.37887  2.77519  2.98518  4.58477  3.61503
          0.02783  3.99151  4.71386  0.61958  0.77255  0.48576  0.95510
     20   2.46272  2.48751  3.46105  2.92125  3.66785  3.32735  3.86048  2.94839  2.75301  2.73722  3.62270  3.26364  3.84270  3.14829  2.49999  2.14604  2.77923  2.73832  5.07197  3.83315     32 s - - -
          2.68618  4.42225  2.77519  2.73123  3.46354  2.40513  3.72494  3.29354  2.67741  2.69355  4.24690  2.90347  2.73739  3.18146  2.89801  2.37887  2.77519  2.98518  4.58477  3.61503
          0.02783  3.99151  4.71386  0.61958  0.77255  0.48576  0.95510
     21   2.68308  4.25048  3.83950  3.29213  3.25509  3.71501  3.59412  2.42194  3.13869  2.18668  2.63188  3.60112  4.10277  3.46316  3.39623  3.01573  2.93029  1.58123  4.84709  3.59877     33 v - - -
          2.68618  4.42225  2.77519  2.73123  3.46354  2.40513  3.72494  3.29354  2.67741  2.69355  4.24690  2.90347  2.73739  3.18146  2.89801  2.37887  2.77519  2.98518  4.58477  3.61503
          0.02783  3.99151  4.71386  0.61958  0.77255  0.48576  0.95510
     22   2.37785  4.37765  3.23148  2.78186  3.87039  3.23704  3.86484  3.22994  2.75350  2.45119  3.80625  3.16142  2.88159  3.10493  3.12657  1.75518  2.78459  2.90528  5.24702  3.97627     34 s - - -
          2.68618  4.42225  2.77519  2.73123  3.46354  2.40513  3.72494  3.29354  2.67741  2.69355  4.24690  2.90347  2.73739  3.18146  2.89801  2.37887  2.77519  2.98518  4.58477  3.61503
          0.02783  3.99151  4.71386  0.61958  0.77255  0.48576  0.95510
     23   3.29059  4.71828  4.38021  4.02185  3.18429  4.13248  4.64031  2.39618  3.78841  0.74143  3.17231  4.28573  4.54817  4.12820  3.94450  3.71906  3.57988  2.46418  5.10549  3.85588     35 l - - -
          2.68618  4.42225  2.77519  2.73123  3.46354  2.40513  3.72494  3.29354  2.67741  2.69355  4.24690  2.90347  2.73739  3.18146  2.89801  2.37887  2.77519  2.98518  4.58477  3.61503
          0.02783  3.99151  4.71386  0.61958  0.77255  0.48576  0.95510
     24   2.60435  4.67602  3.08313  2.53333  3.93245  2.81492  3.64595  3.32336  2.24709  2.53521  3.79195  3.01849  3.83343  2.82310  2.41178  2.54725  2.64922  3.02565  5.21208  3.92109     36 k - - -
          2.68618  4.42225  2.77519  2.73123  3.46354  2.40513  3.72494  3.29354  2.67741  2.69355  4.24690  2.90347  2.73739  3.18146  2.89801  2.37887  2.77519  2.98518  4.58477  3.61503
          0.02783  3.99151  4.71386  0.61958  0.77255  0.48576  0.95510
     25   2.93586  5.41035  2.00863  1.15522  4.70944  3.24372  3.77742  4.20429  2.75877  3.74099  4.60532  2.73104  3.85530  2.94873  3.31297  2.83995  3.22379  3.80326  5.89008  4.43012     37 e - - -
          2.68618  4.42225  2.77519  2.73123  3.46354  2.40513  3.72494  3.29354  2.67741  2.69355  4.24690  2.90347  2.73739  3.18146  2.89801  2.37887  2.77519  2.98518  4.58477  3.61503
          0.02783  3.99151  4.71386  0.61958  0.77255  0.48576  0.95510
     26   2.91813  5.51164  1.52072  1.72946  4.79495  3.22257  3.74069  4.31865  2.73881  3.80421  4.64011  2.15791  3.83143  2.89990  3.33220  2.80224  3.20042  3.88363  5.96067  4.45086     38 d - - -
          2.68618  4.42225  2.77519  2.73123  3.46354  2.40513  3.72494  3.29354  2.67741  2.69355  4.24690  2.90347  2.73739  3.18146  2.89801  2.37887  2.77519  2.98518  4.58477  3.61503
          0.02783  3.99151  4.71386  0.61958  0.77255  0.48576  0.95510
     27   2.29975  4.25455  3.50217  2.96479  3.51906  3.20503  3.88703  2.70713  2.80340  2.55518  3.29923  3.32677  3.91169  3.21536  3.23006  2.75225  2.39883  1.89397  4.97592  3.74629     39 v - - -
          2.68618  4.42225  2.77519  2.73123  3.46354  2.40513  3.72494  3.29354  2.67741  2.69355  4.24690  2.90347  2.73739  3.18146  2.89801  2.37887  2.77519  2.98518  4.58477  3.61503
          0.02783  3.99151  4.71386  0.61958  0.77255  0.48576  0.95510
     28   3.41281  4.78009  4.40190  4.14013  0.83536  4.07242  3.93460  2.92310  4.04446  2.26629  3.63642  4.15479  4.52921  4.17992  4.13473  3.67586  3.71445  2.92234  4.15052  2.50349     40 f - - -
          2.68618  4.42225  2.77519  2.73123  3.46354  2.40513  3.72494  3.29354  2.67741  2.69355  4.24690  2.90347  2.73739  3.18146  2.89801  2.37887  2.77519  2.98518  4.58477  3.61503
          0.02783  3.99151  4.71386  0.61958  0.77255  0.48576  0.95510
     29   2.54528  4.87616  3.00784  2.40354  4.18384  3.42702  3.59976  3.59185  1.85894  3.15785  3.97118  2.95966  3.82633  2.73942  2.34684  2.38625  2.79350  3.10308  5.35263  4.04057     41 k - - -
          2.68618  4.42225  2.77519  2.73123  3.46354  2.40513  3.72494  3.29354  2.67741  2.69355  4.24690  2.90347  2.73739  3.18146  2.89801  2.37887  2.77519  2.98518  4.58477  3.61503
          0.02783  3.99151  4.71386  0.61958  0.77255  0.48576  0.95510
     30   2.59149  4.90829  2.98842  2.44421  4.23342  3.03346  3.59578  3.54086  1.96140  3.20038  4.00767  2.80562  3.82341  2.73041  2.13996  2.49850  2.88574  3.29936  5.38108  4.06412     42 k - - -
          2.68618  4.42225  2.77519  2.73123  3.46354  2.40513  3.72494  3.29354  2.67741  2.69355  4.24690  2.90347  2.73739  3.18146  2.89801  2.37887  2.77519  2.98518  4.58477  3.61503
          0.02783  3.99151  4.71386  0.61958  0.77255  0.48576  0.95510
     31   3.41281  4.78009  4.40190  4.14013  0.83536  4.07242  3.93460  2.92310  4.04446  2.26629  3.63642  4.15479  4.52921  4.17992  4.13473  3.67586  3.71445  2.92234  4.15052  2.50349     43 f - - -
          2.68618  4.42225  2.77519  2.73123  3.46354  2.40513  3.72494  3.29354  2.67741  2.69355  4.24690  2.90347  2.73739  3.18146  2.89801  2.37887  2.77519  2.98518  4.58477  3.61503
          0.02783  3.99151  4.71386  0.61958  0.77255  0.48576  0.95510
     32   3.13138  4.48270  4.72928  4.15056  2.39665  4.35209  4.62758  2.02494  4.03007  1.20608  2.27111  4.37144  4.57384  4.12666  4.14178  3.67655  3.35088  2.19097  4.99439  3.88732     44 l - - -
          2.68619  4.42226  2.77521  2.73125  3.46355  2.40514  3.72496  3.29344  2.67742  2.69354  4.24691  2.90348  2.73741  3.18133  2.89802  2.37884  2.77521  2.98520  4.58478  3.61505
          0.11814  2.83548  2.94244  0.73843  0.64983  0.48576  0.95510
     33   2.22706  4.45183  2.97954  2.62080  4.15071  2.63739  3.83808  3.57122  2.70944  3.20209  4.02653  2.84852  3.72964  2.88323  3.12260  1.74072  2.59281  3.15219  5.44546  4.15500     49 s - - -
          2.68618  4.42225  2.77519  2.73123  3.46354  2.40513  3.72494  3.29354  2.67741  2.69355  4.24690  2.90347  2.73739  3.18146  2.89801  2.37887  2.77519  2.98518  4.58477  3.61503
          0.04939  3.94676  3.54490  0.61958  0.77255  0.45918  0.99913
     34   2.57427  4.80619  2.94940  2.43310  4.07042  2.99825  3.46271  3.48584  2.27855  2.97551  3.73396  2.94269  3.80976  2.05615  2.74857  2.54518  2.84952  3.16130  5.30187  3.98032     50 q - - -
          2.68618  4.42225  2.77519  2.73123  3.46354  2.40513  3.72494  3.29354  2.67741  2.69355  4.24690  2.90347  2.73739  3.18146  2.89801  2.37887  2.77519  2.98518  4.58477  3.61503
          0.02836  3.97270  4.69504  0.61958  0.77255  0.47407  0.97409
     35   2.30227  3.89601  3.32628  2.83705  3.87520  1.80093  3.88305  3.07706  2.60813  2.92708  3.79020  3.19137  3.78577  3.12708  3.13712  2.56396  2.59813  2.87242  5.24435  3.99460     51 g - - -
          2.68608  4.42227  2.77515  2.73126  3.46356  2.40515  3.72497  3.29356  2.67743  2.69344  4.24692  2.90349  2.73742  3.18149  2.89803  2.37889  2.77522  2.98512  4.58479  3.61505
          0.15176  2.02618  4.71386  0.51889  0.90432  0.48576  0.95510
     36   2.29116  4.50723  2.89796  2.59510  4.30840  2.46075  3.87553  3.74800  2.75785  3.36012  4.17175  2.12238  3.73516  3.06189  3.18822  1.90270  2.73164  3.28088  5.57650  4.26792     55 s - - -
          2.68618  4.42225  2.77519  2.73123  3.46354  2.40513  3.72494  3.29354  2.67741  2.69355  4.24690  2.90347  2.73739  3.18146  2.89801  2.37887  2.77519  2.98518  4.58477  3.61503
          0.02783  3.99151  4.71386  0.61958  0.77255  0.48576  0.95510
     37   2.07026  4.33173  3.23825  2.80261  3.54584  2.87377  3.89895  3.32206  2.81995  3.00824  3.86064  3.16012  2.00569  3.13890  3.20424  2.41048  2.75189  2.95835  5.29806  4.03355     56 p - - -
          2.68618  4.42225  2.77519  2.73123  3.46354  2.40513  3.72494  3.29354  2.67741  2.69355  4.24690  2.90347  2.73739  3.18146  2.89801  2.37887  2.77519  2.98518  4.58477  3.61503
          0.02783  3.99151  4.71386  0.61958  0.77255  0.48576  0.95510
     38   2.22666  4.72738  2.65344  2.27187  3.99362  3.37182  3.64208  3.10051  2.46925  3.01866  3.84556  2.93944  3.79675  2.80678  2.92784  2.50475  2.41725  3.06914  5.28049  3.95306     57 a - - -
          2.68598  4.42228  2.77522  2.73126  3.46357  2.40511  3.72497  3.29357  2.67744  2.69358  4.24693  2.90350  2.73738  3.18149  2.89804  2.37890  2.77517  2.98512  4.58480  3.61506
          0.17369  2.04440  3.50695  0.60850  0.78563  0.48576  0.95510
     39   2.33430  4.27968  3.64291  2.88094  3.49478  3.65232  4.00575  2.26749  3.02816  2.35216  3.41999  3.47480  4.05526  3.34928  3.35377  2.93841  2.77068  1.66245  5.02360  3.79507     61 v - - -
          2.68618  4.42225  2.77519  2.73123  3.46354  2.40513  3.72494  3.29354  2.67741  2.69355  4.24690  2.90347  2.73739  3.18146  2.89801  2.37887  2.77519  2.98518  4.58477  3.61503
          0.02843  3.97027  4.69262  0.61958  0.77255  0.50715  0.92183
     40   2.85183  5.03074  3.14414  2.58744  4.33515  3.53945  2.10608  3.76152  1.90253  3.26976  4.11148  3.05201  3.92589  2.60449  2.05860  2.85457  3.04751  3.43717  5.37632  4.11473     62 k - - -
          2.68618  4.42225  2.77519  2.73123  3.46354  2.40513  3.72494  3.29354  2.67741  2.69355  4.24690  2.90347  2.73739  3.18146  2.89801  2.37887  2.77519  2.98518  4.58477  3.61503
          0.02843  3.97027  4.69262  0.61958  0.77255  0.47262  0.97649
     41   2.16417  4.71885  3.10975  2.63566  4.16098  3.38537  3.72683  3.43694  1.56426  3.11956  3.99819  3.08121  3.86860  2.89685  2.66355  2.72507  2.93232  2.97681  5.38313  4.10818     63 k - - -
          2.68618  4.42225  2.77519  2.73123  3.46354  2.40513  3.72494  3.29354  2.67741  2.69355  4.24690  2.90347  2.73739  3.18146  2.89801  2.37887  2.77519  2.98518  4.58477  3.61503
          0.02783  3.99151  4.71386  0.61958  0.77255  0.48576  0.95510
     42   2.79824  4.35571  4.56371  4.06619  3.59133  4.22099  4.82055  1.56015  3.95685  2.16692  3.41439  4.29631  4.59521  4.24397  4.18219  3.59687  3.25201  1.09713  5.46394  4.25327     64 v - - -
          2.68618  4.42225  2.77519  2.73123  3.46354  2.40513  3.72494  3.29354  2.67741  2.69355  4.24690  2.90347  2.73739  3.18146  2.89801  2.37887  2.77519  2.98518  4.58477  3.61503
          0.02783  3.99151  4.71386  0.61958  0.77255  0.48576  0.95510
     43   3.34345  4.71945  4.48085  4.11519  1.07041  4.22174  3.90349  2.67371  3.96543  1.91067  3.38487  4.13902  4.58488  4.09508  4.07861  3.65015  3.60905  2.69889  4.11967  2.47380     65 f - - -
          2.68618  4.42225  2.77519  2.73123  3.46354  2.40513  3.72494  3.29354  2.67741  2.69355  4.24690  2.90347  2.73739  3.18146  2.89801  2.37887  2.77519  2.98518  4.58477  3.61503
          0.02783  3.99151  4.71386  0.61958  0.77255  0.48576  0.95510
     44   1.91353  3.47386  3.70010  3.36804  4.21137  1.27832  4.30491  3.53041  3.33076  3.30581  4.16018  3.40238  3.68531  3.61777  3.59481  2.38141  2.67910  3.02750  5.59032  4.40683     66 g - - -
          2.68618  4.42225  2.77519  2.73123  3.46354  2.40513  3.72494  3.29354  2.67741  2.69355  4.24690  2.90347  2.73739  3.18146  2.89801  2.37887  2.77519  2.98518  4.58477  3.61503
          0.02783  3.99151  4.71386  0.61958  0.77255  0.48576  0.95510
     45   2.63613  5.31717  1.76477  1.71910  4.63904  2.54317  3.70965  4.12877  2.65026  3.64231  4.45974  2.71929  3.81330  2.86083  3.20935  2.74043  3.09527  3.71068  5.81482  4.35135     67 e - - -
          2.68618  4.42225  2.77519  2.73123  3.46354  2.40513  3.72494  3.29354  2.67741  2.69355  4.24690  2.90347  2.73739  3.18146  2.89801  2.37887  2.77519  2.98518  4.58477  3.61503
          0.02783  3.99151  4.71386  0.61958  0.77255  0.48576  0.95510
     46   2.81884  4.58126  3.51689  3.43203  4.56985  0.56696  4.54395  4.19947  3.62942  3.83836  4.81591  3.68134  3.97617  3.94426  3.85134  2.99436  3.30935  3.70483  5.63246  4.67616     68 G - - -
          2.68618  4.42225  2.77519  2.73123  3.46354  2.40513  3.72494  3.29354  2.67741  2.69355  4.24690  2.90347  2.73739  3.18146  2.89801  2.37887  2.77519  2.98518  4.58477  3.61503
          0.02783  3.99151  4.71386  0.61958  0.77255  0.48576  0.95510
     47   2.37678  4.29809  3.31329  3.13582  4.19646  3.02593  4.24177  3.73576  3.21763  3.44724  4.36418  3.34066  3.77482  3.55786  3.49914  0.92475  2.86605  3.24470  5.55967  4.28094     69 s - - -
          2.68618  4.42225  2.77519  2.73123  3.46354  2.40513  3.72494  3.29354  2.67741  2.69355  4.24690  2.90347  2.73739  3.18146  2.89801  2.37887  2.77519  2.98518  4.58477  3.61503
          0.02783  3.99151  4.71386  0.61958  0.77255  0.48576  0.95510
     48   3.30494  4.67432  4.65175  4.15825  2.49367  4.41595  4.52385  2.27756  4.00769  0.88008  2.95027  4.38530  4.66437  4.15840  4.15045  3.79548  3.54095  2.39447  4.82274  3.45882     70 l - - -
          2.68618  4.42225  2.77519  2.73123  3.46354  2.40513  3.72494  3.29354  2.67741  2.69355  4.24690  2.90347  2.73739  3.18146  2.89801  2.37887  2.77519  2.98518  4.58477  3.61503
          0.02783  3.99151  4.71386  0.61958  0.77255  0.48576  0.95510
     49   3.41281  4.78009  4.40190  4.14013  0.83536  4.07242  3.93460  2.92310  4.04446  2.26629  3.63642  4.15479  4.52921  4.17992  4.13473  3.67586  3.71445  2.92234  4.15052  2.50349     71 f - - -
          2.68618  4.42225  2.77519  2.73123  3.46354  2.40513  3.72494  3.29354  2.67741  2.69355  4.24690  2.90347  2.73739  3.18146  2.89801  2.37887  2.77519  2.98518  4.58477  3.61503
          0.02783  3.99151  4.71386  0.61958  0.77255  0.48576  0.95510
     50   2.21787  3.49920  3.69250  3.34718  4.11611  2.95955  4.26837  3.49130  3.26889  3.26378  4.14441  3.40699  3.71040  3.58886  3.53243  1.05469  2.70942  3.01763  5.51671  4.28300     72 s - - -
          2.68618  4.42225  2.77519  2.73123  3.46354  2.40513  3.72494  3.29354  2.67741  2.69355  4.24690  2.90347  2.73739  3.18146  2.89801  2.37887  2.77519  2.98518  4.58477  3.61503
          0.02783  3.99151  4.71386  0.61958  0.77255  0.48576  0.95510
     51   2.91589  4.65216  3.53614  3.39324  4.37622  3.33299  4.45997  3.95340  3.46094  3.56689  4.62261  3.68739  0.63330  3.84610  3.69202  3.08737  3.36707  3.58502  5.52903  4.49889     73 P - - -
          2.68618  4.42225  2.77519  2.73123  3.46354  2.40513  3.72494  3.29354  2.67741  2.69355  4.24690  2.90347  2.73739  3.18146  2.89801  2.37887  2.77519  2.98518  4.58477  3.61503
          0.02783  3.99151  4.71386  0.61958  0.77255  0.48576  0.95510
     52   3.11076  4.49925  4.48471  3.95219  1.73566  4.20242  4.10922  2.44251  3.81462  1.36044  2.93246  4.10673  4.47849  3.95042  3.95553  3.52016  3.33339  2.48754  4.43392  2.79850     74 l - - -
          2.68618  4.42225  2.77519  2.73123  3.46354  2.40513  3.72494  3.29354  2.67741  2.69355  4.24690  2.90347  2.73739  3.18146  2.89801  2.37887  2.77519  2.98518  4.58477  3.61503
          0.02783  3.99151  4.71386  0.61958  0.77255  0.48576  0.95510
     53   3.29059  4.71828  4.38021  4.02185  3.18429  4.13248  4.64031  2.39618  3.78841  0.74143  3.17231  4.28573  4.54817  4.12820  3.94450  3.71906  3.57988  2.46418  5.10549  3.85588     75 l - - -
          2.68618  4.42225  2.77519  2.73123  3.46354  2.40513  3.72494  3.29354  2.67741  2.69355  4.24690  2.90347  2.73739  3.18146  2.89801  2.37887  2.77519  2.98518  4.58477  3.61503
          0.02783  3.99151  4.71386  0.61958  0.77255  0.48576  0.95510
     54   3.34672  4.72500  4.46949  4.11465  1.04807  4.20791  3.89388  2.69671  3.96786  1.95050  3.40915  4.13331  4.58044  4.09789  4.07961  3.64589  3.61629  2.71853  4.10885  2.45931     76 f - - -
          2.68618  4.42225  2.77519  2.73123  3.46354  2.40513  3.72494  3.29354  2.67741  2.69355  4.24690  2.90347  2.73739  3.18146  2.89801  2.37887  2.77519  2.98518  4.58477  3.61503
          0.02783  3.99151  4.71386  0.61958  0.77255  0.48576  0.95510
     55   2.60363  4.50420  3.20551  3.03000  4.36541  0.92198  4.19941  3.90846  3.08800  3.54651  4.45314  3.34720  3.86611  3.48720  3.02493  2.74829  3.05064  3.44326  5.57763  4.41256     77 g - - -
          2.68618  4.42225  2.77519  2.73123  3.46354  2.40513  3.72494  3.29354  2.67741  2.69355  4.24690  2.90347  2.73739  3.18146  2.89801  2.37887  2.77519  2.98518  4.58477  3.61503
          0.02783  3.99151  4.71386  0.61958  0.77255  0.48576  0.95510
     56   2.93521  5.05728  3.03408  2.64707  4.46300  3.49237  3.69413  3.90038  1.13652  3.42488  4.30595  2.88056  3.96859  2.85440  2.37250  2.94311  3.17264  3.56227  5.48335  4.23092     78 k - - -
          2.68618  4.42225  2.77519  2.73123  3.46354  2.40513  3.72494  3.29354  2.67741  2.69355  4.24690  2.90347  2.73739  3.18146  2.89801  2.37887  2.77519  2.98518  4.58477  3.61503
          0.02783  3.99151  4.71386  0.61958  0.77255  0.48576  0.95510
     57   3.51075  4.79901  4.52106  4.17917  1.02661  4.30521  3.52038  3.16033  4.03264  2.50061  3.77352  4.02872  4.62647  4.05701  4.10137  3.67521  3.73977  3.10189  3.68235  1.66823     79 f - - -
          2.68618  4.42225  2.77519  2.73123  3.46354  2.40513  3.72494  3.29354  2.67741  2.69355  4.24690  2.90347  2.73739  3.18146  2.89801  2.37887  2.77519  2.98518  4.58477  3.61503
          0.02783  3.99151  4.71386  0.61958  0.77255  0.48576  0.95510
     58   3.41281  4.78009  4.40190  4.14013  0.83536  4.07242  3.93460  2.92310  4.04446  2.26629  3.63642  4.15479  4.52921  4.17992  4.13473  3.67586  3.71445  2.92234  4.15052  2.50349     80 f - - -
          2.68618  4.42225  2.77519  2.73123  3.46354  2.40513  3.72494  3.29354  2.67741  2.69355  4.24690  2.90347  2.73739  3.18146  2.89801  2.37887  2.77519  2.98518  4.58477  3.61503
          0.02783  3.99151  4.71386  0.61958  0.77255  0.48576  0.95510
     59   3.12082  5.26324  0.76124  2.41591  4.65703  3.30384  4.04066  4.27301  3.14805  3.86067  4.84260  2.97779  3.96518  3.28088  3.67948  3.07061  3.46237  3.89994  5.80221  4.51187     81 d - - -
          2.68618  4.42225  2.77519  2.73123  3.46354  2.40513  3.72494  3.29354  2.67741  2.69355  4.24690  2.90347  2.73739  3.18146  2.89801  2.37887  2.77519  2.98518  4.58477  3.61503
          0.02783  3.99151  4.71386  0.61958  0.77255  0.48576  0.95510
     60   2.91589  4.65216  3.53614  3.39324  4.37622  3.33299  4.45997  3.95340  3.46094  3.56689  4.62261  3.68739  0.63330  3.84610  3.69202  3.08737  3.36707  3.58502  5.52903  4.49889     82 P - - -
          2.68618  4.42225  2.77519  2.73123  3.46354  2.40513  3.72494  3.29354  2.67741  2.69355  4.24690  2.90347  2.73739  3.18146  2.89801  2.37887  2.77519  2.98518  4.58477  3.61503
          0.02783  3.99151  4.71386  0.61958  0.77255  0.48576  0.95510
     61   1.69611  4.16903  3.40186  3.13373  4.27091  2.94514  4.21402  3.63016  3.18935  3.37226  4.22370  3.29462  3.69455  3.48994  3.49565  1.28307  2.71644  3.11522  5.63042  4.40380     83 s - - -
          2.68618  4.42225  2.77519  2.73123  3.46354  2.40513  3.72494  3.29354  2.67741  2.69355  4.24690  2.90347  2.73739  3.18146  2.89801  2.37887  2.77519  2.98518  4.58477  3.61503
          0.02783  3.99151  4.71386  0.61958  0.77255  0.48576  0.95510
     62   3.12082  5.26324  0.76124  2.41591  4.65703  3.30384  4.04066  4.27301  3.14805  3.86067  4.84260  2.97779  3.96518  3.28088  3.67948  3.07061  3.46237  3.89994  5.80221  4.51187     84 d - - -
          2.68618  4.42225  2.77519  2.73123  3.46354  2.40513  3.72494  3.29354  2.67741  2.69355  4.24690  2.90347  2.73739  3.18146  2.89801  2.37887  2.77519  2.98518  4.58477  3.61503
          0.02783  3.99151  4.71386  0.61958  0.77255  0.48576  0.95510
     63   1.09576  4.21418  3.40742  3.13048  4.18532  3.01405  4.20011  3.47477  3.16553  3.24071  4.14027  3.32226  2.85703  3.48393  3.46774  2.48095  2.76821  3.03725  5.56016  4.34669     85 a - - -
          2.68618  4.42225  2.77519  2.73123  3.46354  2.40513  3.72494  3.29354  2.67741  2.69355  4.24690  2.90347  2.73739  3.18146  2.89801  2.37887  2.77519  2.98518  4.58477  3.61503
          0.02783  3.99151  4.71386  0.61958  0.77255  0.48576  0.95510
     64   3.41281  4.78009  4.40190  4.14013  0.83536  4.07242  3.93460  2.92310  4.04446  2.26629  3.63642  4.15479  4.52921  4.17992  4.13473  3.67586  3.71445  2.92234  4.15052  2.50349     86 f - - -
          2.68618  4.42225  2.77519  2.73123  3.46354  2.40513  3.72494  3.29354  2.67741  2.69355  4.24690  2.90347  2.73739  3.18146  2.89801  2.37887  2.77519  2.98518  4.58477  3.61503
          0.02783  3.99151  4.71386  0.61958  0.77255  0.48576  0.95510
     65   2.91589  4.65216  3.53614  3.39324  4.37622  3.33299  4.45997  3.95340  3.46094  3.56689  4.62261  3.68739  0.63330  3.84610  3.69202  3.08737  3.36707  3.58502  5.52903  4.49889     87 P - - -
          2.68618  4.42225  2.77519  2.73123  3.46354  2.40513  3.72494  3.29354  2.67741  2.69355  4.24690  2.90347  2.73739  3.18146  2.89801  2.37887  2.77519  2.98518  4.58477  3.61503
          0.02783  3.99151  4.71386  0.61958  0.77255  0.48576  0.95510
     66   3.29059  4.71828  4.38021  4.02185  3.18429  4.13248  4.64031  2.39618  3.78841  0.74143  3.17231  4.28573  4.54817  4.12820  3.94450  3.71906  3.57988  2.46418  5.10549  3.85588     88 l - - -
          2.68618  4.42225  2.77519  2.73123  3.46354  2.40513  3.72494  3.29354  2.67741  2.69355  4.24690  2.90347  2.73739  3.18146  2.89801  2.37887  2.77519  2.98518  4.58477  3.61503
          0.02783  3.99151  4.71386  0.61958  0.77255  0.48576  0.95510
     67   3.53994  4.87115  4.27744  4.01379  2.79693  3.86706  4.05316  3.56979  3.73401  2.94361  4.19790  4.13908  4.39499  4.11548  3.84103  3.74245  3.84663  3.46340  0.67598  2.79301     89 W - - -
          2.68618  4.42225  2.77519  2.73123  3.46354  2.40513  3.72494  3.29354  2.67741  2.69355  4.24690  2.90347  2.73739  3.18146  2.89801  2.37887  2.77519  2.98518  4.58477  3.61503
          0.02783  3.99151  4.71386  0.61958  0.77255  0.48576  0.95510
     68   2.94750  5.31410  2.21087  1.06946  4.63396  3.26914  3.81144  4.11141  2.75924  3.68373  4.57092  2.79501  3.87880  2.99306  3.26703  2.87402  3.24017  3.73441  5.81737  4.40628     90 e - - -
          2.68618  4.42225  2.77519  2.73123  3.46354  2.40513  3.72494  3.29354  2.67741  2.69355  4.24690  2.90347  2.73739  3.18146  2.89801  2.37887  2.77519  2.98518  4.58477  3.61503
          0.02783  3.99151  4.71386  0.61958  0.77255  0.48576  0.95510
     69   3.41281  4.78009  4.40190  4.14013  0.83536  4.07242  3.93460  2.92310  4.04446  2.26629  3.63642  4.15479  4.52921  4.17992  4.13473  3.67586  3.71445  2.92234  4.15052  2.50349     91 f - - -
          2.68618  4.42225  2.77519  2.73123  3.46354  2.40513  3.72494  3.29354  2.67741  2.69355  4.24690  2.90347  2.73739  3.18146  2.89801  2.37887  2.77519  2.98518  4.58477  3.61503
          0.02783  3.99151  4.71386  0.61958  0.77255  0.48576  0.95510
     70   2.93927  5.47430  1.79012  1.25585  4.76481  3.23138  3.76675  4.27331  2.76693  3.78790  4.64334  2.70259  3.84668  2.93382  3.34598  2.83042  3.22629  3.85657  5.93897  4.45273     92 e - - -
          2.68618  4.42225  2.77519  2.73123  3.46354  2.40513  3.72494  3.29354  2.67741  2.69355  4.24690  2.90347  2.73739  3.18146  2.89801  2.37887  2.77519  2.98518  4.58477  3.61503
          0.02783  3.99151  4.71386  0.61958  0.77255  0.48576  0.95510
     71   1.78314  4.22958  3.31051  2.97042  4.23062  2.99341  4.08349  3.63253  3.02026  3.31209  4.13993  3.21810  2.85121  3.32567  3.37256  1.48889  2.71583  3.13455  5.56197  4.32351     93 s - - -
          2.68618  4.42225  2.77519  2.73123  3.46354  2.40513  3.72494  3.29354  2.67741  2.69355  4.24690  2.90347  2.73739  3.18146  2.89801  2.37887  2.77519  2.98518  4.58477  3.61503
          0.02783  3.99151  4.71386  0.61958  0.77255  0.48576  0.95510
     72   2.98899  5.51938  1.13554  1.86333  4.81024  3.21883  3.80411  4.32721  2.85620  3.85279  4.73325  2.69719  3.86051  2.98281  3.45799  2.87071  3.28886  3.91213  5.99933  4.50216     94 d - - -
          2.68618  4.42225  2.77519  2.73123  3.46354  2.40513  3.72494  3.29354  2.67741  2.69355  4.24690  2.90347  2.73739  3.18146  2.89801  2.37887  2.77519  2.98518  4.58477  3.61503
          0.02783  3.99151  4.71386  0.61958  0.77255  0.48576  0.95510
     73   2.85111  4.28229  4.31623  3.78161  3.47083  4.03522  4.49167  1.66313  3.66329  2.11871  3.36196  4.03454  4.40671  3.94755  3.89520  3.08801  3.11285  1.27855  5.19866  3.97977     95 v - - -
          2.68618  4.42225  2.77519  2.73123  3.46354  2.40513  3.72494  3.29354  2.67741  2.69355  4.24690  2.90347  2.73739  3.18146  2.89801  2.37887  2.77519  2.98518  4.58477  3.61503
          0.02783  3.99151  4.71386  0.61958  0.77255  0.48576  0.95510
     74   3.29059  4.71828  4.38021  4.02185  3.18429  4.13248  4.64031  2.39618  3.78841  0.74143  3.17231  4.28573  4.54817  4.12820  3.94450  3.71906  3.57988  2.46418  5.10549  3.85588     96 l - - -
          2.68618  4.42225  2.77519  2.73123  3.46354  2.40513  3.72494  3.29354  2.67741  2.69355  4.24690  2.90347  2.73739  3.18146  2.89801  2.37887  2.77519  2.98518  4.58477  3.61503
          0.02783  3.99151  4.71386  0.61958  0.77255  0.48576  0.95510
     75   3.26381  4.65415  4.61672  4.12295  3.09771  4.39738  4.72751  2.03579  3.89593  0.87571  2.97673  4.39757  4.67102  4.15588  4.06253  3.79207  3.51374  2.21579  5.13555  3.93310     97 l - - -
          2.68619  4.42226  2.77520  2.73124  3.46355  2.40513  3.72495  3.29355  2.67741  2.69356  4.24660  2.90347  2.73733  3.18147  2.89801  2.37887  2.77520  2.98519  4.58478  3.61504
          0.05850  3.03962  4.71386  0.63638  0.75333  0.48576  0.95510
     76   1.47602  4.19179  3.37261  3.04413  4.22582  2.97321  4.13081  3.61660  3.08850  3.31210  4.14438  3.25332  3.19709  3.38789  3.42370  1.64035  2.70611  3.11408  5.56942  4.34294    100 a - - -
          2.68618  4.42225  2.77519  2.73123  3.46354  2.40513  3.72494  3.29354  2.67741  2.69355  4.24690  2.90347  2.73739  3.18146  2.89801  2.37887  2.77519  2.98518  4.58477  3.61503
          0.02783  3.99151  4.71386  0.61958  0.77255  0.48576  0.95510
     77   2.26944  4.76389  2.78999  2.41070  4.17927  2.64343  3.11341  3.61698  2.51574  3.20890  4.02424  2.29236  3.78234  2.85186  2.97041  2.40983  2.85809  3.24696  5.42951  4.08632    101 a - - -
          2.68618  4.42225  2.77519  2.73123  3.46354  2.40513  3.72494  3.29354  2.67741  2.69355  4.24690  2.90347  2.73739  3.18146  2.89801  2.37887  2.77519  2.98518  4.58477  3.61503
          0.02783  3.99151  4.71386  0.61958  0.77255  0.48576  0.95510
     78   2.80320  4.51318  4.25610  3.80299  3.24201  4.01729  4.53385  2.22330  3.60299  1.01353  3.12678  4.06600  4.43058  3.92813  3.81078  3.41232  3.29120  2.15411  5.16476  3.95982    102 l - - -
          2.68618  4.42225  2.77519  2.73123  3.46354  2.40513  3.72494  3.29354  2.67741  2.69355  4.24690  2.90347  2.73739  3.18146  2.89801  2.37887  2.77519  2.98518  4.58477  3.61503
          0.02783  3.99151  4.71386  0.61958  0.77255  0.48576  0.95510
     79   3.01228  5.09942  3.39939  2.77204  4.44291  3.64550  3.23520  3.86654  1.83203  3.33746  4.20947  3.18062  4.02041  2.75968  1.27715  3.01970  3.18586  3.55866  5.38564  4.17964    103 r - - -
          2.68618  4.42225  2.77519  2.73123  3.46354  2.40513  3.72494  3.29354  2.67741  2.69355  4.24690  2.90347  2.73739  3.18146  2.89801  2.37887  2.77519  2.98518  4.58477  3.61503
          0.02783  3.99151  4.71386  0.61958  0.77255  0.48576  0.95510
     80   2.57645  4.64363  3.08270  2.58078  4.00919  3.35714  3.69743  3.19989  2.42471  3.04868  3.89052  2.86200  3.82356  2.87837  2.36492  1.82037  2.85158  3.09491  5.28095  3.98384    104 s - - -
          2.68618  4.42225  2.77519  2.73123  3.46354  2.40513  3.72494  3.29354  2.67741  2.69355  4.24690  2.90347  2.73739  3.18146  2.89801  2.37887  2.77519  2.98518  4.58477  3.61503
          0.02783  3.99151  4.71386  0.61958  0.77255  0.48576  0.95510
     81   2.35106  4.31227  3.22266  2.87755  4.07741  2.44510  3.99507  3.49967  2.90353  2.83544  4.04389  3.18810  3.74591  3.24188  3.25765  1.42474  2.76885  3.07686  5.43191  4.15677    105 s - - -
          2.68619  4.42226  2.77521  2.73124  3.46355  2.40512  3.72496  3.29355  2.67742  2.69356  4.24691  2.90326  2.73741  3.18148  2.89802  2.37888  2.77521  2.98520  4.58478  3.61504
          0.12742  2.20126  4.71386  0.37360  1.16556  0.48576  0.95510
     82   1.94559  4.31489  3.08102  2.81816  4.31195  1.67151  4.03993  3.74569  2.98029  3.39350  4.21198  2.76770  3.70685  3.26651  3.36263  2.14723  2.75816  3.23047  5.62005  4.35812    107 g - - -
          2.68618  4.42225  2.77519  2.73123  3.46354  2.40513  3.72494  3.29354  2.67741  2.69355  4.24690  2.90347  2.73739  3.18146  2.89801  2.37887  2.77519  2.98518  4.58477  3.61503
          0.02783  3.99151  4.71386  0.61958  0.77255  0.48576  0.95510
     83   2.78270  5.07532  3.04781  2.49097  4.43431  3.49048  3.42546  3.84180  1.87220  3.33196  4.14199  2.84889  3.87824  2.08155  2.09305  2.62886  2.98776  3.48221  5.44805  4.16047    108 k - - -
          2.68620  4.42227  2.77521  2.73125  3.46356  2.40515  3.72464  3.29356  2.67743  2.69357  4.24692  2.90349  2.73741  3.18148  2.89803  2.37875  2.77521  2.98520  4.58479  3.61505
          0.18112  1.85344  4.71386  0.31228  1.31594  0.48576  0.95510
     84   2.51617  3.65964  3.23998  2.69352  3.67167  3.39969  3.74129  3.05052  2.64351  2.73350  3.59966  2.91033  3.83654  2.98665  2.88241  2.30358  2.17391  2.77922  5.05565  3.54749    110 t - - -
          2.68618  4.42225  2.77519  2.73123  3.46354  2.40513  3.72494  3.29354  2.67741  2.69355  4.24690  2.90347  2.73739  3.18146  2.89801  2.37887  2.77519  2.98518  4.58477  3.61503
          0.02783  3.99151  4.71386  0.61958  0.77255  0.48576  0.95510
     85   2.47701  4.66250  2.98318  2.50803  4.04057  3.24882  3.68645  3.44691  2.39127  3.06441  3.89317  2.73639  3.79891  2.85840  2.70679  2.34081  2.06094  3.11034  5.31208  4.00613    111 t - - -
          2.68618  4.42225  2.77519  2.73123  3.46354  2.40513  3.72494  3.29354  2.67741  2.69355  4.24690  2.90347  2.73739  3.18146  2.89801  2.37887  2.77519  2.98518  4.58477  3.61503
          0.02783  3.99151  4.71386  0.61958  0.77255  0.48576  0.95510
     86   3.05109  4.40341  4.67758  4.19105  3.55715  4.33331  4.92888  1.55062  4.06860  2.08473  3.38175  4.41723  4.68364  4.35474  4.28109  3.72422  3.32755  1.03952  5.49810  4.27705    112 v - - -
          2.68618  4.42225  2.77519  2.73123  3.46354  2.40513  3.72494  3.29354  2.67741  2.69355  4.24690  2.90347  2.73739  3.18146  2.89801  2.37887  2.77519  2.98518  4.58477  3.61503
          0.02783  3.99151  4.71386  0.61958  0.77255  0.48576  0.95510
     87   3.12082  5.26324  0.76124  2.41591  4.65703  3.30384  4.04066  4.27301  3.14805  3.86067  4.84260  2.97779  3.96518  3.28088  3.67948  3.07061  3.46237  3.89994  5.80221  4.51187    113 d - - -
          2.68618  4.42225  2.77519  2.73123  3.46354  2.40513  3.72494  3.29354  2.67741  2.69355  4.24690  2.90347  2.73739  3.18146  2.89801  2.37887  2.77519  2.98518  4.58477  3.61503
          0.02783  3.99151  4.71386  0.61958  0.77255  0.48576  0.95510
     88   3.53994  4.87115  4.27744  4.01379  2.79693  3.86706  4.05316  3.56979  3.73401  2.94361  4.19790  4.13908  4.39499  4.11548  3.84103  3.74245  3.84663  3.46340  0.67598  2.79301    114 W - - -
          2.68618  4.42225  2.77519  2.73123  3.46354  2.40513  3.72494  3.29354  2.67741  2.69355  4.24690  2.90347  2.73739  3.18146  2.89801  2.37887  2.77519  2.98518  4.58477  3.61503
          0.02783  3.99151  4.71386  0.61958  0.77255  0.48576  0.95510
     89   2.23734  3.73640  3.68750  3.12009  2.48034  3.55637  3.70851  2.53046  3.04077  2.30477  3.26828  3.43570  3.95361  3.31394  3.32170  2.48814  2.77960  2.40157  4.73927  3.51042    115 a - - -
          2.68618  4.42225  2.77519  2.73123  3.46354  2.40513  3.72494  3.29354  2.67741  2.69355  4.24690  2.90347  2.73739  3.18146  2.89801  2.37887  2.77519  2.98518  4.58477  3.61503
          0.02783  3.99151  4.71386  0.61958  0.77255  0.48576  0.95510
     90   2.80919  5.13527  2.67491  2.02605  4.42932  3.39400  3.46357  3.88641  2.28761  3.39852  4.22568  2.88409  3.86309  1.73456  2.60149  2.77531  3.04013  3.52577  5.53673  4.19077    116 q - - -
          2.68618  4.42225  2.77519  2.73123  3.46354  2.40513  3.72494  3.29354  2.67741  2.69355  4.24690  2.90347  2.73739  3.18146  2.89801  2.37887  2.77519  2.98518  4.58477  3.61503
          0.02783  3.99151  4.71386  0.61958  0.77255  0.48576  0.95510
     91   2.39827  4.31267  3.26924  3.01124  4.08409  3.10081  4.10577  3.37115  2.99795  3.18549  4.10585  3.03095  3.79481  3.38587  3.29572  2.57006  1.20252  2.99022  5.47226  4.20197    117 t - - -
          2.68618  4.42225  2.77519  2.73123  3.46354  2.40513  3.72494  3.29354  2.67741  2.69355  4.24690  2.90347  2.73739  3.18146  2.89801  2.37887  2.77519  2.98518  4.58477  3.61503
          0.02783  3.99151  4.71386  0.61958  0.77255  0.48576  0.95510
     92   2.93908  5.41849  1.14284  2.03177  4.76996  2.89006  3.80304  4.28105  2.84649  3.81200  4.67924  2.70896  3.84951  2.98136  3.43942  2.84011  3.24587  3.85857  5.96639  4.48339    118 d - - -
          2.68618  4.42225  2.77519  2.73123  3.46354  2.40513  3.72494  3.29354  2.67741  2.69355  4.24690  2.90347  2.73739  3.18146  2.89801  2.37887  2.77519  2.98518  4.58477  3.61503
          0.02783  3.99151  4.71386  0.61958  0.77255  0.48576  0.95510
     93   2.58429  4.07661  2.73205  2.17999  4.16329  3.37018  3.58269  3.59864  2.31514  3.09666  3.95725  2.76482  3.77336  2.30086  2.82604  2.41814  2.73329  3.24243  5.37178  4.01195    119 e - - -
          2.68618  4.42225  2.77519  2.73123  3.46354  2.40513  3.72494  3.29354  2.67741  2.69355  4.24690  2.90347  2.73739  3.18146  2.89801  2.37887  2.77519  2.98518  4.58477  3.61503
          0.02783  3.99151  4.71386  0.61958  0.77255  0.48576  0.95510
     94   2.22779  5.20303  1.88018  1.82578  4.53272  2.90422  3.69005  4.00397  2.59602  3.53626  4.34706  2.75048  3.80391  2.83770  3.13359  2.70574  3.03341  3.59986  5.71908  4.28298    120 e - - -
          2.68618  4.42225  2.77519  2.73123  3.46354  2.40513  3.72494  3.29354  2.67741  2.69355  4.24690  2.90347  2.73739  3.18146  2.89801  2.37887  2.77519  2.98518  4.58477  3.61503
          0.02783  3.99151  4.71386  0.61958  0.77255  0.48576  0.95510
     95   3.12095  4.04566  4.18805  3.73407  2.10358  4.00463  3.61030  2.97707  3.59767  2.51710  3.66247  3.80915  4.38006  3.77353  3.77980  3.33996  3.37050  2.84148  3.89694  1.14449    121 y - - -
          2.68618  4.42225  2.77519  2.73123  3.46354  2.40513  3.72494  3.29354  2.67741  2.69355  4.24690  2.90347  2.73739  3.18146  2.89801  2.37887  2.77519  2.98518  4.58477  3.61503
          0.02783  3.99151  4.71386  0.61958  0.77255  0.48576  0.95510
     96   2.68978  3.84522  4.05100  3.48975  3.20071  3.78164  4.10597  2.25774  3.36594  2.19700  3.14145  3.73870  4.16293  3.62950  3.59099  3.08609  2.93884  1.46080  4.80531  2.86379    122 v - - -
          2.68618  4.42225  2.77519  2.73123  3.46354  2.40513  3.72494  3.29354  2.67741  2.69355  4.24690  2.90347  2.73739  3.18146  2.89801  2.37887  2.77519  2.98518  4.58477  3.61503
          0.02783  3.99151  4.71386  0.61958  0.77255  0.48576  0.95510
     97   3.29059  4.71828  4.38021  4.02185  3.18429  4.13248  4.64031  2.39618  3.78841  0.74143  3.17231  4.28573  4.54817  4.12820  3.94450  3.71906  3.57988  2.46418  5.10549  3.85588    123 l - - -
          2.68618  4.42225  2.77519  2.73123  3.46354  2.40513  3.72494  3.29354  2.67741  2.69355  4.24690  2.90347  2.73739  3.18146  2.89801  2.37887  2.77519  2.98518  4.58477  3.61503
          0.02783  3.99151  4.71386  0.61958  0.77255  0.48576  0.95510
     98   2.87690  5.06463  3.22930  2.62778  4.45702  3.56280  3.59604  3.82717  1.42889  3.31755  4.15686  3.08082  3.94298  2.59677  2.00857  2.87655  2.73804  3.49437  5.42381  4.19252    124 k - - -
          2.68618  4.42225  2.77519  2.73123  3.46354  2.40513  3.72494  3.29354  2.67741  2.69355  4.24690  2.90347  2.73739  3.18146  2.89801  2.37887  2.77519  2.98518  4.58477  3.61503
          0.02783  3.99151  4.71386  0.61958  0.77255  0.48576  0.95510
     99   1.09145  4.13357  3.50811  3.23112  4.21626  2.95273  4.25610  3.46517  3.24729  3.28270  4.15602  3.34687  3.70508  3.55153  3.52900  2.20280  2.52453  2.99742  5.60298  4.39753    125 a - - -
          2.68618  4.42225  2.77519  2.73123  3.46354  2.40513  3.72494  3.29354  2.67741  2.69355  4.24690  2.90347  2.73739  3.18146  2.89801  2.37887  2.77519  2.98518  4.58477  3.61503
          0.02783  3.99151  4.71386  0.61958  0.77255  0.48576  0.95510
    100   2.81306  5.31028  1.65465  1.70300  4.57226  3.26664  3.68596  4.07481  2.59511  3.58732  4.40291  2.72972  3.81463  2.74216  3.13601  2.73524  3.07517  3.67085  5.75129  3.82637    126 d - - -
          2.68618  4.42225  2.77519  2.73123  3.46354  2.40513  3.72494  3.29354  2.67741  2.69355  4.24690  2.90347  2.73739  3.18146  2.89801  2.37887  2.77519  2.98518  4.58477  3.61503
          0.02783  3.99151  4.71386  0.61958  0.77255  0.48576  0.95510
    101   3.16893  4.48932  4.79492  4.24019  3.24166  4.47868  4.85269  1.52000  4.12213  1.28167  2.87981  4.49104  4.70294  4.28606  4.27862  3.82463  3.40203  1.75326  5.25887  4.15331    127 l - - -
          2.68618  4.42225  2.77520  2.73123  3.46354  2.40513  3.72495  3.29354  2.67741  2.69355  4.24690  2.90347  2.73740  3.18146  2.89801  2.37884  2.77520  2.98518  4.58477  3.61503
          0.04755  3.28424  4.71386  0.54499  0.86714  0.48576  0.95510
    102   2.37441  4.39635  3.27201  2.96026  3.93336  3.20805  4.04296  3.22666  2.91188  2.71867  3.95423  3.27963  1.45515  3.31353  3.22481  2.65388  2.89088  2.92603  5.37389  4.08595    129 p - - -
          2.68618  4.42225  2.77519  2.73123  3.46354  2.40513  3.72494  3.29354  2.67741  2.69355  4.24690  2.90347  2.73739  3.18146  2.89801  2.37887  2.77519  2.98518  4.58477  3.61503
          0.02783  3.99151  4.71386  0.61958  0.77255  0.48576  0.95510
    103   2.49776  4.47956  2.96463  2.53929  4.11890  1.47364  3.94131  3.44773  2.82584  3.17882  4.06691  3.11025  3.80595  3.17418  3.19518  2.62200  2.88047  2.76003  5.46134  4.17627    130 g - - -
          2.68618  4.42225  2.77519  2.73123  3.46354  2.40513  3.72494  3.29354  2.67741  2.69355  4.24690  2.90347  2.73739  3.18146  2.89801  2.37887  2.77519  2.98518  4.58477  3.61503
          0.05850  3.99151  3.26096  0.61958  0.77255  0.48576  0.95510
    104   2.36433  4.53770  2.55137  2.54871  3.94707  2.65325  3.74006  3.30517  2.61750  2.98705  3.83111  3.01320  3.78228  2.93609  3.05504  2.53131  2.59051  2.37123  5.27656  3.97726    131 a - - -
          2.68618  4.42225  2.77519  2.73123  3.46354  2.40513  3.72494  3.29354  2.67741  2.69355  4.24690  2.90347  2.73739  3.18146  2.89801  2.37887  2.77519  2.98518  4.58477  3.61503
          0.02868  3.96169  4.68404  0.61958  0.77255  0.51554  0.90926
    105   2.62919  4.68581  3.06911  2.44086  3.91631  2.22984  3.64820  3.33953  2.36907  2.96134  3.81018  3.02599  3.84360  2.83312  2.35501  2.69889  2.86556  3.04464  4.34511  3.90141    132 g - - -
          2.68618  4.42225  2.77519  2.73123  3.46354  2.40513  3.72494  3.29354  2.67741  2.69355  4.24690  2.90347  2.73739  3.18146  2.89801  2.37887  2.77519  2.98518  4.58477  3.61503
          0.02868  3.96169  4.68404  0.61958  0.77255  0.51554  0.90926
    106   2.79288  4.96395  3.17776  2.58229  4.29688  3.52054  3.59106  3.32326  1.53108  3.21626  4.05376  2.82366  3.90240  2.73162  2.09667  2.80744  2.99610  3.35802  5.36054  4.10292    133 k - - -
          2.68618  4.42225  2.77519  2.73123  3.46354  2.40513  3.72494  3.29354  2.67741  2.69355  4.24690  2.90347  2.73739  3.18146  2.89801  2.37887  2.77519  2.98518  4.58477  3.61503
          0.02868  3.96169  4.68404  0.61958  0.77255  0.46758  0.98487
    107   2.36485  2.82942  3.26040  2.85972  3.98892  2.91890  3.94763  3.38959  2.85590  3.08397  3.93482  1.73260  3.75635  3.19494  3.21623  2.44232  2.75810  3.00111  5.34821  4.08410    134 n - - -
          2.68618  4.42225  2.77519  2.73123  3.46354  2.40513  3.72494  3.29354  2.67741  2.69355  4.24690  2.90347  2.73739  3.18146  2.89801  2.37887  2.77519  2.98518  4.58477  3.61503
          0.02783  3.99151  4.71386  0.61958  0.77255  0.48576  0.95510
    108   2.50577  4.86753  2.37493  2.34419  4.20538  3.31868  3.64060  3.41072  2.45855  3.21757  4.02252  2.23108  3.77987  2.78508  2.93721  2.50645  2.50298  3.26804  5.43463  4.07203    135 n - - -
          2.68618  4.42225  2.77519  2.73123  3.46354  2.40513  3.72494  3.29354  2.67741  2.69355  4.24690  2.90347  2.73739  3.18146  2.89801  2.37887  2.77519  2.98518  4.58477  3.61503
          0.02783  3.99151  4.71386  0.61958  0.77255  0.48576  0.95510
    109   3.07275  4.41261  4.68732  4.17581  3.51010  4.38278  4.89905  1.61250  4.05058  1.94935  3.33368  4.42042  4.69615  4.32631  4.26359  3.75504  3.33530  1.06066  5.45337  4.24179    136 v - - -
          2.68618  4.42225  2.77519  2.73123  3.46354  2.40513  3.72494  3.29354  2.67741  2.69355  4.24690  2.90347  2.73739  3.18146  2.89801  2.37887  2.77519  2.98518  4.58477  3.61503
          0.02783  3.99151  4.71386  0.61958  0.77255  0.48576  0.95510
    110   2.65820  4.28772  2.91770  2.07392  4.20489  3.40856  3.60405  3.62429  2.28480  3.18623  3.99993  2.93052  3.82029  1.99793  2.55746  2.66723  2.88822  3.28105  5.38068  4.05201    137 q - - -
          2.68618  4.42225  2.77519  2.73123  3.46354  2.40513  3.72494  3.29354  2.67741  2.69355  4.24690  2.90347  2.73739  3.18146  2.89801  2.37887  2.77519  2.98518  4.58477  3.61503
          0.02783  3.99151  4.71386  0.61958  0.77255  0.48576  0.95510
    111   3.04823  4.39888  4.63182  4.10587  3.19265  4.33570  4.77473  1.70053  4.00179  1.94969  3.27813  4.35000  4.64096  4.24276  4.21012  3.68987  3.30283  1.09302  5.31086  4.07996    138 v - - -
          2.68618  4.42225  2.77519  2.73123  3.46354  2.40513  3.72494  3.29354  2.67741  2.69355  4.24690  2.90347  2.73739  3.18146  2.89801  2.37887  2.77519  2.98518  4.58477  3.61503
          0.02783  3.99151  4.71386  0.61958  0.77255  0.48576  0.95510
    112   2.60807  3.83087  3.47439  2.92302  3.00954  3.55902  3.31628  2.84887  2.86153  2.53870  3.45010  3.30427  3.95047  3.16699  3.20324  2.27027  2.84735  2.62396  4.63861  2.32473    139 s - - -
          2.68618  4.42225  2.77519  2.73123  3.46354  2.40513  3.72494  3.29354  2.67741  2.69355  4.24690  2.90347  2.73739  3.18146  2.89801  2.37887  2.77519  2.98518  4.58477  3.61503
          0.02783  3.99151  4.71386  0.61958  0.77255  0.48576  0.95510
    113   2.09084  4.21298  3.66050  3.14700  3.55903  2.67901  4.03226  2.32710  3.08545  2.54265  3.50232  3.44848  3.95010  3.38611  3.39854  2.77631  2.82245  1.84459  5.06026  3.83792    140 v - - -
          2.68618  4.42225  2.77513  2.73123  3.46354  2.40513  3.72495  3.29354  2.67741  2.69355  4.24690  2.90347  2.73740  3.18147  2.89801  2.37887  2.77520  2.98519  4.58477  3.61503
          0.05692  3.07126  4.71386  0.51604  0.90853  0.48576  0.95510
    114   2.95055  5.51481  1.54629  1.40897  4.80120  3.22400  3.76833  4.31786  2.78439  3.82267  4.67820  2.68914  3.84557  2.93538  3.37775  2.83388  3.23916  3.89341  5.97347  4.47282    142 e - - -
          2.68619  4.42226  2.77520  2.73118  3.46355  2.40513  3.72495  3.29345  2.67742  2.69356  4.24690  2.90347  2.73740  3.18147  2.89801  2.37888  2.77520  2.98515  4.58478  3.61504
          0.09297  2.52807  4.71386  0.43045  1.05043  0.48576  0.95510
    115   2.31980  4.33365  2.61249  2.37430  4.16422  3.33232  3.63705  3.58739  2.30911  3.17729  3.98498  2.08435  3.78290  2.78356  2.90021  2.60838  2.84497  3.23164  5.39767  4.04680    144 n - - -
          2.68618  4.42225  2.77519  2.73123  3.46354  2.40513  3.72494  3.29354  2.67741  2.69355  4.24690  2.90347  2.73739  3.18146  2.89801  2.37887  2.77519  2.98518  4.58477  3.61503
          0.02783  3.99151  4.71386  0.61958  0.77255  0.48576  0.95510
    116   2.57044  4.36027  3.42287  2.90443  3.46007  1.89776  3.83344  2.91832  2.79264  2.57787  2.84939  3.28503  3.91377  3.15832  3.12584  2.76371  2.84896  2.69178  4.40765  3.62873    145 g - - -
          2.68618  4.42225  2.77519  2.73123  3.46354  2.40513  3.72494  3.29354  2.67741  2.69355  4.24690  2.90347  2.73739  3.18146  2.89801  2.37887  2.77519  2.98518  4.58477  3.61503
          0.02783  3.99151  4.71386  0.61958  0.77255  0.48576  0.95510
    117   3.03401  5.13560  3.38901  2.77939  4.57357  3.63680  3.62855  3.93708  1.15395  3.39594  4.27411  3.18762  4.02541  2.76920  1.90121  3.03462  3.21296  3.62060  5.44664  4.26842    146 k - - -
          2.68618  4.42225  2.77519  2.73123  3.46354  2.40513  3.72494  3.29354  2.67741  2.69355  4.24690  2.90347  2.73739  3.18146  2.89801  2.37887  2.77519  2.98518  4.58477  3.61503
          0.02783  3.99151  4.71386  0.61958  0.77255  0.48576  0.95510
    118   3.05427  4.40333  4.68658  4.19891  3.55745  4.34219  4.93520  1.53410  4.07762  2.08295  3.38024  4.42499  4.68904  4.36188  4.28928  3.73251  3.32968  1.04647  5.50033  4.28081    147 v - - -
          2.68618  4.42225  2.77519  2.73123  3.46354  2.40513  3.72494  3.29354  2.67741  2.69355  4.24690  2.90347  2.73739  3.18146  2.89801  2.37887  2.77519  2.98518  4.58477  3.61503
          0.02783  3.99151  4.71386  0.61958  0.77255  0.48576  0.95510
    119   3.04882  4.40993  4.60452  4.04460  3.26070  4.30630  4.67151  1.87096  3.92949  1.60786  2.33205  4.29737  4.57466  4.12584  4.10955  3.63569  3.28432  1.43885  5.17799  4.04490    148 v - - -
          2.68618  4.42225  2.77519  2.73123  3.46354  2.40513  3.72494  3.29354  2.67741  2.69355  4.24690  2.90347  2.73739  3.18146  2.89801  2.37887  2.77519  2.98518  4.58477  3.61503
          0.02783  3.99151  4.71386  0.61958  0.77255  0.48576  0.95510
    120   2.93866  5.46989  1.81009  1.24553  4.76089  3.23218  3.76712  4.26843  2.76594  3.78441  4.64024  2.70429  3.84707  2.93438  3.34339  2.83067  3.22565  3.85272  5.93548  4.45093    149 e - - -
          2.68618  4.42225  2.77519  2.73123  3.46354  2.40513  3.72494  3.29354  2.67741  2.69355  4.24690  2.90347  2.73739  3.18146  2.89801  2.37887  2.77519  2.98518  4.58477  3.61503
          0.02783  3.99151  4.71386  0.61958  0.77255  0.48576  0.95510
    121   3.09254  4.43552  4.72225  4.24109  3.49823  4.37747  4.95790  1.08733  4.10671  1.98906  3.31972  4.46567  4.71253  4.38311  4.30508  3.77479  3.36654  1.50966  5.47751  4.26885    150 i - - -
          2.68618  4.42225  2.77519  2.73123  3.46354  2.40513  3.72494  3.29354  2.67741  2.69355  4.24690  2.90347  2.73739  3.18146  2.89801  2.37887  2.77519  2.98518  4.58477  3.61503
          0.02783  3.99151  4.71386  0.61958  0.77255  0.48576  0.95510
    122   2.28560  3.61831  3.52261  3.10704  4.03187  3.04677  4.08570  3.43130  2.99699  3.14742  4.01278  3.30698  3.73484  3.36345  3.11072  1.21357  2.72815  3.00393  5.40770  4.16215    151 s - - -
          2.68618  4.42225  2.77519  2.73123  3.46354  2.40513  3.72494  3.29354  2.67741  2.69355  4.24690  2.90347  2.73739  3.18146  2.89801  2.37887  2.77519  2.98518  4.58477  3.61503
          0.02783  3.99151  4.71386  0.61958  0.77255  0.48576  0.95510
    123   2.81884  4.58126  3.51689  3.43203  4.56985  0.56696  4.54395  4.19947  3.62942  3.83836  4.81591  3.68134  3.97617  3.94426  3.85134  2.99436  3.30935  3.70483  5.63246  4.67616    152 G - - -
          2.68618  4.42225  2.77519  2.73123  3.46354  2.40513  3.72494  3.29354  2.67741  2.69355  4.24690  2.90347  2.73739  3.18146  2.89801  2.37887  2.77519  2.98518  4.58477  3.61503
          0.02783  3.99151  4.71386  0.61958  0.77255  0.48576  0.95510
    124   2.76135  4.78836  3.05247  2.54424  3.89541  3.49959  3.70926  3.29350  2.37669  2.31127  3.83397  3.08675  3.92805  1.81082  2.70122  2.82903  2.99474  3.06115  5.23632  3.92899    153 q - - -
          2.68618  4.42225  2.77519  2.73123  3.46354  2.40513  3.72494  3.29354  2.67741  2.69355  4.24690  2.90347  2.73739  3.18146  2.89801  2.37887  2.77519  2.98518  4.58477  3.61503
          0.02783  3.99151  4.71386  0.61958  0.77255  0.48576  0.95510
    125   3.25981  4.66571  4.33833  3.89228  2.11822  4.13465  3.66036  2.93745  3.67332  2.17297  3.56045  3.92939  4.47865  3.86907  3.82052  3.49026  3.49743  2.88492  1.43029  2.24021    154 w - - -
          2.68618  4.42225  2.77519  2.73123  3.46354  2.40513  3.72494  3.29354  2.67741  2.69355  4.24690  2.90347  2.73739  3.18146  2.89801  2.37887  2.77519  2.98518  4.58477  3.61503
          0.02783  3.99151  4.71386  0.61958  0.77255  0.48576  0.95510
    126   2.96300  5.14184  3.29457  2.68422  4.57336  3.60463  3.59662  3.93922  1.45721  3.39347  4.24100  2.84068  3.98245  2.72784  1.66960  2.95223  3.14306  3.60397  5.45399  4.24856    155 k - - -
          2.68603  4.42229  2.77523  2.73121  3.46358  2.40517  3.72498  3.29358  2.67745  2.69359  4.24694  2.90351  2.73735  3.18107  2.89805  2.37891  2.77523  2.98522  4.58481  3.61507
          0.27976  1.44788  4.71386  0.35964  1.19710  0.48576  0.95510
    127   2.42009  4.84383  2.90959  2.35865  4.10931  3.39432  3.45631  3.52938  2.30229  2.99163  3.92337  2.85987  3.53050  2.10584  2.78317  2.55527  2.84300  3.12277  5.33256  3.99749    159 q - - -
          2.68618  4.42225  2.77519  2.73123  3.46354  2.40513  3.72494  3.29354  2.67741  2.69355  4.24690  2.90347  2.73739  3.18146  2.89801  2.37887  2.77519  2.98518  4.58477  3.61503
          0.14105  3.99151  2.17963  0.61958  0.77255  0.48576  0.95510
    128   2.64652  4.92189  2.79128  2.35472  4.24009  2.79336  3.58550  3.66647  2.21207  3.21754  4.02756  2.69718  3.46866  2.24192  2.53244  2.64596  2.88286  3.31126  5.40239  4.06656    160 k - - -
          2.68618  4.42225  2.77519  2.73123  3.46354  2.40513  3.72494  3.29354  2.67741  2.69355  4.24690  2.90347  2.73739  3.18146  2.89801  2.37887  2.77519  2.98518  4.58477  3.61503
          0.03111  3.88157  4.60392  0.61958  0.77255  0.58750  0.81129
    129   2.58877  4.86050  2.69394  2.35145  4.15935  2.84913  3.57512  3.58667  2.12979  3.15359  3.95626  2.87403  3.48902  2.71239  2.41944  2.59765  2.82568  3.08981  5.35670  4.01231    161 k - - -
          2.68618  4.42225  2.77519  2.73123  3.46354  2.40513  3.72494  3.29354  2.67741  2.69355  4.24690  2.90347  2.73739  3.18146  2.89801  2.37887  2.77519  2.98518  4.58477  3.61503
          0.03111  3.88157  4.60392  0.61958  0.77255  0.46977  0.98122
    130   2.61493  5.14331  2.35481  1.75768  4.44258  3.29998  3.61850  3.91073  2.31386  3.42841  4.21889  2.77391  3.00504  2.58706  2.93503  2.65198  2.94599  3.51313  5.59776  4.18590    162 e - - -
          2.68618  4.42225  2.77519  2.73123  3.46354  2.40513  3.72494  3.29354  2.67741  2.69355  4.24690  2.90347  2.73739  3.18146  2.89801  2.37887  2.77519  2.98518  4.58477  3.61503
          0.02868  3.96169  4.68404  0.61958  0.77255  0.51554  0.90926
    131   2.03435  4.32491  3.16313  2.77196  4.17079  2.83509  3.93007  3.59159  2.82766  3.23457  4.05252  2.97375  2.67009  3.14045  3.22394  1.76240  2.57374  3.13209  5.47900  4.21246    163 s - - -
          2.68618  4.42225  2.77519  2.73123  3.46354  2.40513  3.72494  3.29354  2.67741  2.69355  4.24690  2.90347  2.73739  3.18146  2.89801  2.37887  2.77519  2.98518  4.58477  3.61503
          0.02868  3.96169  4.68404  0.61958  0.77255  0.51554  0.90926
    132   2.23926  4.74880  2.93033  2.49731  4.21350  3.11525  3.68357  3.61387  1.70814  3.20679  4.03260  2.97500  3.25743  2.84195  2.75326  2.64402  2.87986  3.24953  5.41336  4.10906    164 k - - -
          2.68618  4.42225  2.77519  2.73123  3.46354  2.40513  3.72494  3.29354  2.67741  2.69355  4.24690  2.90347  2.73739  3.18146  2.89801  2.37887  2.77519  2.98518  4.58477  3.61503
          0.22215  3.96169  1.71385  0.61958  0.77255  0.51554  0.90926
    133   2.42789  4.65170  2.09123  2.32960  4.20943  3.11533  3.71548  3.60465  2.62316  3.24899  4.08661  2.82617  3.70207  2.89681  3.09412  2.14511  2.51911  3.21221  5.48744  4.13504    165 d - - -
          2.68618  4.42225  2.77519  2.73123  3.46354  2.40513  3.72494  3.29354  2.67741  2.69355  4.24690  2.90347  2.73739  3.18146  2.89801  2.37887  2.77519  2.98518  4.58477  3.61503
          0.03470  3.77424  4.49659  0.61958  0.77255  0.38627  1.13815
    134   2.18419  4.52367  3.00695  2.59785  4.06602  2.56405  3.78906  3.46607  2.49596  3.10795  3.94141  2.79675  3.77419  2.98231  3.04706  2.57275  2.01797  3.09800  5.36764  4.07529    166 t - - -
          2.68618  4.42225  2.77519  2.73123  3.46354  2.40513  3.72494  3.29354  2.67741  2.69355  4.24690  2.90347  2.73739  3.18146  2.89801  2.37887  2.77519  2.98518  4.58477  3.61503
          0.02783  3.99151  4.71386  0.61958  0.77255  0.48576  0.95510
    135   2.73665  4.97442  3.08592  2.50592  4.30308  3.36258  3.31011  3.70824  1.70721  3.23598  4.05212  2.91522  3.86707  2.71904  2.07517  2.64048  2.94762  3.16582  5.38685  4.09866    167 k - - -
          2.68618  4.42225  2.77519  2.73123  3.46354  2.40513  3.72494  3.29354  2.67741  2.69355  4.24690  2.90347  2.73739  3.18146  2.89801  2.37887  2.77519  2.98518  4.58477  3.61503
          0.02783  3.99151  4.71386  0.61958  0.77255  0.48576  0.95510
    136   2.99388  5.50264  1.09586  1.92792  4.79883  3.22036  3.81441  4.31474  2.87069  3.84944  4.73637  2.70626  3.86490  2.99625  3.46972  2.87884  3.29670  3.90389  5.99182  4.50206    168 d - - -
          2.68618  4.42225  2.77519  2.73123  3.46354  2.40513  3.72494  3.29354  2.67741  2.69355  4.24690  2.90347  2.73739  3.18146  2.89801  2.37887  2.77519  2.98518  4.58477  3.61503
          0.02783  3.99151  4.71386  0.61958  0.77255  0.48576  0.95510
    137   3.53994  4.87115  4.27744  4.01379  2.79693  3.86706  4.05316  3.56979  3.73401  2.94361  4.19790  4.13908  4.39499  4.11548  3.84103  3.74245  3.84663  3.46340  0.67598  2.79301    169 W - - -
          2.68618  4.42225  2.77519  2.73123  3.46354  2.40513  3.72494  3.29354  2.67741  2.69355  4.24690  2.90347  2.73739  3.18146  2.89801  2.37887  2.77519  2.98518  4.58477  3.61503
          0.02783  3.99151  4.71386  0.61958  0.77255  0.48576  0.95510
    138   3.05127  5.06414  3.47866  2.87386  4.48329  3.63928  3.67271  3.87210  1.86140  3.35683  4.26347  3.25447  4.04949  2.82916  1.12736  3.07829  3.24514  3.57220  5.41330  4.24357    170 r - - -
          2.68618  4.42225  2.77519  2.73123  3.46354  2.40513  3.72494  3.29354  2.67741  2.69355  4.24690  2.90347  2.73739  3.18146  2.89801  2.37887  2.77519  2.98518  4.58477  3.61503
          0.02783  3.99151  4.71386  0.61958  0.77255  0.48576  0.95510
    139   2.05381  3.17632  3.51632  3.00923  3.77958  3.17885  3.96591  3.12349  2.93824  2.85057  3.72163  3.28651  3.77787  3.25865  3.03260  1.71154  2.72138  2.65002  5.18577  3.95861    171 s - - -
          2.68618  4.42225  2.77519  2.73123  3.46354  2.40513  3.72494  3.29354  2.67741  2.69355  4.24690  2.90347  2.73739  3.18146  2.89801  2.37887  2.77519  2.98518  4.58477  3.61503
          0.02783  3.99151  4.71386  0.61958  0.77255  0.48576  0.95510
    140   2.36912  4.27419  3.37089  3.16696  4.18903  1.08274  4.25511  3.55700  3.23658  3.32707  4.26238  3.36286  3.78060  3.56606  3.51933  2.54979  2.85101  2.78223  5.56343  4.32429    172 g - - -
          2.68618  4.42225  2.77519  2.73123  3.46354  2.40513  3.72494  3.29354  2.67741  2.69355  4.24690  2.90347  2.73739  3.18146  2.89801  2.37887  2.77519  2.98518  4.58477  3.61503
          0.02783  3.99151  4.71386  0.61958  0.77255  0.48576  0.95510
    141   2.71220  4.96918  3.01678  2.46447  4.26478  3.45984  2.75964  3.69171  2.09426  3.03323  4.03850  2.42715  3.84972  2.67248  2.16591  2.71395  2.92690  3.34737  5.38134  4.07143    173 k - - -
          2.68618  4.42225  2.77519  2.73123  3.46354  2.40513  3.72494  3.29354  2.67741  2.69355  4.24690  2.90347  2.73739  3.18146  2.89801  2.37887  2.77519  2.98518  4.58477  3.61503
          0.02783  3.99151  4.71386  0.61958  0.77255  0.48576  0.95510
    142   3.53994  4.87115  4.27744  4.01379  2.79693  3.86706  4.05316  3.56979  3.73401  2.94361  4.19790  4.13908  4.39499  4.11548  3.84103  3.74245  3.84663  3.46340  0.67598  2.79301    174 W - - -
          2.68618  4.42225  2.77519  2.73123  3.46354  2.40513  3.72494  3.29354  2.67741  2.69355  4.24690  2.90347  2.73739  3.18146  2.89801  2.37887  2.77519  2.98518  4.58477  3.61503
          0.02783  3.99151  4.71386  0.61958  0.77255  0.48576  0.95510
    143   3.53994  4.87115  4.27744  4.01379  2.79693  3.86706  4.05316  3.56979  3.73401  2.94361  4.19790  4.13908  4.39499  4.11548  3.84103  3.74245  3.84663  3.46340  0.67598  2.79301    175 W - - -
          2.68618  4.42225  2.77519  2.73123  3.46354  2.40513  3.72494  3.29354  2.67741  2.69355  4.24690  2.90347  2.73739  3.18146  2.89801  2.37887  2.77519  2.98518  4.58477  3.61503
          0.02783  3.99151  4.71386  0.61958  0.77255  0.48576  0.95510
    144   2.93660  5.23529  2.40924  1.11017  4.55749  3.31063  3.79285  3.99691  2.52454  3.57658  4.47674  2.85115  3.89608  2.97186  3.04714  2.88426  3.21868  3.64500  5.72840  4.35520    176 e - - -
          2.68618  4.42225  2.77519  2.73123  3.46354  2.40513  3.72494  3.29354  2.67741  2.69355  4.24690  2.90347  2.73739  3.18146  2.89801  2.37887  2.77519  2.98518  4.58477  3.61503
          0.02783  3.99151  4.71386  0.61958  0.77255  0.48576  0.95510
    145   2.73761  4.74585  3.03482  2.60825  3.34066  3.49174  1.93914  3.38965  2.53124  2.98090  3.87587  2.88404  3.67080  2.94848  2.90135  2.79893  2.97728  3.11155  4.81148  2.86153    177 h - - -
          2.68618  4.42225  2.77519  2.73123  3.46354  2.40513  3.72494  3.29354  2.67741  2.69355  4.24690  2.90347  2.73739  3.18146  2.89801  2.37887  2.77519  2.98518  4.58477  3.61503
          0.02783  3.99151  4.71386  0.61958  0.77255  0.48576  0.95510
    146   2.81884  4.58126  3.51689  3.43203  4.56985  0.56696  4.54395  4.19947  3.62942  3.83836  4.81591  3.68134  3.97617  3.94426  3.85134  2.99436  3.30935  3.70483  5.63246  4.67616    178 G - - -
          2.68618  4.42225  2.77519  2.73123  3.46354  2.40513  3.72494  3.29354  2.67741  2.69355  4.24690  2.90347  2.73739  3.18146  2.89801  2.37887  2.77519  2.98518  4.58477  3.61503
          0.02783  3.99151  4.71386  0.61958  0.77255  0.48576  0.95510
    147   3.08857  3.78826  4.29487  3.82601  1.78981  4.02749  3.61801  2.90403  3.69323  2.45462  3.57151  3.85348  4.38043  3.82225  3.83704  3.35083  3.32552  2.76641  3.88625  1.34925    179 y - - -
          2.68618  4.42225  2.77519  2.73123  3.46354  2.40513  3.72494  3.29354  2.67741  2.69355  4.24690  2.90347  2.73739  3.18146  2.89801  2.37887  2.77519  2.98518  4.58477  3.61503
          0.02783  3.99151  4.71386  0.61958  0.77255  0.48576  0.95510
    148   2.90264  4.41369  4.28891  3.95694  3.63924  3.84566  4.73876  2.05089  3.82652  2.30641  3.58751  4.12730  4.40042  4.17830  4.02736  3.35764  3.26186  0.88719  5.44338  4.18185    180 v - - -
          2.68618  4.42225  2.77519  2.73123  3.46354  2.40513  3.72494  3.29354  2.67741  2.69355  4.24690  2.90347  2.73739  3.18146  2.89801  2.37887  2.77519  2.98518  4.58477  3.61503
          0.02783  3.99151  4.71386  0.61958  0.77255  0.48576  0.95510
    149   3.14314  4.97162  3.64627  3.13405  4.35650  3.60675  3.91580  3.90746  2.29272  3.40182  4.39994  3.48416  4.10449  3.13113  0.81103  3.22220  3.40159  3.62653  5.39189  4.25912    181 r - - -
          2.68618  4.42225  2.77519  2.73123  3.46354  2.40513  3.72494  3.29354  2.67741  2.69355  4.24690  2.90347  2.73739  3.18146  2.89801  2.37887  2.77519  2.98518  4.58477  3.61503
          0.02783  3.99151  4.71386  0.61958  0.77255  0.48576  0.95510
    150   3.06589  5.12915  3.49198  2.83799  4.57273  3.66760  3.62956  3.92710  1.66258  3.38455  4.27031  3.22644  4.04717  2.77238  1.24299  3.07348  3.23719  3.61991  5.43145  4.27100    182 r - - -
          2.68618  4.42225  2.77519  2.73123  3.46354  2.40513  3.72494  3.29354  2.67741  2.69355  4.24690  2.90347  2.73739  3.18146  2.89801  2.37887  2.77519  2.98518  4.58477  3.61503
          0.02783  3.99151  4.71386  0.61958  0.77255  0.48576  0.95510
    151   3.16179  4.50782  4.71450  4.17140  3.24197  4.43081  4.81520  1.80864  4.03786  1.15201  3.05051  4.43487  4.67981  4.23498  4.21326  3.78235  3.40233  1.65856  5.25550  4.12414    183 l - - -
          2.68618  4.42225  2.77519  2.73123  3.46354  2.40513  3.72494  3.29354  2.67741  2.69355  4.24690  2.90347  2.73739  3.18146  2.89801  2.37887  2.77519  2.98518  4.58477  3.61503
          0.02783  3.99151  4.71386  0.61958  0.77255  0.48576  0.95510
    152   3.05843  5.19003  2.54315  0.86730  4.55176  3.35350  3.95226  4.02947  2.84804  3.62804  4.59813  3.00574  3.96413  3.16628  3.26825  3.02952  3.36400  3.70152  5.70094  4.42478    184 e - - -
          2.68618  4.42225  2.77519  2.73123  3.46354  2.40513  3.72494  3.29354  2.67741  2.69355  4.24690  2.90347  2.73739  3.18146  2.89801  2.37887  2.77519  2.98518  4.58477  3.61503
          0.02783  3.99151  4.71386  0.61958  0.77255  0.48576  0.95510
    153   3.27755  4.67031  4.63006  4.10367  3.06632  4.42028  4.71720  2.20283  3.87689  0.86429  2.58997  4.39418  4.66299  4.11774  4.04222  3.79225  3.51478  2.31472  5.12285  3.97267    185 l - - -
          2.68618  4.42225  2.77519  2.73123  3.46354  2.40513  3.72494  3.29354  2.67741  2.69355  4.24690  2.90347  2.73739  3.18146  2.89801  2.37887  2.77519  2.98518  4.58477  3.61503
          0.02783  3.99151  4.71386  0.61958  0.77255  0.48576  0.95510
    154   2.91589  4.65216  3.53614  3.39324  4.37622  3.33299  4.45997  3.95340  3.46094  3.56689  4.62261  3.68739  0.63330  3.84610  3.69202  3.08737  3.36707  3.58502  5.52903  4.49889    186 P - - -
          2.68618  4.42225  2.77519  2.73123  3.46354  2.40513  3.72494  3.29354  2.67741  2.69355  4.24690  2.90347  2.73739  3.18146  2.89801  2.37887  2.77519  2.98518  4.58477  3.61503
          0.02783  3.99151  4.71386  0.61958  0.77255  0.48576  0.95510
    155   2.64813  4.50333  2.73796  1.68017  4.25681  3.19452  3.63331  3.69055  2.40072  3.25637  4.06459  2.87472  3.79989  2.43251  2.84564  2.55635  2.89758  3.32851  5.45492  4.09688    187 e - - -
          2.68618  4.42225  2.77519  2.73123  3.46354  2.40513  3.72494  3.29354  2.67741  2.69355  4.24690  2.90347  2.73739  3.18146  2.89801  2.37887  2.77519  2.98518  4.58477  3.61503
          0.02783  3.99151  4.71386  0.61958  0.77255  0.48576  0.95510
    156   2.91800  5.42950  1.22896  2.11731  4.71005  3.22000  3.76452  4.25829  2.76856  3.76886  4.62401  2.44795  3.84111  2.70262  3.34246  2.81682  3.21189  3.83808  5.91584  4.41750    188 d - - -
          2.68618  4.42225  2.77519  2.73123  3.46354  2.40513  3.72494  3.29354  2.67741  2.69355  4.24690  2.90347  2.73739  3.18146  2.89801  2.37887  2.77519  2.98518  4.58477  3.61503
          0.02783  3.99151  4.71386  0.61958  0.77255  0.48576  0.95510
    157   1.12035  4.15361  3.64291  3.31479  4.06948  3.04700  4.28312  3.07548  3.26814  3.02647  3.99732  3.42854  3.77496  3.58946  3.54129  2.49732  2.52336  2.59681  5.53558  4.32646    189 a - - -
          2.68618  4.42225  2.77519  2.73123  3.46354  2.40513  3.72494  3.29354  2.67741  2.69355  4.24690  2.90347  2.73739  3.18146  2.89801  2.37887  2.77519  2.98518  4.58477  3.61503
          0.02783  3.99151  4.71386  0.61958  0.77255  0.48576  0.95510
    158   2.96571  5.53900  1.20096  1.85019  4.81979  3.21040  3.77784  4.34628  2.82055  3.85204  4.71500  2.57451  3.84683  2.95030  3.42672  2.84362  3.26129  3.91917  6.01038  4.49093    190 d - - -
          2.68618  4.42225  2.77519  2.73123  3.46354  2.40513  3.72494  3.29354  2.67741  2.69355  4.24690  2.90347  2.73739  3.18146  2.89801  2.37887  2.77519  2.98518  4.58477  3.61503
          0.02783  3.99151  4.71386  0.61958  0.77255  0.48576  0.95510
    159   2.36016  3.72572  3.70709  3.16528  3.29726  3.26867  3.90593  2.73644  3.03486  2.43061  3.38866  3.43630  3.92092  3.34693  3.30332  2.64105  2.78499  2.50431  2.14964  3.51560    191 w - - -
          2.68618  4.42225  2.77519  2.73123  3.46354  2.40513  3.72494  3.29354  2.67741  2.69355  4.24690  2.90347  2.73739  3.18146  2.89801  2.37887  2.77519  2.98518  4.58477  3.61503
          0.02783  3.99151  4.71386  0.61958  0.77255  0.48576  0.95510
    160   2.76681  5.03572  3.27480  2.67191  4.45764  3.56386  3.61076  3.82080  1.67316  3.31859  4.16528  3.10963  3.95508  2.74842  1.57430  2.73459  3.08560  3.48980  5.42184  4.20341    192 r - - -
          2.68618  4.42225  2.77519  2.73123  3.46354  2.40513  3.72494  3.29354  2.67741  2.69355  4.24690  2.90347  2.73739  3.18146  2.89801  2.37887  2.77519  2.98518  4.58477  3.61503
          0.02783  3.99151  4.71386  0.61958  0.77255  0.48576  0.95510
    161   2.69007  5.02057  2.83124  2.35134  4.34094  3.42548  3.57658  3.77065  1.82311  3.28786  4.08324  2.66403  3.82411  2.70002  2.14870  2.67611  2.90968  3.40287  5.43793  3.78213    193 k - - -
          2.68618  4.42225  2.77519  2.73123  3.46354  2.40513  3.72494  3.29354  2.67741  2.69355  4.24690  2.90347  2.73739  3.18146  2.89801  2.37887  2.77519  2.98518  4.58477  3.61503
          0.02783  3.99151  4.71386  0.61958  0.77255  0.48576  0.95510
    162   2.66975  4.18515  3.97342  3.41117  3.35328  3.76684  4.13420  1.78738  3.31470  2.26531  2.99878  3.69730  4.14912  3.58663  3.56953  2.84581  2.50235  1.80447  4.93339  3.72853    194 i - - -
          2.68618  4.42225  2.77519  2.73123  3.46354  2.40513  3.72494  3.29354  2.67741  2.69355  4.24690  2.90347  2.73739  3.18146  2.89801  2.37887  2.77519  2.98518  4.58477  3.61503
          0.02783  3.99151  4.71386  0.61958  0.77255  0.48576  0.95510
    163   2.92978  5.24583  2.38187  1.12182  4.52529  3.30025  3.78671  4.01239  2.63351  3.56069  4.47078  2.83370  3.89004  2.83656  3.06996  2.87375  3.21415  3.66094  5.72508  4.32966    195 e - - -
          2.68618  4.42225  2.77519  2.73123  3.46354  2.40513  3.72494  3.29354  2.67741  2.69355  4.24690  2.90347  2.73739  3.18146  2.89801  2.37887  2.77519  2.98518  4.58477  3.61503
          0.02783  3.99151  4.71386  0.61958  0.77255  0.48576  0.95510
    164   1.03961  4.15310  3.57084  3.28950  4.12542  2.88201  4.28197  3.26588  3.27600  3.15987  4.09405  3.39986  3.74855  3.59389  3.54489  2.47008  2.74861  2.72658  5.55685  4.33836    196 a - - -
          2.68618  4.42225  2.77519  2.73123  3.46354  2.40513  3.72494  3.29354  2.67741  2.69355  4.24690  2.90347  2.73739  3.18146  2.89801  2.37887  2.77519  2.98518  4.58477  3.61503
          0.02783  3.99151  4.71386  0.61958  0.77255  0.48576  0.95510
    165   2.57137  3.93222  3.49914  2.93270  2.83662  3.55662  3.54894  2.75128  2.86588  2.39331  3.36400  3.31433  3.93540  3.16847  2.90042  2.44311  2.80355  2.53214  4.73565  2.67132    197 l - - -
          2.68618  4.42225  2.77519  2.73123  3.46354  2.40513  3.72494  3.29354  2.67741  2.69355  4.24690  2.90347  2.73739  3.18146  2.89801  2.37887  2.77519  2.98518  4.58477  3.61503
          0.02783  3.99151  4.71386  0.61958  0.77255  0.48576  0.95510
    166   3.00571  4.36328  4.62413  4.05507  2.48393  4.24516  4.56690  1.89258  3.93962  1.55770  2.85002  4.26395  4.51518  4.09418  4.08112  3.56861  3.23604  1.55887  5.02661  3.87000    198 l - - -
          2.68618  4.42225  2.77519  2.73123  3.46354  2.40513  3.72494  3.29354  2.67741  2.69355  4.24690  2.90347  2.73739  3.18146  2.89801  2.37887  2.77519  2.98518  4.58477  3.61503
          0.02783  3.99151  4.71386  0.61958  0.77255  0.48576  0.95510
    167   2.60119  4.93742  2.46012  2.31941  4.21630  3.35861  3.35913  3.66068  2.19493  3.21576  4.00466  2.73106  3.77349  2.71456  2.84034  2.33057  2.53555  3.29491  5.41245  3.71339    199 k - - -
          2.68618  4.42225  2.77519  2.73123  3.46354  2.40513  3.72494  3.29354  2.67741  2.69355  4.24690  2.90347  2.73739  3.18146  2.89801  2.37887  2.77519  2.98518  4.58477  3.61503
          0.02783  3.99151  4.71386  0.61958  0.77255  0.48576  0.95510
    168   2.82818  5.24474  1.84668  2.17519  4.60617  3.22152  3.75938  4.11635  2.72522  3.66223  4.50497  1.57383  3.82592  2.92798  3.27119  2.76391  3.02677  3.70002  5.82132  4.35879    200 n - - -
          2.68618  4.42225  2.77519  2.73123  3.46354  2.40513  3.72494  3.29354  2.67741  2.69355  4.24690  2.90347  2.73739  3.18146  2.89801  2.37887  2.77519  2.98518  4.58477  3.61503
          0.02783  3.99151  4.71386  0.61958  0.77255  0.48576  0.95510
    169   2.62913  4.25199  1.86605  2.24737  4.30463  2.76855  3.65576  3.75304  2.49448  3.31573  4.11674  2.66296  3.78032  2.79912  2.98835  2.53727  2.89594  3.36966  5.51746  4.13619    201 d - - -
          2.68622  4.42229  2.77496  2.73108  3.46358  2.40516  3.72484  3.29358  2.67744  2.69359  4.24693  2.90350  2.73743  3.18150  2.89804  2.37890  2.77523  2.98522  4.58481  3.61487
          0.20942  1.71493  4.71386  0.52608  0.89383  0.48576  0.95510
    170   2.55560  4.23324  3.51399  2.94756  3.37349  2.90244  3.82391  2.44540  2.77555  2.08979  3.05798  3.32822  3.93363  3.18264  3.20253  2.66604  2.73205  2.43303  4.83701  3.61113    205 l - - -
          2.68618  4.42225  2.77519  2.73123  3.46354  2.40513  3.72494  3.29354  2.67741  2.69355  4.24690  2.90347  2.73739  3.18146  2.89801  2.37887  2.77519  2.98518  4.58477  3.61503
          0.02783  3.99151  4.71386  0.61958  0.77255  0.48576  0.95510
    171   2.51504  4.12991  3.85857  3.28872  2.44621  3.65954  3.90984  2.51480  3.19157  1.97136  3.20740  3.56098  4.03184  3.44111  3.43074  2.65044  2.83336  2.18478  4.63375  3.02969    206 l - - -
          2.68618  4.42225  2.77519  2.73123  3.46354  2.40513  3.72494  3.29354  2.67741  2.69355  4.24690  2.90347  2.73739  3.18146  2.89801  2.37887  2.77519  2.98518  4.58477  3.61503
          0.02783  3.99151  4.71386  0.61958  0.77255  0.48576  0.95510
    172   3.29059  4.71828  4.38021  4.02185  3.18429  4.13248  4.64031  2.39618  3.78841  0.74143  3.17231  4.28573  4.54817  4.12820  3.94450  3.71906  3.57988  2.46418  5.10549  3.85588    207 l - - -
          2.68618  4.42225  2.77519  2.73123  3.46354  2.40513  3.72494  3.29354  2.67741  2.69355  4.24690  2.90347  2.73739  3.18146  2.89801  2.37887  2.77519  2.98518  4.58477  3.61503
          0.02783  3.99151  4.71386  0.61958  0.77255  0.48576  0.95510
    173   3.05843  5.19003  2.54315  0.86730  4.55176  3.35350  3.95226  4.02947  2.84804  3.62804  4.59813  3.00574  3.96413  3.16628  3.26825  3.02952  3.36400  3.70152  5.70094  4.42478    208 e - - -
          2.68618  4.42225  2.77519  2.73123  3.46354  2.40513  3.72494  3.29354  2.67741  2.69355  4.24690  2.90347  2.73739  3.18146  2.89801  2.37887  2.77519  2.98518  4.58477  3.61503
          0.02783  3.99151  4.71386  0.61958  0.77255  0.48576  0.95510
    174   3.11081  4.43630  4.76184  4.26035  3.48485  4.43395  4.96668  1.11813  4.12932  1.93550  3.29864  4.49402  4.73751  4.39397  4.32669  3.81771  3.37427  1.48169  5.46949  4.27007    209 i - - -
          2.68618  4.42225  2.77519  2.73123  3.46354  2.40513  3.72494  3.29354  2.67741  2.69355  4.24690  2.90347  2.73739  3.18146  2.89801  2.37887  2.77519  2.98518  4.58477  3.61503
          0.02783  3.99151  4.71386  0.61958  0.77255  0.48576  0.95510
    175   3.05606  5.16369  3.47052  2.80190  4.61990  3.66719  3.61067  3.96656  1.32068  3.40736  4.28017  3.20112  4.03593  2.74602  1.57867  3.05166  3.22161  3.64948  5.44677  4.28232    210 k - - -
          2.68618  4.42225  2.77519  2.73123  3.46354  2.40513  3.72494  3.29354  2.67741  2.69355  4.24690  2.90347  2.73739  3.18146  2.89801  2.37887  2.77519  2.98518  4.58477  3.61503
          0.02783  3.99151  4.71386  0.61958  0.77255  0.48576  0.95510
    176   3.10343  4.42376  4.76740  4.24674  3.47077  4.44126  4.94225  1.16541  4.12545  1.95032  3.12690  4.48461  4.72753  4.37281  4.32057  3.81122  3.35917  1.44827  5.44437  4.26602    211 i - - -
          2.68618  4.42225  2.77519  2.73123  3.46354  2.40513  3.72494  3.29354  2.67741  2.69355  4.24690  2.90347  2.73739  3.18146  2.89801  2.37887  2.77519  2.98518  4.58477  3.61503
          0.02783  3.99151  4.71386  0.61958  0.77255  0.48576  0.95510
    177   2.71641  4.72805  2.95047  2.65271  3.87499  3.34318  2.70607  3.62546  2.63009  3.21090  4.11112  3.10482  1.57093  3.06784  2.97741  2.78995  3.02917  3.29193  5.22688  3.83922    212 p - - -
          2.68618  4.42225  2.77519  2.73123  3.46354  2.40513  3.72494  3.29354  2.67741  2.69355  4.24690  2.90347  2.73739  3.18146  2.89801  2.37887  2.77519  2.98518  4.58477  3.61503
          0.02783  3.99151  4.71386  0.61958  0.77255  0.48576  0.95510
    178   3.08356  5.04929  3.26729  2.86812  4.46297  3.55879  3.82948  3.90001  0.88634  3.43979  4.39607  3.28689  4.05175  3.01511  2.46018  3.11848  3.32861  3.60153  5.46967  4.30012    213 k - - -
          2.68618  4.42225  2.77519  2.73123  3.46354  2.40513  3.72494  3.29354  2.67741  2.69355  4.24690  2.90347  2.73739  3.18146  2.89801  2.37887  2.77519  2.98518  4.58477  3.61503
          0.02783  3.99151  4.71386  0.61958  0.77255  0.48576  0.95510
    179   2.54431  4.04345  3.34938  2.79169  3.51309  3.48364  3.76847  2.31915  2.62382  2.49373  3.46295  2.86668  3.88531  3.06202  3.10050  2.42604  2.57933  2.60954  4.93775  3.69273    214 i - - -
          2.68618  4.42225  2.77519  2.73123  3.46354  2.40513  3.72494  3.29354  2.67741  2.69355  4.24690  2.90347  2.73739  3.18146  2.89801  2.37887  2.77519  2.98518  4.58477  3.61503
          0.04579  3.99151  3.63877  0.61958  0.77255  0.48576  0.95510
    180   2.42374  4.89716  2.78293  2.26863  4.19327  3.15771  3.60564  3.62840  2.30197  3.19631  3.99624  2.39209  3.54421  2.63057  2.85754  2.49573  2.58073  3.27032  5.40500  4.04526    215 e - - -
          2.68620  4.42227  2.77521  2.73125  3.46356  2.40514  3.72496  3.29356  2.67742  2.69357  4.24691  2.90344  2.73716  3.18148  2.89802  2.37888  2.77521  2.98520  4.58479  3.61505
          0.31647  1.93512  2.06455  0.32964  1.27004  0.50342  0.92751
    181   2.55449  4.56173  2.92308  2.51096  3.64513  3.40638  3.63073  3.14803  2.41893  2.33781  3.65554  2.88683  3.80423  2.71278  2.74507  2.58914  2.68659  2.87235  5.09570  3.80591    217 l - - -
          2.68618  4.42225  2.77519  2.73123  3.46354  2.40513  3.72494  3.29354  2.67741  2.69355  4.24690  2.90347  2.73739  3.18146  2.89801  2.37887  2.77519  2.98518  4.58477  3.61503
          0.03216  3.84877  4.57112  0.61958  0.77255  0.56353  0.84211
    182   2.63622  4.95546  1.98477  2.16324  4.24893  2.85766  3.61775  3.42737  2.46233  3.26134  4.07214  2.66936  3.76288  2.76489  2.95664  2.62263  2.88989  3.20133  5.47225  4.08907    218 d - - -
          2.68618  4.42225  2.77519  2.73123  3.46354  2.40513  3.72494  3.29354  2.67741  2.69355  4.24690  2.90347  2.73739  3.18146  2.89801  2.37887  2.77519  2.98518  4.58477  3.61503
          0.03104  3.88386  4.60621  0.61958  0.77255  0.58559  0.81369
    183   2.49699  2.77275  2.89031  2.60435  3.74373  3.19168  3.70684  3.12943  2.58330  2.79906  3.65789  3.05497  3.79472  2.79925  2.82399  2.38813  2.76963  2.84170  5.10480  3.83018    219 s - - -
          2.68618  4.42225  2.77519  2.73123  3.46354  2.40513  3.72494  3.29354  2.67741  2.69355  4.24690  2.90347  2.73739  3.18146  2.89801  2.37887  2.77519  2.98518  4.58477  3.61503
          0.03104  3.88386  4.60621  0.61958  0.77255  0.48058  0.96345
    184   2.74735  5.06191  1.32798  2.21737  4.56980  2.77447  3.79190  4.02518  2.77984  3.61472  4.46460  2.76706  3.79980  2.96939  3.32109  2.71851  2.80584  3.60150  5.80219  4.37244    220 d - - -
          2.68618  4.42225  2.77519  2.73123  3.46354  2.40513  3.72494  3.29354  2.67741  2.69355  4.24690  2.90347  2.73739  3.18146  2.89801  2.37887  2.77519  2.98518  4.58477  3.61503
          0.02887  3.95502  4.67737  0.61958  0.77255  0.52196  0.89982
    185   2.24301  4.23231  3.48836  2.92626  3.39294  3.51743  3.66261  2.35395  2.85517  2.36683  3.36052  3.30733  3.91497  3.16638  3.12070  2.67781  2.51548  2.31953  4.85141  3.62314    221 a - - -
          2.68618  4.42225  2.77519  2.73123  3.46354  2.40513  3.72494  3.29354  2.67741  2.69355  4.24690  2.90347  2.73739  3.18146  2.89801  2.37887  2.77519  2.98518  4.58477  3.61503
          0.12035  3.95502  2.36199  0.61958  0.77255  0.52196  0.89982
    186   2.56673  4.96486  2.53510  2.19367  4.24747  3.30983  3.07596  3.69451  2.36942  3.24568  4.04384  2.46102  3.01408  2.71521  2.74263  2.60423  2.86076  3.32749  5.43927  4.06296    222 e - - -
          2.68592  4.42229  2.77523  2.73127  3.46358  2.40516  3.72476  3.29358  2.67745  2.69359  4.24693  2.90350  2.73739  3.18132  2.89804  2.37886  2.77523  2.98522  4.58481  3.61507
          0.26940  1.61008  3.31623  0.55021  0.85998  0.54950  0.86095
    187   2.49072  4.74488  2.87296  2.42131  4.03664  3.35198  3.44195  3.44511  2.29080  3.04922  3.88101  2.92483  2.69347  2.53642  2.77359  2.63802  2.58972  3.12361  5.28681  3.97260    225 k - - -
          2.68618  4.42225  2.77519  2.73123  3.46354  2.40513  3.72494  3.29354  2.67741  2.69355  4.24690  2.90347  2.73739  3.18146  2.89801  2.37887  2.77519  2.98518  4.58477  3.61503
          0.03131  3.87526  4.59761  0.61958  0.77255  0.53453  0.88175
    188   1.84756  4.19963  3.29190  2.90089  4.12722  2.30622  3.99913  3.53582  2.93558  3.20279  4.02641  3.16880  3.20359  3.23651  3.30252  2.09709  2.17948  3.06184  5.46086  4.22157    226 a - - -
          2.68618  4.42225  2.77519  2.73123  3.46354  2.40513  3.72494  3.29354  2.67741  2.69355  4.24690  2.90347  2.73739  3.18146  2.89801  2.37887  2.77519  2.98518  4.58477  3.61503
          0.11117  3.91473  2.46200  0.61958  0.77255  0.50656  0.92272
    189   2.54286  4.98711  2.45606  2.28550  4.32921  3.29601  3.61630  3.76554  1.77640  3.31635  4.13186  2.57876  3.78244  2.76174  2.79213  2.58915  2.93043  3.39517  5.49667  4.13470    227 k - - -
          2.68618  4.42225  2.77519  2.73123  3.46354  2.40513  3.72494  3.29354  2.67741  2.69355  4.24690  2.90347  2.73739  3.18146  2.89801  2.37887  2.77519  2.98518  4.58477  3.61503
          0.06610  3.87309  3.14254  0.61958  0.77255  0.59450  0.80260
    190   2.74009  5.19472  1.95706  1.78287  4.50223  2.89325  3.64152  3.97965  2.55920  3.50710  4.32481  2.48550  3.75597  2.79297  3.09938  2.67334  2.79866  3.57871  5.68963  4.24695    228 e - - -
          2.68618  4.42225  2.77519  2.73123  3.46354  2.40513  3.72494  3.29354  2.67741  2.69355  4.24690  2.90347  2.73739  3.18146  2.89801  2.37887  2.77519  2.98518  4.58477  3.61503
          0.03247  3.83946  4.56180  0.61958  0.77255  0.62125  0.77062
    191   2.42482  4.67228  2.95671  2.17157  3.91067  3.37626  3.59991  3.16914  2.29762  2.93141  3.61573  2.77874  3.77924  2.76928  2.82145  2.61052  2.64270  2.91871  5.19921  3.88681    229 e - - -
          2.68618  4.42225  2.77519  2.73123  3.46354  2.40513  3.72494  3.29354  2.67741  2.69355  4.24690  2.90347  2.73739  3.18146  2.89801  2.37887  2.77519  2.98518  4.58477  3.61503
          0.06659  3.83946  3.14854  0.61958  0.77255  0.62125  0.77062
    192   2.34975  4.24055  3.39442  2.84098  3.14305  3.29645  3.77776  2.66408  2.78478  2.40786  3.18114  3.23381  3.86104  3.09942  3.13727  2.31644  2.74936  2.44683  4.87442  3.62845    230 s - - -
          2.68646  4.42329  2.77510  2.73128  3.46292  2.40585  3.72479  3.29168  2.67746  2.69353  4.24597  2.90395  2.73818  3.18188  2.89764  2.37823  2.77531  2.98440  4.58580  3.61559
          0.32707  1.27665        *  3.11565  0.04536  0.00000        *
//
