0000000978
0000000975
0000000977
0000000979
0000000980
0000000954
0000000983
0000000982
0000000955
0000000973
0000000956
0000000984
0000000961
0000000968
0000000960
0000000990
0000000958
0000000957
0000000988
0000000974
0000000963
0000000964
0000000989
0000000970
0000000969
0000000972
PLCD6_ARATH
0000000991
0000000992
0000000993
0000000951
PLCD2_ARATH
0000001000
0000000987
PLCD4_ARATH
0000001001
0000000965
0000000976
0000001007
0000000999
0000001002
0000000953
PLCD7_ARATH
0000000998
0000001003
0000000997
0000001004
0000000994
0000001011
0000000971
0000000996
0000001009
0000001010
0000001005
PLCD5_ARATH
0000001006
0000000952
0000001016
0000000966
0000000967
0000001015
0000000985
0000001017
0000000981
0000001014
0000000986
0000000949
PLCD1_ARATH
0000000995
0000000950
PLCD3_ARATH
0000001018
0000000959
0000001023
0000001022
0000001021
0000001012
0000000962
0000001008
0000001013
PLCD8_ARATH
0000001019
PLCD9_ARATH
