0000000376
0000000377
PLCL2_HUMAN
0000000378
0000000379
0000000394
0000000381
0000000371
PLCL2_MOUSE
0000000384
0000000390
0000000392
0000000389
0000000398
0000000385
0000000401
0000000399
0000000375
0000000373
0000000374
0000000380
0000000382
0000000395
0000000372
0000000402
0000000396
0000000397
0000000340
0000000339
PLCL1_HUMAN
0000000341
0000000342
0000000343
0000000354
0000000351
0000000347
0000000345
0000000357
0000000349
0000000346
0000000360
0000000361
PLCL1_RAT
0000000359
PLCL1_MOUSE
0000000356
0000000352
0000000407
0000000404
0000000383
0000000364
0000000365
0000000358
0000000366
0000000338
0000000393
0000000348
0000000344
0000000406
0000000409
0000000363
0000000405
0000000421
0000000422
0000000355
0000000353
0000000369
0000000420
0000000423
0000000362
0000000418
0000000386
0000000391
0000000388
0000000426
0000000419
0000000400
0000000387
0000000408
0000000403
0000000368
0000000410
0000000350
0000000412
0000000414
0000000424
0000000415
0000000413
0000000417
0000000425
0000000411
0000000367
0000000370
0000000428
0000000429
0000000427
0000000430
0000000416
0000000436
0000000432
0000000433
0000000431
0000000435
0000000434
0000000439
